1.000000 0.000000 0.000000 0.000000 0.000000 1.000000 0.000000 0.000000 0.000000 0.000000 1.000000 0.000000
0.999024 -0.000630 -0.044175 0.207491 0.000684 0.999999 0.001207 0.006574 0.044175 -0.001236 0.999023 -0.709206
0.999993 -0.000810 -0.003657 0.105517 0.000806 0.999999 -0.000994 0.007210 0.003657 0.000991 0.999993 -0.035647
0.999149 -0.007336 0.040594 0.057341 0.007576 0.999955 -0.005770 0.005975 -0.040550 0.006073 0.999159 0.970760
0.996384 -0.010092 0.084365 0.121043 0.011032 0.999882 -0.010685 0.014090 -0.084247 0.011577 0.996378 1.493028
0.991616 -0.011442 0.128710 0.099723 0.013042 0.999848 -0.011595 0.010927 -0.128557 0.013177 0.991614 2.105956
0.984631 -0.015702 0.173942 0.068957 0.017761 0.999789 -0.010290 0.012419 -0.173744 0.013221 0.984702 2.482296
0.975379 -0.018748 0.219736 0.035757 0.021542 0.999715 -0.010327 0.006898 -0.219479 0.014807 0.975505 3.306189
0.963930 -0.023406 0.265124 -0.000572 0.027721 0.999537 -0.012546 0.001736 -0.264708 0.019443 0.964133 3.958950
0.951206 -0.024711 0.307566 0.262586 0.029934 0.999476 -0.012276 -0.015233 -0.307101 0.020884 0.951448 6.203204
0.936694 -0.027570 0.349062 0.530782 0.034013 0.999345 -0.012341 -0.032121 -0.348494 0.023432 0.937018 8.287287
0.920235 -0.026768 0.390450 0.786533 0.033331 0.999394 -0.010040 -0.044584 -0.389944 0.022253 0.920570 10.033119
0.901305 -0.028002 0.432279 1.053294 0.035265 0.999339 -0.008792 -0.060312 -0.431747 0.023169 0.901697 11.767930
0.880349 -0.030585 0.473339 1.320195 0.038186 0.999250 -0.006453 -0.073945 -0.472786 0.023756 0.880857 13.374920
0.861510 -0.031552 0.506758 1.868258 0.042064 0.999072 -0.009306 -0.062487 -0.505994 0.029334 0.862038 14.792394
0.837493 -0.035399 0.545300 2.124194 0.046274 0.998909 -0.006223 -0.076235 -0.544485 0.030445 0.838218 16.239376
0.811563 -0.036190 0.583143 2.343440 0.047919 0.998840 -0.004700 -0.087466 -0.582297 0.031758 0.812356 17.317194
0.798414 -0.035580 0.601057 3.409649 0.046738 0.998903 -0.002954 -0.071626 -0.600293 0.030451 0.799200 18.782556
0.769020 -0.035786 0.638222 3.517271 0.048417 0.998825 -0.002335 -0.067131 -0.637388 0.032696 0.769849 19.236241
0.739932 -0.035279 0.671755 4.070786 0.049909 0.998751 -0.002522 -0.078214 -0.670827 0.035393 0.740769 21.114500
0.706727 -0.035919 0.706574 4.551239 0.055508 0.998447 -0.004763 -0.077265 -0.705306 0.042587 0.707623 22.825648
0.678701 -0.036919 0.733486 5.039452 0.060180 0.998173 -0.005443 -0.069962 -0.731945 0.047835 0.679683 23.489352
0.648643 -0.036337 0.760225 5.515760 0.063963 0.997929 -0.006876 -0.058746 -0.758400 0.053086 0.649624 24.239593
0.614728 -0.036794 0.787881 5.958506 0.068121 0.997656 -0.006560 -0.074512 -0.785792 0.057704 0.615793 25.263574
0.579942 -0.036485 0.813840 6.323783 0.072031 0.997380 -0.006617 -0.069109 -0.811467 0.062459 0.581051 25.938833
0.547416 -0.042133 0.835799 6.618893 0.079726 0.996815 -0.001968 -0.076754 -0.833054 0.067712 0.549032 26.466833
0.515055 -0.046549 0.855892 6.869389 0.085826 0.996307 0.002538 -0.076955 -0.852849 0.072150 0.517149 26.846500
0.484246 -0.044787 0.873785 7.045148 0.086864 0.996216 0.002923 -0.076834 -0.870609 0.074485 0.486304 27.164500
0.453719 -0.044682 0.890024 7.181536 0.086609 0.996225 0.005862 -0.066189 -0.886926 0.074425 0.455877 27.398111
0.438111 -0.045945 0.897746 8.309984 0.087679 0.996115 0.008191 0.004131 -0.894635 0.075125 0.440437 27.036630
0.435503 -0.046797 0.898970 8.723047 0.086693 0.996186 0.009860 0.092908 -0.896003 0.073640 0.437899 24.881444
0.433916 -0.043259 0.899914 9.184860 0.082967 0.996521 0.007899 0.191903 -0.897125 0.071236 0.435995 22.255093
0.431190 -0.040886 0.901335 9.621882 0.079244 0.996829 0.007308 0.284772 -0.898775 0.068274 0.433062 20.011611
0.418720 -0.041285 0.907177 10.300203 0.078624 0.996863 0.009077 0.340491 -0.904706 0.067525 0.420652 19.213704
0.399100 -0.041394 0.915972 11.086054 0.077473 0.996930 0.011297 0.381057 -0.913628 0.066455 0.401082 19.124259
0.377335 -0.042077 0.925120 11.830730 0.076485 0.996970 0.014148 0.414606 -0.922913 0.065419 0.379411 19.228556
0.355372 -0.042144 0.933774 12.487592 0.076818 0.996921 0.015759 0.439049 -0.931563 0.066131 0.357515 19.375870
0.333246 -0.042496 0.941882 13.049278 0.079456 0.996696 0.016857 0.465848 -0.939486 0.069221 0.335522 19.677778
0.311877 -0.043029 0.949148 13.524019 0.081276 0.996521 0.018471 0.485867 -0.946640 0.071382 0.314289 19.914056
0.291718 -0.043507 0.955514 13.859386 0.086225 0.996094 0.019031 0.496114 -0.952610 0.076837 0.294330 20.234185
0.274002 -0.045991 0.960629 14.097451 0.092016 0.995527 0.021416 0.504139 -0.957317 0.082525 0.277008 20.353796
0.260003 -0.048164 0.964406 14.270342 0.097173 0.994990 0.023493 0.517557 -0.960706 0.087606 0.263381 20.253796
0.247428 -0.050210 0.967604 14.382160 0.099365 0.994706 0.026207 0.522452 -0.963798 0.089661 0.251107 20.264259
0.234072 -0.051441 0.970857 14.478674 0.101144 0.994469 0.028306 0.526024 -0.966944 0.091571 0.237980 20.436833
0.222275 -0.053388 0.973521 14.563082 0.102520 0.994244 0.031117 0.530131 -0.969579 0.092889 0.226469 20.474333
0.211459 -0.054406 0.975872 14.670812 0.104711 0.993964 0.032725 0.534918 -0.971762 0.095264 0.215879 20.542278
0.200382 -0.051321 0.978373 14.788602 0.104027 0.994096 0.030840 0.541422 -0.974179 0.095597 0.204538 20.729259
0.191648 -0.048756 0.980252 14.877599 0.102120 0.994335 0.029491 0.543548 -0.976137 0.094451 0.195541 20.819111
0.182544 -0.046481 0.982098 14.973827 0.101296 0.994456 0.028238 0.550871 -0.977966 0.094327 0.186241 20.887741
0.175801 -0.045614 0.983368 15.019506 0.101613 0.994431 0.027961 0.554736 -0.979167 0.095008 0.179457 20.919537
0.171690 -0.045683 0.984091 15.062717 0.102612 0.994320 0.028255 0.557871 -0.979792 0.096128 0.175402 20.851259
0.166412 -0.044397 0.985056 15.075067 0.103666 0.994237 0.027297 0.563187 -0.980592 0.097575 0.170055 20.939370
0.162194 -0.043304 0.985808 15.088642 0.104887 0.994133 0.026413 0.563226 -0.981169 0.099115 0.165785 21.000630
0.159568 -0.042551 0.986270 15.098551 0.104661 0.994169 0.025958 0.566923 -0.981623 0.099082 0.163091 20.965944
0.157433 -0.044695 0.986518 15.089431 0.107664 0.993797 0.027844 0.565261 -0.981643 0.101829 0.161269 21.009370
0.154796 -0.046457 0.986854 15.084814 0.113074 0.993163 0.029018 0.566423 -0.981454 0.107096 0.158991 21.149778
0.153896 -0.048384 0.986902 15.082000 0.110186 0.993411 0.031521 0.565172 -0.981924 0.103892 0.158214 21.121111
0.153131 -0.049309 0.986975 15.082205 0.110179 0.993379 0.032535 0.565395 -0.982044 0.103762 0.157550 21.098259
0.153626 -0.050335 0.986846 15.091056 0.110808 0.993280 0.033413 0.569529 -0.981896 0.104218 0.158171 21.076278
0.153746 -0.050134 0.986838 15.105193 0.112364 0.993121 0.032947 0.569118 -0.981701 0.105819 0.158321 21.102556
0.151466 -0.048862 0.987254 15.107850 0.113690 0.993010 0.031705 0.570998 -0.981903 0.107439 0.155962 21.362556
0.153143 -0.049099 0.986984 15.126853 0.113684 0.993009 0.031759 0.563421 -0.981643 0.107341 0.157654 21.413981
0.155239 -0.050073 0.986607 15.150753 0.109037 0.993481 0.033265 0.563181 -0.981841 0.102412 0.159687 21.444037
0.152966 -0.050305 0.986950 15.142885 0.111599 0.993194 0.033326 0.551406 -0.981910 0.105045 0.157538 21.853056
0.154272 -0.050178 0.986753 15.157681 0.110229 0.993349 0.033280 0.550112 -0.981860 0.103635 0.158777 21.966130
0.156684 -0.050529 0.986356 15.179535 0.109376 0.993435 0.033517 0.548656 -0.981574 0.102632 0.161182 22.048426
0.153432 -0.049875 0.986900 15.184930 0.111362 0.993236 0.032882 0.533604 -0.981864 0.104858 0.157948 22.537519
0.153087 -0.050903 0.986901 15.212399 0.109910 0.993353 0.034187 0.524200 -0.982082 0.103237 0.157664 22.690204
0.155503 -0.053445 0.986389 15.234512 0.111074 0.993149 0.036301 0.529235 -0.981571 0.103917 0.160374 22.681315
0.155013 -0.056166 0.986314 15.231996 0.112634 0.992877 0.038837 0.524546 -0.981471 0.105073 0.160236 22.861352
0.153859 -0.055716 0.986521 15.232282 0.113257 0.992823 0.038408 0.514392 -0.981581 0.105821 0.159065 23.138315
0.154661 -0.055942 0.986383 15.241835 0.116383 0.992476 0.038039 0.507311 -0.981089 0.108915 0.160008 23.275019
0.155800 -0.057289 0.986126 15.256280 0.113009 0.992796 0.039822 0.505589 -0.981303 0.105236 0.161152 23.253704
0.156818 -0.058520 0.985892 15.262841 0.115062 0.992528 0.040612 0.501763 -0.980902 0.107071 0.162380 23.307963
0.156345 -0.060543 0.985845 15.252100 0.113451 0.992614 0.042967 0.489776 -0.981165 0.105127 0.162059 23.474796
0.156409 -0.060511 0.985837 15.276940 0.114139 0.992542 0.042813 0.492332 -0.981075 0.105826 0.162149 23.597722
0.155039 -0.062683 0.985918 15.279802 0.114855 0.992361 0.045031 0.480190 -0.981209 0.106256 0.161054 23.871981
0.154944 -0.064100 0.985842 15.334877 0.118862 0.991853 0.045809 0.465196 -0.980747 0.110082 0.161301 24.030352
0.153611 -0.063380 0.986097 15.398051 0.116298 0.992165 0.045653 0.468394 -0.981264 0.107668 0.159778 24.217241
0.150978 -0.063018 0.986526 15.491574 0.114995 0.992310 0.045788 0.465321 -0.981826 0.106533 0.157064 24.458278
0.151361 -0.063210 0.986455 16.192586 0.113013 0.992516 0.046257 0.494662 -0.981997 0.104481 0.157372 24.753519
0.146296 -0.063171 0.987222 16.778205 0.109637 0.992846 0.047284 0.516751 -0.983147 0.101319 0.152175 25.381056
0.146494 -0.064016 0.987138 17.436200 0.112301 0.992529 0.047700 0.543690 -0.982816 0.103869 0.152588 25.692611
0.145779 -0.065221 0.987165 17.440310 0.102815 0.993420 0.050451 0.547945 -0.983960 0.094140 0.151525 25.749056
0.145182 -0.064371 0.987309 17.459210 0.103252 0.993418 0.049586 0.551804 -0.984003 0.094743 0.150873 25.781630
0.139657 -0.063656 0.988152 17.461699 0.099323 0.993799 0.049983 0.547883 -0.985206 0.091165 0.145113 25.955130
0.141360 -0.066257 0.987738 17.503997 0.103273 0.993301 0.051850 0.548298 -0.984557 0.094677 0.147255 25.791204
0.134659 -0.065180 0.988746 17.567534 0.100263 0.993609 0.051846 0.556931 -0.985807 0.092153 0.140333 25.918685
0.129359 -0.066710 0.989351 17.685486 0.099077 0.993611 0.054043 0.559492 -0.986636 0.091031 0.135142 26.013519
0.129546 -0.067353 0.989283 17.745745 0.093130 0.994107 0.055486 0.572146 -0.987190 0.084944 0.135055 25.728778
0.124835 -0.065880 0.989988 17.794015 0.091638 0.994294 0.054612 0.579409 -0.987937 0.083903 0.130159 25.679370
0.120489 -0.064057 0.990646 17.867731 0.090550 0.994465 0.053291 0.587079 -0.988576 0.083282 0.125622 25.591204
0.123861 -0.065139 0.990159 17.909624 0.091215 0.994366 0.054005 0.599669 -0.988098 0.083628 0.129104 25.136500
0.105802 -0.062997 0.992390 18.019908 0.084753 0.994931 0.054123 0.608459 -0.990769 0.078382 0.110605 25.505870
0.096534 -0.063115 0.993327 18.149810 0.079398 0.995295 0.055524 0.620284 -0.992158 0.073509 0.101091 25.550833
0.099939 -0.063843 0.992943 18.196348 0.083577 0.994951 0.055560 0.627955 -0.991477 0.077435 0.104770 25.365000
0.090633 -0.064523 0.993792 18.904104 0.081779 0.995011 0.057144 0.657380 -0.992521 0.076092 0.095457 25.779833
0.085133 -0.063840 0.994322 19.646491 0.085890 0.994701 0.056510 0.690967 -0.992661 0.080591 0.090165 26.095889
0.077738 -0.061399 0.995081 20.375383 0.085881 0.994804 0.054672 0.731283 -0.993268 0.081209 0.082607 26.375593
0.072260 -0.062555 0.995422 21.191474 0.083755 0.994887 0.056441 0.761336 -0.993863 0.079294 0.077130 26.619370
0.065800 -0.062908 0.995848 21.855928 0.084982 0.994738 0.057223 0.786067 -0.994207 0.080864 0.070800 27.000685
0.059791 -0.061643 0.996306 22.540918 0.083434 0.994907 0.056550 0.827774 -0.994718 0.079744 0.064629 27.191519
0.052781 -0.063164 0.996606 23.327908 0.082036 0.994899 0.058711 0.854670 -0.995231 0.078659 0.057693 27.547426
0.047624 -0.063566 0.996841 24.129695 0.084245 0.994673 0.059402 0.884539 -0.995306 0.081150 0.052726 27.859667
0.041439 -0.063742 0.997106 24.748724 0.080836 0.994905 0.060242 0.916742 -0.995866 0.078105 0.046380 28.136722
0.036646 -0.063939 0.997281 25.561159 0.080718 0.994880 0.060819 0.957483 -0.996063 0.078270 0.041619 28.210148
0.036214 -0.063938 0.997297 26.757151 0.075771 0.995254 0.061055 1.035885 -0.996467 0.073355 0.040887 28.041426
0.028134 -0.063029 0.997615 27.424294 0.069277 0.995733 0.060956 1.078095 -0.997201 0.067397 0.032381 28.243259
0.023304 -0.063268 0.997725 28.088392 0.069573 0.995679 0.061513 1.109854 -0.997305 0.067981 0.027605 28.286148
0.019143 -0.064407 0.997740 28.742229 0.066868 0.995771 0.062997 1.144210 -0.997578 0.065511 0.023368 28.308296
0.010071 -0.061704 0.998044 29.395915 0.063836 0.996098 0.060940 1.193221 -0.997910 0.063098 0.013971 28.484593
0.004319 -0.061736 0.998083 30.029697 0.065917 0.995939 0.061318 1.223260 -0.997816 0.065526 0.008370 28.609574
0.000064 -0.061825 0.998087 30.647570 0.064846 0.995987 0.061691 1.253485 -0.997895 0.064718 0.004073 28.675630
-0.004166 -0.061729 0.998084 31.362638 0.064754 0.995981 0.061869 1.293731 -0.997893 0.064887 -0.000153 28.649815
-0.009676 -0.061300 0.998073 31.901893 0.062295 0.996143 0.061785 1.326691 -0.998011 0.062773 -0.005820 28.768407
-0.013758 -0.062894 0.997925 32.483138 0.060868 0.996116 0.063619 1.356373 -0.998051 0.061617 -0.009877 28.751500
-0.017735 -0.061781 0.997932 33.149471 0.062450 0.996072 0.062776 1.396041 -0.997891 0.063434 -0.013807 28.723019
-0.022242 -0.060762 0.997904 33.799583 0.062487 0.996115 0.062046 1.431877 -0.997798 0.063736 -0.018359 28.768407
-0.026031 -0.061103 0.997792 33.844873 0.059398 0.996272 0.062560 1.433044 -0.997895 0.060895 -0.022305 28.762611
-0.030303 -0.059375 0.997776 33.890605 0.061752 0.996216 0.061157 1.435179 -0.997632 0.063467 -0.026522 28.791315
-0.032789 -0.059586 0.997685 33.928594 0.058929 0.996369 0.061444 1.438341 -0.997724 0.060807 -0.029158 28.704370
-0.036874 -0.059479 0.997548 33.971632 0.061426 0.996205 0.061669 1.435826 -0.997430 0.063549 -0.033081 28.815167
-0.040448 -0.058125 0.997490 34.012408 0.065087 0.996033 0.060679 1.435876 -0.997059 0.067378 -0.036504 28.919759
-0.040277 -0.061470 0.997296 34.022403 0.066132 0.995753 0.064046 1.433063 -0.996998 0.068533 -0.036041 28.733333
-0.041895 -0.061341 0.997237 34.038155 0.066686 0.995716 0.064049 1.442020 -0.996894 0.069185 -0.037625 28.622259
-0.043312 -0.061471 0.997169 34.055338 0.066441 0.995718 0.064268 1.449500 -0.996850 0.069036 -0.039042 28.577500
-0.042827 -0.064443 0.997002 34.065576 0.063904 0.995697 0.067104 1.453838 -0.997037 0.066586 -0.038525 28.365167
-0.043701 -0.064288 0.996974 34.081447 0.062731 0.995782 0.066961 1.461477 -0.997073 0.065467 -0.039484 28.230796
-0.043200 -0.061996 0.997141 34.099639 0.062321 0.995962 0.064623 1.471009 -0.997121 0.064934 -0.039162 28.091333
-0.045100 -0.059965 0.997181 34.128502 0.062572 0.996067 0.062728 1.478138 -0.997021 0.065224 -0.041171 27.966241
-0.047796 -0.059462 0.997086 34.155826 0.058101 0.996371 0.062205 1.485917 -0.997166 0.060904 -0.044168 27.876222
-0.049022 -0.058188 0.997101 34.186838 0.054834 0.996639 0.060857 1.496559 -0.997291 0.057659 -0.045667 27.708407
-0.053169 -0.058400 0.996876 34.223796 0.053487 0.996689 0.061242 1.499321 -0.997152 0.056576 -0.049869 27.667278
-0.055313 -0.060427 0.996639 34.244165 0.053430 0.996558 0.063387 1.502346 -0.997039 0.056757 -0.051895 27.526593
-0.060109 -0.059749 0.996402 34.286161 0.053706 0.996568 0.062999 1.506644 -0.996746 0.057299 -0.056693 27.580296
-0.063623 -0.061046 0.996105 34.317875 0.050312 0.996662 0.064293 1.510219 -0.996705 0.054207 -0.060339 27.473074
-0.066266 -0.062580 0.995838 34.353380 0.047134 0.996721 0.065772 1.518833 -0.996688 0.051296 -0.063099 27.080574
-0.069705 -0.064984 0.995449 34.360562 0.041689 0.996815 0.067992 1.513408 -0.996696 0.046238 -0.066774 27.016167
-0.072107 -0.064152 0.995332 34.378592 0.034065 0.997189 0.066740 1.525973 -0.996815 0.038719 -0.069719 26.966074
-0.072878 -0.063669 0.995307 34.395775 0.043759 0.996795 0.066969 1.516346 -0.996381 0.048434 -0.069858 26.936907
-0.073951 -0.064521 0.995173 34.411203 0.045280 0.996659 0.067982 1.515778 -0.996233 0.050089 -0.070783 26.914556
-0.076546 -0.066266 0.994861 34.412666 0.045321 0.996526 0.069864 1.513451 -0.996035 0.050436 -0.073277 26.973296
-0.076423 -0.065820 0.994901 34.443922 0.049592 0.996333 0.069724 1.518903 -0.995841 0.054668 -0.072878 27.004833
-0.077727 -0.071667 0.994396 34.452875 0.046897 0.996046 0.075452 1.499943 -0.995871 0.052498 -0.074059 26.802407
-0.079771 -0.066179 0.994614 34.474707 0.047911 0.996386 0.070140 1.520206 -0.995661 0.053248 -0.076312 26.875833
-0.080439 -0.070817 0.994241 34.481889 0.042357 0.996329 0.074393 1.511265 -0.995859 0.048098 -0.077144 26.443796
-0.080287 -0.066572 0.994546 34.506227 0.047029 0.996403 0.070492 1.523372 -0.995662 0.052432 -0.076867 26.348500
-0.079787 -0.069445 0.994390 34.527082 0.043782 0.996363 0.073096 1.514862 -0.995850 0.049368 -0.076456 25.969889
-0.081507 -0.069696 0.994233 34.561172 0.043779 0.996339 0.073432 1.517180 -0.995711 0.049512 -0.078158 25.895833
-0.082720 -0.068922 0.994187 34.577334 0.044906 0.996335 0.072807 1.522005 -0.995561 0.050667 -0.079322 25.912352
-0.084913 -0.075542 0.993521 35.749750 0.043662 0.995882 0.079453 1.584709 -0.995431 0.050125 -0.081265 25.576389
-0.083727 -0.071455 0.993924 35.797491 0.050599 0.995834 0.075855 1.589543 -0.995203 0.056642 -0.079762 25.851185
-0.085729 -0.070597 0.993814 35.839568 0.047822 0.996045 0.074881 1.590814 -0.995170 0.053946 -0.082014 25.708667
-0.085251 -0.071725 0.993775 35.918208 0.047034 0.996004 0.075921 1.602337 -0.995249 0.053213 -0.081537 25.605870
-0.087661 -0.072864 0.993482 35.934365 0.045718 0.995976 0.077081 1.603573 -0.995101 0.052177 -0.083977 25.576519
-0.088418 -0.075305 0.993233 35.945532 0.043329 0.995904 0.079365 1.597389 -0.995141 0.050053 -0.084793 25.447296
-0.091138 -0.075162 0.992998 36.749651 0.042931 0.995924 0.079324 1.661482 -0.994913 0.049860 -0.087540 25.291148
-0.094909 -0.072937 0.992810 37.455858 0.044015 0.996030 0.077382 1.716011 -0.994512 0.051043 -0.091322 24.998815
-0.097180 -0.071235 0.992714 38.233890 0.042456 0.996231 0.075643 1.777492 -0.994361 0.049497 -0.093789 24.672981
-0.101746 -0.071484 0.992239 39.035914 0.041930 0.996220 0.076071 1.822991 -0.993926 0.049344 -0.098364 24.373852
-0.104649 -0.070485 0.992008 39.945641 0.043833 0.996189 0.075406 1.884080 -0.993543 0.051374 -0.101161 24.013722
-0.107523 -0.069438 0.991775 40.748886 0.043598 0.996269 0.074479 1.945450 -0.993246 0.051248 -0.104095 23.692315
-0.111642 -0.069866 0.991290 41.550019 0.040490 0.996377 0.074784 1.987303 -0.992923 0.048487 -0.108409 23.402074
-0.116213 -0.070023 0.990753 42.445642 0.038944 0.996423 0.074991 2.053313 -0.992461 0.047299 -0.113070 23.019815
-0.120438 -0.070072 0.990245 43.416653 0.039317 0.996386 0.075289 2.120033 -0.991942 0.048001 -0.117247 22.608981
-0.123454 -0.068432 0.989988 43.433323 0.043467 0.996289 0.074288 2.118964 -0.991398 0.052203 -0.120021 22.665907
-0.126416 -0.068075 0.989639 44.520980 0.046922 0.996115 0.074515 2.189681 -0.990867 0.055855 -0.122731 22.260889
-0.129724 -0.069695 0.989098 45.410247 0.041730 0.996259 0.075673 2.250147 -0.990672 0.051091 -0.126330 21.838630
-0.132953 -0.067324 0.988833 46.300108 0.045708 0.996212 0.073972 2.310069 -0.990068 0.055032 -0.129373 21.504537
-0.136657 -0.064518 0.988515 47.152708 0.047788 0.996286 0.071632 2.366374 -0.989465 0.057028 -0.133067 21.157537
-0.138987 -0.063128 0.988280 47.204122 0.050250 0.996231 0.070702 2.365824 -0.989019 0.059487 -0.135291 21.542648
-0.141131 -0.063775 0.987935 47.237051 0.048143 0.996300 0.071193 2.360671 -0.988820 0.057610 -0.137539 21.377148
-0.141366 -0.065031 0.987819 47.289382 0.045898 0.996336 0.072160 2.367761 -0.988893 0.055540 -0.137863 21.221296
-0.142290 -0.065075 0.987684 47.419538 0.047447 0.996241 0.072475 2.377602 -0.988687 0.057175 -0.138667 21.040370
-0.146346 -0.065037 0.987093 48.209024 0.044029 0.996419 0.072179 2.434019 -0.988253 0.054024 -0.142959 20.688889
-0.149082 -0.065027 0.986684 48.732732 0.039836 0.996630 0.071701 2.471076 -0.988022 0.049995 -0.145989 20.451370
-0.151470 -0.064390 0.986362 48.739363 0.038750 0.996722 0.071017 2.472270 -0.987702 0.048979 -0.148479 20.596722
-0.153618 -0.069994 0.985648 49.770601 0.035980 0.996430 0.076367 2.530354 -0.987475 0.047195 -0.150551 19.917648
-0.152984 -0.070951 0.985678 50.633359 0.037984 0.996260 0.077608 2.595616 -0.987498 0.049313 -0.149717 19.377685
-0.155709 -0.069051 0.985387 51.455741 0.039492 0.996321 0.076058 2.652815 -0.987013 0.050758 -0.152409 19.038333
-0.158747 -0.069332 0.984882 52.314250 0.037525 0.996387 0.076191 2.717753 -0.986606 0.049053 -0.155572 18.607519
-0.160096 -0.071675 0.984496 53.636369 0.035198 0.996312 0.078259 2.823713 -0.986474 0.047182 -0.156982 17.604793
-0.163930 -0.070504 0.983949 54.477252 0.037113 0.996296 0.077572 2.884066 -0.985773 0.049234 -0.160707 17.254200
-0.168078 -0.067986 0.983426 55.502442 0.035752 0.996542 0.075003 2.962830 -0.985125 0.047765 -0.165067 16.682050
-0.166365 -0.069008 0.983647 56.579418 0.025651 0.996908 0.074277 3.052790 -0.985731 0.037588 -0.164081 15.667889
-0.168451 -0.064163 0.983620 57.518532 0.034734 0.996873 0.070976 3.124762 -0.985098 0.046121 -0.165696 15.172396
-0.173099 -0.064985 0.982758 58.360770 0.032522 0.996900 0.071649 3.181043 -0.984367 0.044364 -0.170448 14.686880
-0.178248 -0.068431 0.981603 59.168610 0.021413 0.997073 0.073397 3.237504 -0.983753 0.034102 -0.176261 14.207285
-0.184787 -0.066765 0.980508 60.121116 0.026823 0.996976 0.072941 3.303437 -0.982413 0.039779 -0.182438 13.731139
-0.192111 -0.067547 0.979046 61.075026 0.024158 0.997001 0.073526 3.369416 -0.981076 0.037777 -0.189903 13.200552
-0.194452 -0.065586 0.978717 61.925310 0.028721 0.996954 0.072514 3.436875 -0.980491 0.042211 -0.191976 12.614822
-0.196948 -0.065391 0.978231 62.932518 0.034791 0.996679 0.073629 3.499980 -0.979797 0.048535 -0.194019 11.860006
-0.201223 -0.065409 0.977359 63.892314 0.037245 0.996536 0.074361 3.567302 -0.978837 0.051365 -0.198090 11.232957
-0.205803 -0.071835 0.975953 64.912104 0.033958 0.996177 0.080484 3.616526 -0.978004 0.049705 -0.202577 10.557976
-0.209458 -0.067832 0.975462 64.925388 0.043587 0.995952 0.078616 3.622955 -0.976846 0.058984 -0.205653 10.435359
-0.213062 -0.064944 0.974878 65.850786 0.048042 0.995885 0.076843 3.694576 -0.975857 0.063207 -0.209065 9.772020
-0.219975 -0.067083 0.973196 66.883968 0.046464 0.995780 0.079142 3.758923 -0.974398 0.062628 -0.215930 9.058380
-0.228126 -0.071585 0.970997 67.932054 0.030268 0.996290 0.080560 3.840317 -0.973161 0.047768 -0.225113 8.451726
-0.226634 -0.068172 0.971592 68.229324 0.053611 0.995162 0.082331 3.852569 -0.972503 0.070747 -0.221883 7.947241
-0.234827 -0.069818 0.969527 69.230052 0.044167 0.995621 0.082395 3.932097 -0.971033 0.062170 -0.230715 7.326085
-0.239570 -0.073581 0.968087 70.173000 0.049154 0.994926 0.087785 3.982639 -0.969634 0.068616 -0.234737 6.615969
-0.244132 -0.073971 0.966917 71.082414 0.056385 0.994317 0.090303 4.044755 -0.968101 0.076565 -0.238574 6.014176
-0.249748 -0.074201 0.965464 71.493516 0.051973 0.994595 0.089885 4.081072 -0.966915 0.072627 -0.244541 5.634213
-0.261158 -0.076711 0.962243 72.016344 0.044648 0.994811 0.091425 4.111656 -0.964263 0.066839 -0.256378 5.284706
-0.260567 -0.072389 0.962738 72.459846 0.047244 0.995035 0.087604 4.160532 -0.964299 0.068310 -0.255853 4.815548
-0.265073 -0.077133 0.961138 73.869894 0.043974 0.994791 0.091962 4.258164 -0.963225 0.066642 -0.260300 3.483128
-0.264663 -0.075467 0.961383 73.945818 0.050660 0.994468 0.092011 4.268411 -0.963009 0.073055 -0.259376 3.275520
-0.265577 -0.076890 0.961019 74.036430 0.053825 0.994077 0.094410 4.264198 -0.962586 0.076800 -0.259865 3.218474
-0.260439 -0.075605 0.962526 75.187980 0.051548 0.994418 0.092058 4.383762 -0.964113 0.073592 -0.255088 1.830821
-0.257025 -0.086087 0.962563 77.442048 0.051339 0.993402 0.102554 4.552346 -0.965040 0.075776 -0.250910 -0.434291
-0.254488 -0.087742 0.963087 77.468670 0.047460 0.993542 0.103058 4.557056 -0.965911 0.071935 -0.248680 -1.023936
-0.257106 -0.090697 0.962118 78.684696 0.041217 0.993651 0.104684 4.675986 -0.965504 0.066570 -0.251735 -1.964261
-0.259561 -0.088468 0.961666 79.794126 0.053102 0.992981 0.105681 4.776761 -0.964266 0.078497 -0.253041 -2.525676
-0.262568 -0.093307 0.960392 81.177120 0.054532 0.992288 0.111314 4.895642 -0.963372 0.081600 -0.255454 -3.970328
-0.262146 -0.095018 0.960339 82.563246 0.053056 0.992217 0.112655 5.040567 -0.963569 0.080484 -0.255064 -5.456474
-0.263564 -0.102165 0.959217 84.479976 0.043496 0.992106 0.117620 5.229714 -0.963661 0.072722 -0.257039 -7.303937
-0.263340 -0.103080 0.959180 85.418658 0.024196 0.993256 0.113385 5.344770 -0.964400 0.053067 -0.259070 -8.613793
-0.265824 -0.094145 0.959414 85.801194 0.024918 0.994216 0.104464 5.392545 -0.963700 0.051676 -0.261941 -9.470193
-0.269051 -0.082120 0.959619 86.842098 0.040668 0.994501 0.096507 5.504198 -0.962267 0.064991 -0.264231 -10.234435
-0.268572 -0.087898 0.959241 87.025374 0.045506 0.993558 0.103784 5.506040 -0.962184 0.071525 -0.262842 -10.850783
-0.267664 -0.102378 0.958058 87.028128 0.041861 0.992164 0.117718 5.490158 -0.962602 0.071614 -0.261281 -11.125165
-0.270061 -0.117556 0.955640 88.894152 0.038238 0.990426 0.132641 5.685201 -0.962084 0.072362 -0.262980 -12.608439
-0.271082 -0.123155 0.954645 90.390492 0.036416 0.989759 0.138025 5.877452 -0.961867 0.072181 -0.263821 -14.253459
-0.369850 -0.154956 0.916079 95.991966 0.132692 0.967076 0.217154 5.910284 -0.919567 0.201871 -0.337112 -9.221748
-0.409242 -0.158000 0.898642 102.158658 0.128095 0.965190 0.228036 6.200890 -0.903389 0.208434 -0.374757 -2.688920
-0.445929 -0.148832 0.882608 107.545158 0.124732 0.966124 0.225935 6.458141 -0.886335 0.210840 -0.412259 4.189683
-0.480012 -0.147513 0.864771 111.901824 0.112263 0.967327 0.227321 6.428948 -0.870049 0.206199 -0.447768 12.274278
-0.507840 -0.144836 0.849189 120.047670 0.086693 0.972168 0.217655 7.486004 -0.857078 0.184152 -0.481149 13.306765
-0.524161 -0.156171 0.837178 128.277594 0.074326 0.970902 0.227652 8.350754 -0.848370 0.181550 -0.497301 17.837376
-0.534899 -0.159370 0.829750 137.125872 0.062927 0.971808 0.227221 9.524736 -0.842570 0.173754 -0.509790 20.611963
-0.545578 -0.159772 0.822689 146.966184 0.061119 0.971460 0.229196 11.163933 -0.835828 0.175326 -0.520242 15.666243
-0.544538 -0.157537 0.823809 158.574510 0.067937 0.970691 0.230531 13.069453 -0.835981 0.181500 -0.517875 12.852413
-0.551824 -0.157756 0.818904 169.622370 0.063741 0.971094 0.230027 14.910307 -0.831522 0.179133 -0.525817 7.680274
-0.585280 -0.157566 0.795374 179.750394 0.054459 0.971083 0.232448 16.235570 -0.809001 0.179363 -0.559774 12.908176
-0.603059 -0.157956 0.781902 188.853660 0.043958 0.972129 0.230288 17.531402 -0.796485 0.173248 -0.579308 14.881830
-0.613799 -0.158795 0.773327 199.164528 0.037019 0.972695 0.229115 19.267049 -0.788594 0.169258 -0.591161 11.045757
-0.626744 -0.176860 0.758889 209.743722 0.021839 0.969533 0.243987 20.990146 -0.778919 0.169491 -0.603786 7.230302
-0.663162 -0.178208 0.726951 219.534084 0.004089 0.970365 0.241610 22.764910 -0.748465 0.163199 -0.642780 5.418343
-0.703175 -0.179801 0.687908 228.787038 -0.015198 0.971078 0.238279 24.445411 -0.710854 0.157097 -0.685570 4.237631
-0.712349 -0.192239 0.674984 236.325600 -0.037328 0.970771 0.237086 25.726005 -0.700833 0.143692 -0.698704 5.255804
-0.737315 -0.172165 0.653242 246.450222 0.034358 0.956172 0.290783 27.496066 -0.674675 0.236843 -0.699085 -0.292669
-0.747328 -0.174045 0.641256 255.512880 0.022624 0.957861 0.286342 29.117977 -0.664070 0.228499 -0.711899 -2.006113
-0.766649 -0.167463 0.619843 263.514762 0.022750 0.957696 0.286880 30.539257 -0.641663 0.234038 -0.730407 -4.268472
-0.778012 -0.175517 0.603235 271.932444 0.002299 0.959380 0.282106 32.204547 -0.628246 0.220869 -0.746006 -8.308691
-0.791874 -0.179462 0.583719 280.355958 -0.009449 0.959332 0.282123 33.996127 -0.610611 0.217890 -0.761366 -13.674294
-0.816451 -0.186346 0.546519 286.318962 -0.024567 0.956846 0.289555 35.165378 -0.576892 0.222981 -0.785796 -18.313937
-0.839787 -0.182584 0.511294 292.522914 -0.028414 0.955244 0.294450 36.503411 -0.542173 0.232748 -0.807389 -24.081222
-0.892807 -0.183506 0.411365 299.479464 -0.060751 0.953964 0.293704 37.811983 -0.446324 0.237230 -0.862854 -27.267185
-0.910779 -0.191412 0.365845 305.596692 -0.086688 0.954950 0.283823 39.287986 -0.403691 0.226785 -0.886342 -35.735185
-0.927318 -0.198384 0.317372 311.424480 -0.106914 0.953041 0.283341 40.683265 -0.358679 0.228816 -0.904982 -43.234981
-0.937660 -0.215013 0.273064 315.400338 -0.137634 0.951156 0.276333 41.816088 -0.319141 0.221524 -0.921453 -50.346389
-0.937317 -0.207571 0.279913 315.836334 -0.127132 0.951567 0.279924 42.228437 -0.324460 0.226792 -0.918309 -55.158852
-0.934868 -0.210807 0.285626 316.168758 -0.129564 0.951704 0.278338 42.584940 -0.330508 0.223203 -0.917031 -59.300685
-0.931259 -0.218874 0.291291 316.471644 -0.137980 0.951771 0.274032 42.935886 -0.337220 0.215002 -0.916546 -63.592556
-0.927609 -0.228131 0.295800 316.771668 -0.145700 0.950096 0.275842 43.244032 -0.343966 0.212775 -0.914557 -67.401611
-0.923295 -0.236805 0.302408 317.169054 -0.152501 0.948625 0.277226 43.561703 -0.352520 0.209844 -0.911973 -71.056704
-0.921244 -0.238360 0.307398 317.526426 -0.152887 0.948536 0.277319 43.874336 -0.357679 0.208482 -0.910275 -74.747648
-0.919679 -0.245507 0.306458 317.973924 -0.160322 0.947199 0.277687 44.217560 -0.358451 0.206251 -0.910479 -78.688778
-0.920623 -0.240496 0.307596 318.371472 -0.153628 0.947362 0.280899 44.567966 -0.358960 0.211346 -0.909110 -82.796056
-0.920668 -0.237662 0.309658 318.897432 -0.148955 0.947161 0.284076 44.995451 -0.360810 0.215415 -0.907421 -87.424204
-0.921974 -0.232944 0.309356 319.327542 -0.142034 0.946589 0.289474 45.351090 -0.360264 0.222949 -0.905817 -91.630056
-0.920399 -0.234085 0.313162 319.814352 -0.142951 0.946985 0.287722 45.812002 -0.363911 0.220052 -0.905067 -96.832870
-0.920710 -0.231481 0.314180 319.826556 -0.141467 0.948297 0.284114 45.827591 -0.363703 0.217140 -0.905853 -96.891278
-0.921364 -0.227490 0.315177 319.847670 -0.137136 0.948952 0.284049 45.841253 -0.363706 0.218490 -0.905528 -97.046741
-0.920458 -0.231837 0.314656 319.909770 -0.141442 0.948096 0.284794 45.860926 -0.364350 0.217635 -0.905475 -97.167241
-0.920266 -0.232750 0.314545 319.860900 -0.141308 0.947291 0.287529 45.848030 -0.364887 0.220155 -0.904649 -97.358685
-0.920805 -0.228885 0.315799 320.403600 -0.133601 0.945813 0.295952 46.307020 -0.366426 0.230323 -0.901489 -102.764389
-0.921291 -0.231951 0.312124 321.092910 -0.139301 0.946220 0.291998 46.807870 -0.363068 0.225536 -0.904055 -107.572111
-0.920499 -0.227266 0.317856 321.404436 -0.131517 0.946197 0.295659 47.211665 -0.367947 0.230350 -0.900863 -112.548185
-0.918848 -0.233207 0.318327 321.452280 -0.138833 0.946159 0.292418 47.236716 -0.369382 0.224494 -0.901753 -112.525000
-0.918185 -0.235794 0.318336 321.513732 -0.141774 0.945933 0.291738 47.248758 -0.369915 0.222737 -0.901971 -112.563389
-0.916905 -0.231535 0.325078 321.537006 -0.135321 0.946628 0.292548 47.350613 -0.375464 0.224249 -0.899299 -114.091852
-0.916578 -0.232304 0.325452 321.622218 -0.136513 0.946821 0.291365 47.377084 -0.375831 0.222630 -0.899548 -114.079278
-0.915884 -0.234473 0.325852 321.600294 -0.138635 0.946500 0.291406 47.371824 -0.376746 0.221720 -0.899391 -114.109611
-0.915391 -0.236106 0.326057 321.695658 -0.139644 0.945891 0.292898 47.392360 -0.377569 0.222584 -0.898831 -114.112370
-0.913709 -0.233775 0.332394 321.790428 -0.134650 0.945920 0.295135 47.495333 -0.383413 0.224911 -0.895773 -115.294611
-0.910999 -0.233186 0.340154 321.855714 -0.133166 0.946944 0.292514 47.617810 -0.390317 0.221184 -0.893717 -116.755889
-0.908336 -0.234684 0.346193 321.931044 -0.130320 0.945340 0.298913 47.693189 -0.397420 0.226398 -0.889270 -117.985796
-0.906189 -0.234767 0.351718 321.978456 -0.127835 0.944905 0.301350 47.766472 -0.403087 0.228118 -0.886275 -118.877704
-0.904493 -0.235877 0.355324 322.037370 -0.128485 0.945135 0.300351 47.808797 -0.406675 0.226011 -0.885175 -119.132185
-0.903059 -0.236991 0.358217 322.013664 -0.129597 0.945475 0.298800 47.814619 -0.409498 0.223411 -0.884533 -119.239463
-0.903441 -0.235890 0.357982 321.986394 -0.127070 0.944832 0.301904 47.805633 -0.409449 0.227264 -0.883574 -119.394185
-0.901300 -0.243670 0.358166 322.071012 -0.133109 0.942582 0.306304 47.797117 -0.412238 0.228397 -0.881984 -119.343870
-0.901036 -0.243563 0.358902 322.071714 -0.133491 0.943007 0.304824 47.801135 -0.412691 0.226747 -0.882197 -119.358111
-0.900993 -0.243003 0.359391 322.120908 -0.132885 0.943170 0.304585 47.814413 -0.412982 0.226671 -0.882081 -119.304556
-0.901030 -0.242586 0.359579 322.106598 -0.131984 0.943011 0.305467 47.808571 -0.413189 0.227776 -0.881699 -119.412556
-0.901301 -0.240913 0.360024 322.122798 -0.129709 0.943047 0.306329 47.810450 -0.413318 0.229396 -0.881218 -119.481259
-0.900469 -0.243755 0.360195 322.131168 -0.131801 0.942178 0.308107 47.806141 -0.414470 0.229966 -0.880529 -119.530444
-0.899972 -0.245151 0.360487 322.131546 -0.132206 0.941442 0.310173 47.803462 -0.415417 0.231489 -0.879683 -119.613963
-0.900399 -0.242219 0.361402 322.194780 -0.129095 0.942019 0.309732 47.829976 -0.415471 0.232227 -0.879463 -119.594667
-0.901072 -0.238806 0.361996 322.257528 -0.125540 0.942625 0.309351 47.844070 -0.415101 0.233303 -0.879353 -119.563259
-0.901935 -0.233764 0.363136 322.246674 -0.120603 0.943724 0.307962 47.851144 -0.414691 0.233966 -0.879370 -119.661333
-0.901014 -0.234825 0.364734 322.376274 -0.121317 0.943664 0.307863 47.876800 -0.416480 0.233141 -0.878743 -119.547704
-0.900660 -0.234919 0.365548 322.381674 -0.119663 0.942823 0.311071 47.886671 -0.417724 0.236426 -0.877274 -119.788241
-0.899392 -0.234464 0.368946 322.472502 -0.117745 0.942733 0.312074 47.937123 -0.420988 0.237235 -0.875494 -120.239241
-0.898204 -0.233996 0.372124 322.496208 -0.115690 0.942537 0.313433 47.974388 -0.424083 0.238476 -0.873661 -120.814537
-0.896600 -0.238008 0.373444 322.539084 -0.118606 0.941545 0.315317 47.992111 -0.426662 0.238420 -0.872419 -120.947500
-0.896619 -0.236721 0.374217 322.566300 -0.116548 0.941472 0.316303 47.999790 -0.427190 0.239989 -0.871730 -120.972833
-0.895226 -0.241539 0.374472 322.591572 -0.119348 0.939616 0.320745 47.998543 -0.429332 0.242447 -0.869996 -121.066222
-0.893752 -0.245800 0.375219 322.577802 -0.123254 0.938869 0.321455 47.989346 -0.431295 0.241054 -0.869412 -121.191574
-0.893068 -0.243737 0.378183 322.630236 -0.120510 0.939424 0.320873 48.029895 -0.433483 0.240986 -0.868342 -121.600444
-0.889941 -0.248835 0.382213 322.726302 -0.125098 0.939087 0.320104 48.034161 -0.438584 0.237060 -0.866860 -121.337815
-0.889418 -0.246967 0.384634 322.781976 -0.121849 0.939127 0.321238 48.075147 -0.440556 0.238847 -0.865369 -121.652167
-0.889081 -0.242500 0.388238 322.918596 -0.113332 0.938352 0.326575 48.160375 -0.443498 0.246352 -0.861754 -122.618778
-0.885612 -0.242271 0.396228 322.980156 -0.110580 0.938618 0.326754 48.307644 -0.451070 0.245562 -0.858042 -124.411463
-0.884083 -0.244365 0.398351 323.114238 -0.113024 0.938895 0.325118 48.347593 -0.453457 0.242408 -0.857680 -124.439852
-0.881874 -0.244063 0.403399 323.179740 -0.110337 0.938665 0.326700 48.435943 -0.458392 0.243599 -0.854714 -125.537926
-0.881476 -0.244014 0.404298 323.238870 -0.109299 0.938324 0.328027 48.446354 -0.459406 0.244959 -0.853781 -125.538667
-0.881422 -0.242785 0.405156 323.437536 -0.107047 0.938142 0.329288 48.485725 -0.460040 0.246870 -0.852888 -125.373481
-0.878512 -0.241435 0.412220 323.588358 -0.102238 0.937918 0.331446 48.616886 -0.466652 0.249035 -0.848657 -126.696630
-0.868689 -0.261462 0.420733 323.856630 -0.108066 0.928925 0.354148 48.750239 -0.483426 0.262178 -0.835202 -129.180519
-0.869563 -0.238081 0.432640 324.089586 -0.074930 0.929573 0.360942 49.009217 -0.488104 0.281444 -0.826162 -131.771278
-0.866862 -0.236549 0.438857 324.279774 -0.069943 0.929266 0.362729 49.145168 -0.493618 0.283741 -0.822090 -132.867463
-0.867041 -0.231924 0.440966 324.804438 -0.063530 0.929291 0.363843 49.647622 -0.494170 0.287452 -0.820468 -137.188741
-0.864242 -0.234025 0.445329 325.000350 -0.064364 0.929374 0.363486 49.806500 -0.498942 0.285477 -0.818267 -138.447000
-0.862100 -0.236859 0.447976 325.108458 -0.065883 0.928923 0.364363 49.829661 -0.502438 0.284603 -0.816430 -138.530389
-0.860370 -0.234682 0.452425 325.288170 -0.063027 0.929858 0.362479 49.909851 -0.505759 0.283351 -0.814813 -138.899278
-0.856151 -0.230257 0.462587 325.172772 -0.051897 0.929018 0.366377 49.864594 -0.514112 0.289667 -0.807330 -138.800019
-0.851592 -0.230696 0.470713 325.120176 -0.048502 0.928779 0.367446 49.816474 -0.521957 0.290084 -0.802130 -138.454778
-0.848820 -0.230617 0.475731 325.300428 -0.046550 0.928951 0.367264 49.942624 -0.526628 0.289596 -0.799248 -139.245019
-0.847536 -0.222646 0.481780 325.347354 -0.037254 0.930472 0.364465 50.026421 -0.529429 0.290949 -0.796902 -139.992981
-0.843669 -0.225915 0.487017 325.380834 -0.037217 0.929580 0.366738 49.993259 -0.535573 0.291280 -0.792665 -139.662981
-0.839892 -0.223083 0.494788 325.318572 -0.032002 0.930395 0.365160 49.950346 -0.541809 0.290861 -0.788570 -139.327222
-0.839547 -0.222429 0.495668 325.430568 -0.028161 0.928940 0.369159 49.953364 -0.542557 0.295967 -0.786152 -139.253111
-0.837778 -0.223506 0.498170 325.553472 -0.028049 0.928793 0.369536 50.028181 -0.545291 0.295616 -0.784391 -139.720056
-0.836461 -0.225524 0.499472 325.648890 -0.028674 0.928163 0.371068 50.082737 -0.547276 0.296061 -0.782839 -140.137722
-0.831400 -0.232843 0.504538 325.810944 -0.033796 0.927481 0.372339 50.199793 -0.554646 0.292511 -0.778977 -141.133926
-0.827816 -0.233294 0.510191 326.221560 -0.030084 0.926584 0.374883 50.535873 -0.560193 0.294986 -0.774059 -143.964759
-0.825995 -0.233965 0.512827 326.736774 -0.028628 0.926028 0.376368 50.904682 -0.562949 0.296197 -0.771593 -146.730000
-0.826530 -0.233845 0.512020 326.789964 -0.027455 0.925288 0.378271 50.921406 -0.562222 0.298595 -0.771199 -146.724093
-0.825303 -0.236002 0.513008 326.795796 -0.029332 0.925168 0.378423 50.923458 -0.563927 0.297266 -0.770467 -146.734093
-0.824438 -0.236794 0.514034 326.797686 -0.030170 0.925360 0.377887 50.924155 -0.565148 0.296036 -0.770046 -146.748741
-0.824217 -0.235349 0.515050 326.821608 -0.029497 0.926152 0.375996 50.928475 -0.565505 0.294710 -0.770293 -146.713704
-0.823931 -0.231550 0.517225 326.839428 -0.025602 0.926991 0.374210 50.912588 -0.566111 0.295082 -0.769705 -146.546704
-0.823757 -0.232917 0.516890 326.878902 -0.026293 0.926426 0.375557 50.932703 -0.566334 0.295777 -0.769274 -146.704093
-0.822899 -0.234512 0.517534 326.853846 -0.026389 0.925642 0.377478 50.924624 -0.567575 0.296969 -0.767898 -146.746093
-0.819443 -0.237831 0.521487 326.932254 -0.027822 0.925279 0.378266 50.918598 -0.572485 0.295459 -0.764830 -146.446685
-0.814731 -0.239749 0.527953 327.325104 -0.023798 0.923575 0.382680 51.215701 -0.579351 0.299216 -0.758170 -148.864704
-0.811172 -0.240362 0.533128 327.733182 -0.021767 0.923408 0.383201 51.538729 -0.584402 0.299238 -0.754275 -151.312685
-0.809426 -0.241676 0.535185 328.674186 -0.019678 0.922035 0.386607 52.200677 -0.586893 0.302398 -0.751074 -156.124648
-0.809083 -0.243010 0.535098 328.693896 -0.020703 0.921725 0.387290 52.214857 -0.587329 0.302272 -0.750784 -156.234852
-0.808763 -0.242368 0.535873 328.729806 -0.018720 0.921287 0.388434 52.214360 -0.587837 0.304120 -0.749639 -156.201907
-0.809048 -0.242646 0.535317 328.778622 -0.019611 0.921440 0.388026 52.247381 -0.587416 0.303433 -0.750248 -156.379593
-0.807236 -0.242448 0.538135 328.750164 -0.018271 0.921567 0.387789 52.218265 -0.589946 0.303205 -0.748352 -156.171667
-0.807466 -0.241559 0.538190 328.786182 -0.017061 0.921500 0.388004 52.228066 -0.589668 0.304118 -0.748201 -156.204852
-0.805964 -0.242477 0.540025 328.834998 -0.017689 0.921717 0.387460 52.220813 -0.591700 0.302726 -0.747160 -155.974685
-0.805320 -0.244709 0.539978 328.867398 -0.019418 0.921233 0.388527 52.236182 -0.592522 0.302404 -0.746639 -156.045889
-0.805518 -0.243190 0.540369 328.884894 -0.017155 0.921095 0.388961 52.235172 -0.592323 0.304045 -0.746131 -156.056278
