1.000000 0.000000 0.000000 0.000000 0.000000 1.000000 0.000000 0.000000 0.000000 0.000000 1.000000 0.000000
0.999998 0.001976 -0.000321 0.008626 -0.001977 0.999996 -0.001742 -0.004471 0.000317 0.001742 0.999999 -0.127661
0.999995 0.003034 0.000156 -0.027316 -0.003034 0.999995 0.000242 -0.001680 -0.000155 -0.000243 1.000000 0.040650
0.999963 0.008561 0.000213 -0.005770 -0.008562 0.999957 0.003669 -0.016835 -0.000181 -0.003671 0.999993 0.156077
0.999941 0.010786 -0.001041 0.063698 -0.010783 0.999937 0.003109 -0.017043 0.001075 -0.003098 0.999995 0.374852
0.999877 0.015473 -0.002497 0.139664 -0.015466 0.999877 0.002627 -0.020882 0.002537 -0.002588 0.999993 0.621564
0.999901 0.013500 -0.004047 0.133086 -0.013485 0.999902 0.003699 -0.026134 0.004096 -0.003644 0.999985 0.793702
0.999771 0.020478 -0.006220 0.396926 -0.020455 0.999784 0.003829 -0.028380 0.006297 -0.003701 0.999973 1.072459
0.999780 0.019422 -0.007948 0.490890 -0.019379 0.999798 0.005436 -0.039215 0.008052 -0.005281 0.999954 1.382846
0.999879 0.012063 -0.009801 0.492320 -0.012024 0.999920 0.003991 -0.039409 0.009849 -0.003872 0.999944 1.647696
0.999720 0.020694 -0.011454 0.636249 -0.020592 0.999748 0.008954 -0.062405 0.011636 -0.008716 0.999894 1.832122
0.999581 0.026589 -0.011478 0.614144 -0.026473 0.999598 0.010158 -0.065717 0.011743 -0.009850 0.999883 1.904054
0.999567 0.027064 -0.011553 0.482635 -0.026927 0.999567 0.011907 -0.066027 0.011871 -0.011591 0.999862 2.032011
0.999422 0.031813 -0.012013 0.501784 -0.031662 0.999419 0.012597 -0.061731 0.012407 -0.012209 0.999849 2.130152
0.999448 0.030653 -0.012832 0.475163 -0.030477 0.999441 0.013716 -0.064309 0.013246 -0.013317 0.999824 2.267281
0.999266 0.036104 -0.012809 0.621548 -0.035906 0.999237 0.015345 -0.074469 0.013353 -0.014874 0.999800 2.368846
0.999090 0.040577 -0.013144 0.629402 -0.040366 0.999058 0.015929 -0.078222 0.013777 -0.015384 0.999787 2.440563
0.999072 0.041005 -0.013206 0.594954 -0.040760 0.999001 0.018308 -0.083784 0.013944 -0.017753 0.999745 2.458261
0.999182 0.038332 -0.012889 0.559739 -0.038087 0.999098 0.018764 -0.082014 0.013596 -0.018258 0.999741 2.457046
0.999050 0.041642 -0.012859 0.572374 -0.041397 0.998965 0.018820 -0.086372 0.013630 -0.018270 0.999740 2.558700
0.999050 0.041537 -0.013201 0.611328 -0.041294 0.998982 0.018152 -0.091236 0.013941 -0.017589 0.999748 2.676978
0.999031 0.041992 -0.013179 0.651121 -0.041749 0.998962 0.018232 -0.092677 0.013931 -0.017664 0.999747 2.787902
0.999100 0.040357 -0.013084 0.615754 -0.040087 0.998991 0.020259 -0.089610 0.013888 -0.019716 0.999709 2.858980
0.999049 0.041594 -0.013078 0.639889 -0.041273 0.998860 0.023985 -0.101849 0.014061 -0.023423 0.999627 2.890043
0.999213 0.037766 -0.012165 0.631298 -0.037488 0.999049 0.022278 -0.099352 0.012995 -0.021805 0.999678 2.918474
0.999219 0.037646 -0.012013 0.675148 -0.037392 0.999086 0.020719 -0.099459 0.012782 -0.020253 0.999713 3.006252
0.999118 0.040347 -0.011644 0.694229 -0.040111 0.998999 0.019820 -0.101127 0.012432 -0.019336 0.999736 3.045713
0.999081 0.041363 -0.011199 0.866258 -0.041150 0.998980 0.018587 -0.114839 0.011957 -0.018109 0.999764 3.120644
0.999061 0.042180 -0.009950 0.943349 -0.041980 0.998927 0.019531 -0.122523 0.010763 -0.019095 0.999760 3.122493
0.999333 0.035329 -0.009204 0.878174 -0.035107 0.999114 0.023204 -0.133934 0.010015 -0.022865 0.999688 3.086156
0.999369 0.034258 -0.009383 0.980821 -0.034007 0.999092 0.025653 -0.133972 0.010253 -0.025317 0.999627 3.194719
0.999404 0.033329 -0.009017 1.124158 -0.033084 0.999112 0.026103 -0.135926 0.009879 -0.025790 0.999619 3.256974
0.999435 0.032615 -0.008079 1.232594 -0.032383 0.999101 0.027364 -0.154960 0.008964 -0.027087 0.999593 3.265554
0.999435 0.032767 -0.007554 1.270738 -0.032565 0.999145 0.025455 -0.150054 0.008382 -0.025195 0.999647 3.340315
0.999386 0.034356 -0.006858 1.293653 -0.034179 0.999117 0.024424 -0.154228 0.007691 -0.024175 0.999678 3.365744
0.999260 0.038081 -0.005484 1.346393 -0.037921 0.998920 0.026846 -0.163778 0.006501 -0.026618 0.999625 3.431663
0.999356 0.035815 -0.001977 1.400469 -0.035748 0.998983 0.027475 -0.171734 0.002959 -0.027386 0.999621 3.357487
0.999143 0.041379 -0.000528 1.507969 -0.041347 0.998732 0.028706 -0.184557 0.001716 -0.028660 0.999588 3.399431
0.999228 0.039275 0.001393 1.578276 -0.039299 0.998814 0.028759 -0.186985 -0.000261 -0.028791 0.999585 3.390287
0.999221 0.039402 0.002175 1.717293 -0.039450 0.998758 0.030439 -0.195324 -0.000973 -0.030502 0.999534 3.417370
0.999065 0.042851 0.005694 1.885339 -0.043013 0.998554 0.032256 -0.208523 -0.004303 -0.032471 0.999463 3.414763
0.998978 0.044338 0.008729 2.157473 -0.044604 0.998456 0.033107 -0.223690 -0.007248 -0.033463 0.999414 3.430744
0.998938 0.044837 0.010591 2.385617 -0.045167 0.998425 0.033285 -0.233509 -0.009082 -0.033728 0.999390 3.431122
0.998701 0.048590 0.015324 2.632910 -0.049114 0.998148 0.035903 -0.246603 -0.013551 -0.036609 0.999238 3.512974
0.998099 0.050615 0.035164 2.633062 -0.051925 0.997951 0.037395 -0.247809 -0.033199 -0.039150 0.998682 4.324009
0.997313 0.048842 0.054602 2.678779 -0.050854 0.998054 0.036081 -0.240428 -0.052733 -0.038760 0.997856 5.604376
0.996288 0.042838 0.074662 2.609186 -0.045446 0.998402 0.033594 -0.232851 -0.073103 -0.036862 0.996643 5.799128
0.994319 0.041855 0.097868 2.702514 -0.045607 0.998295 0.036423 -0.231696 -0.096177 -0.040679 0.994533 7.998707
0.994147 0.040675 0.100089 3.090972 -0.044817 0.998214 0.039492 -0.263156 -0.098304 -0.043747 0.994194 7.782015
0.991182 0.036179 0.127469 3.010713 -0.041709 0.998289 0.040986 -0.257230 -0.125768 -0.045942 0.990995 8.545752
0.987636 0.029959 0.153875 2.975251 -0.036505 0.998537 0.039896 -0.249364 -0.152455 -0.045020 0.987285 9.298989
0.983086 0.023597 0.181617 2.892495 -0.030825 0.998837 0.037077 -0.242893 -0.180531 -0.042048 0.982670 9.678039
0.977223 0.019686 0.211302 2.845781 -0.028249 0.998894 0.037584 -0.238341 -0.210328 -0.042697 0.976698 10.362744
0.970328 0.015564 0.241290 2.818636 -0.025921 0.998871 0.039809 -0.237422 -0.240398 -0.044882 0.969636 10.952885
0.962727 0.006877 0.270386 2.775241 -0.019003 0.998926 0.042255 -0.240352 -0.269805 -0.045818 0.961824 11.176959
0.953862 0.004647 0.300210 2.857534 -0.017604 0.999026 0.040466 -0.226382 -0.299730 -0.043884 0.953014 12.228715
0.944090 0.001223 0.329686 2.930642 -0.014281 0.999206 0.037190 -0.228175 -0.329378 -0.039819 0.943358 13.215207
0.932664 -0.001851 0.360741 2.976393 -0.010444 0.999429 0.032130 -0.226286 -0.360594 -0.033734 0.932113 13.904631
0.920454 -0.007473 0.390781 2.989247 -0.005446 0.999475 0.031939 -0.239921 -0.390814 -0.031527 0.919929 14.253422
0.905858 -0.007044 0.423523 3.025629 -0.007143 0.999466 0.031901 -0.221038 -0.423522 -0.031923 0.905323 14.985331
0.889078 -0.004975 0.457729 3.095225 -0.012568 0.999299 0.035273 -0.206295 -0.457584 -0.037114 0.888392 15.853146
0.869149 -0.007797 0.494490 3.020699 -0.013204 0.999153 0.038962 -0.203950 -0.494375 -0.040393 0.868310 16.281376
0.850193 -0.001191 0.526469 3.030878 -0.018894 0.999284 0.032773 -0.198888 -0.526131 -0.037810 0.849562 16.591454
0.831593 0.006158 0.555351 3.248038 -0.023652 0.999424 0.024335 -0.189831 -0.554882 -0.033372 0.831260 17.513435
0.812682 0.008237 0.582650 3.439591 -0.025631 0.999438 0.021621 -0.186175 -0.582144 -0.032505 0.812436 18.253441
0.794037 0.005943 0.607840 3.733081 -0.025680 0.999387 0.023775 -0.184831 -0.607326 -0.034488 0.793703 19.250852
0.770771 0.005355 0.637090 4.057142 -0.025794 0.999407 0.022806 -0.181346 -0.636590 -0.034011 0.770452 20.642796
0.748317 0.006775 0.663306 4.125930 -0.026246 0.999467 0.019401 -0.182972 -0.662821 -0.031927 0.748097 21.032389
0.722938 0.008863 0.690856 4.488640 -0.025902 0.999563 0.014281 -0.175203 -0.690427 -0.028219 0.722851 22.389574
0.697438 0.011163 0.716559 4.813344 -0.028055 0.999537 0.011736 -0.174676 -0.716096 -0.028288 0.697428 23.517019
0.671130 0.012428 0.741236 5.087832 -0.028123 0.999567 0.008704 -0.174333 -0.740806 -0.026687 0.671188 24.361667
0.645427 0.018509 0.763597 5.402873 -0.029566 0.999563 0.000762 -0.176606 -0.763249 -0.023069 0.645692 25.206167
0.617689 0.027063 0.785956 5.686168 -0.030390 0.999483 -0.010531 -0.180015 -0.785835 -0.017380 0.618192 25.952167
0.589784 0.034819 0.806810 6.010432 -0.031653 0.999299 -0.019988 -0.185217 -0.806941 -0.013749 0.590472 26.701019
0.561616 0.039593 0.826450 6.301379 -0.034081 0.999114 -0.024705 -0.196085 -0.826696 -0.014291 0.562468 27.299167
0.532047 0.039479 0.845794 6.635947 -0.036249 0.999059 -0.023830 -0.206621 -0.845939 -0.017981 0.532977 27.951148
0.501239 0.038636 0.864446 6.971751 -0.040580 0.998953 -0.021118 -0.218114 -0.864357 -0.024494 0.502282 28.584963
0.469744 0.039816 0.881904 7.315391 -0.045021 0.998763 -0.021112 -0.230432 -0.881654 -0.029787 0.470955 29.184556
0.435660 0.044244 0.899023 7.648630 -0.052274 0.998349 -0.023801 -0.237590 -0.898592 -0.036626 0.437254 29.764241
0.401803 0.046587 0.914540 7.985596 -0.056978 0.998042 -0.025807 -0.249147 -0.913952 -0.041740 0.403671 30.257407
0.367648 0.046748 0.928789 8.325450 -0.059793 0.997857 -0.026557 -0.260300 -0.928041 -0.045772 0.369655 30.696000
0.332959 0.046314 0.941803 8.654828 -0.060383 0.997790 -0.027720 -0.273588 -0.941006 -0.047639 0.335020 31.069815
0.299063 0.045661 0.953140 9.024043 -0.059562 0.997800 -0.029112 -0.286837 -0.952373 -0.048065 0.301124 31.424537
0.265866 0.044196 0.962996 9.418302 -0.056105 0.997965 -0.030311 -0.297383 -0.962376 -0.045970 0.267804 31.794481
0.231830 0.042341 0.971834 9.757411 -0.047550 0.998351 -0.032153 -0.313990 -0.971593 -0.038756 0.233462 32.059481
0.199101 0.045989 0.978899 10.096607 -0.045836 0.998242 -0.037575 -0.328368 -0.978907 -0.037388 0.200859 32.223352
0.168170 0.050623 0.984457 10.560569 -0.043251 0.998098 -0.043936 -0.344880 -0.984809 -0.035190 0.170040 32.554352
0.140030 0.053646 0.988693 10.882955 -0.036864 0.998121 -0.048937 -0.361868 -0.989461 -0.029595 0.141744 32.640481
0.115682 0.051973 0.991926 11.057159 -0.035874 0.998197 -0.048118 -0.370398 -0.992638 -0.030018 0.117338 32.532037
0.095351 0.048461 0.994263 11.500348 -0.033668 0.998400 -0.045434 -0.392848 -0.994874 -0.029143 0.096830 32.674944
0.074322 0.046011 0.996173 11.846164 -0.033424 0.998489 -0.043624 -0.412990 -0.996674 -0.030053 0.075747 32.797667
0.059813 0.048948 0.997009 12.268033 -0.032096 0.998375 -0.047090 -0.432689 -0.997694 -0.029184 0.061287 32.836870
0.045056 0.053686 0.997541 12.650931 -0.029520 0.998190 -0.052387 -0.452623 -0.998548 -0.027087 0.046559 32.881759
0.033832 0.057753 0.997757 13.044159 -0.024684 0.998073 -0.056934 -0.475848 -0.999123 -0.022702 0.035192 32.887000
0.023755 0.061365 0.997833 13.335781 -0.020137 0.997941 -0.060892 -0.495046 -0.999515 -0.018647 0.024941 32.858667
0.019080 0.065785 0.997652 13.797157 -0.015837 0.997728 -0.065487 -0.521868 -0.999693 -0.014551 0.020078 32.914241
0.015325 0.070825 0.997371 14.227304 -0.014149 0.997404 -0.070610 -0.552132 -0.999782 -0.013030 0.016288 32.979667
0.012767 0.074400 0.997147 14.610386 -0.012496 0.997162 -0.074241 -0.581388 -0.999840 -0.011513 0.013661 32.974574
0.009642 0.077544 0.996942 14.986728 -0.011499 0.996931 -0.077432 -0.609821 -0.999887 -0.010717 0.010504 33.011426
0.007156 0.080948 0.996692 15.384400 -0.010849 0.996666 -0.080868 -0.641793 -0.999915 -0.010235 0.008010 33.017778
0.003985 0.084008 0.996457 15.712596 -0.009414 0.996424 -0.083968 -0.674007 -0.999948 -0.009046 0.004761 33.060537
0.002047 0.085739 0.996316 16.204892 -0.006896 0.996295 -0.085723 -0.711448 -0.999974 -0.006695 0.002630 33.125185
-0.000354 0.084796 0.996398 16.589054 -0.006873 0.996375 -0.084797 -0.743903 -0.999976 -0.006878 0.000230 33.143352
-0.003212 0.084662 0.996405 16.948683 -0.007617 0.996379 -0.084684 -0.775445 -0.999966 -0.007861 -0.002555 33.173333
-0.004949 0.085848 0.996296 17.336392 -0.008446 0.996269 -0.085887 -0.805288 -0.999952 -0.008840 -0.004206 33.131407
-0.007491 0.088211 0.996074 17.726159 -0.009476 0.996051 -0.088280 -0.839652 -0.999927 -0.010100 -0.006625 33.152222
-0.010351 0.090882 0.995808 18.042523 -0.011758 0.995781 -0.091002 -0.870983 -0.999877 -0.012651 -0.009239 33.096352
-0.013082 0.094520 0.995437 18.396385 -0.012867 0.995424 -0.094688 -0.907921 -0.999832 -0.014047 -0.011806 33.115704
-0.014664 0.099140 0.994966 18.843548 -0.016735 0.994909 -0.099381 -0.949089 -0.999753 -0.018108 -0.012931 33.089815
-0.017583 0.101649 0.994665 19.245983 -0.019040 0.994604 -0.101979 -0.989769 -0.999664 -0.020732 -0.015552 33.103296
-0.020884 0.100408 0.994727 19.673010 -0.021643 0.994666 -0.100856 -1.029904 -0.999548 -0.023635 -0.018599 33.118278
-0.025523 0.096713 0.994985 20.081396 -0.024027 0.994962 -0.097327 -1.071737 -0.999385 -0.026391 -0.023071 33.201296
-0.027650 0.095181 0.995076 20.492384 -0.024572 0.995091 -0.095865 -1.113720 -0.999316 -0.027102 -0.025175 33.114722
-0.029809 0.096099 0.994925 20.930832 -0.024528 0.994998 -0.096841 -1.154695 -0.999255 -0.027290 -0.027303 33.125222
-0.031551 0.098949 0.994592 21.332878 -0.023417 0.994741 -0.099707 -1.194309 -0.999228 -0.026436 -0.029068 33.117685
-0.031034 0.101153 0.994387 21.797397 -0.022606 0.994540 -0.101875 -1.240964 -0.999263 -0.025641 -0.028578 33.022426
-0.031470 0.102417 0.994244 22.222733 -0.025950 0.994317 -0.103246 -1.281283 -0.999168 -0.029050 -0.028633 32.974944
-0.032490 0.101124 0.994343 22.602472 -0.028094 0.994383 -0.102046 -1.326696 -0.999077 -0.031250 -0.029466 32.998019
-0.032614 0.101325 0.994319 23.066732 -0.031800 0.994239 -0.102360 -1.369363 -0.998962 -0.034958 -0.029204 33.010593
-0.034722 0.102629 0.994113 23.513603 -0.032747 0.994062 -0.103768 -1.415295 -0.998860 -0.036157 -0.031155 33.144352
-0.036734 0.103724 0.993928 24.022543 -0.036589 0.993792 -0.105062 -1.463189 -0.998655 -0.040226 -0.032710 33.249019
-0.037112 0.103451 0.993942 24.446324 -0.040796 0.993641 -0.104943 -1.510171 -0.998478 -0.044443 -0.032656 33.193407
-0.037446 0.098025 0.994479 24.844882 -0.038472 0.994298 -0.099456 -1.556086 -0.998558 -0.041984 -0.033461 33.129963
-0.038485 0.089380 0.995254 25.244017 -0.037308 0.995169 -0.090815 -1.594570 -0.998563 -0.040626 -0.034964 33.081167
-0.037826 0.083401 0.995798 25.655481 -0.032695 0.995874 -0.084649 -1.636258 -0.998749 -0.035759 -0.034943 33.004870
-0.036607 0.085269 0.995685 26.098578 -0.024429 0.995979 -0.086193 -1.673844 -0.999031 -0.027479 -0.034376 32.920685
-0.035199 0.090184 0.995303 26.521166 -0.019303 0.995673 -0.090901 -1.712297 -0.999194 -0.022412 -0.033306 32.857852
-0.034996 0.095474 0.994816 26.944153 -0.015226 0.995260 -0.096052 -1.753618 -0.999271 -0.018508 -0.033377 32.845611
-0.033794 0.099325 0.994481 27.385360 -0.014925 0.994888 -0.099873 -1.797965 -0.999317 -0.018218 -0.032139 32.752222
-0.035324 0.097871 0.994572 27.825925 -0.017740 0.994975 -0.098541 -1.841214 -0.999219 -0.021124 -0.033410 32.785796
-0.035108 0.093649 0.994986 28.335474 -0.018604 0.995366 -0.094341 -1.888783 -0.999210 -0.021823 -0.033203 32.744796
-0.034727 0.091171 0.995229 28.799161 -0.021696 0.995527 -0.091956 -1.934905 -0.999161 -0.024786 -0.032594 32.673667
-0.034125 0.092691 0.995110 29.289265 -0.024404 0.995316 -0.093547 -1.978114 -0.999120 -0.027477 -0.031703 32.626833
-0.034363 0.097445 0.994648 29.783749 -0.024424 0.994856 -0.098309 -2.028390 -0.999111 -0.027671 -0.031806 32.592852
-0.034158 0.100656 0.994335 30.250838 -0.025865 0.994493 -0.101561 -2.074276 -0.999082 -0.029188 -0.031366 32.531333
-0.033069 0.098909 0.994547 30.735763 -0.025203 0.994692 -0.099762 -2.125900 -0.999135 -0.028365 -0.030400 32.453852
-0.036571 0.092406 0.995050 31.148723 -0.020774 0.995430 -0.093205 -2.169817 -0.999115 -0.024079 -0.034484 32.541926
-0.035805 0.089885 0.995309 31.747324 -0.023842 0.995587 -0.090767 -2.223003 -0.999074 -0.026980 -0.033504 32.440907
-0.038421 0.094875 0.994748 32.166682 -0.025795 0.995057 -0.095900 -2.261059 -0.998929 -0.029344 -0.035784 32.513870
-0.039903 0.098402 0.994346 32.600399 -0.027902 0.994641 -0.099551 -2.304353 -0.998814 -0.031717 -0.036944 32.470204
-0.040578 0.098263 0.994333 33.079466 -0.029246 0.994609 -0.099484 -2.351758 -0.998748 -0.033117 -0.037485 32.441111
-0.039701 0.094524 0.994731 33.618974 -0.030164 0.994948 -0.095748 -2.406034 -0.998756 -0.033807 -0.036649 32.389889
-0.039378 0.092980 0.994889 34.066359 -0.029700 0.995112 -0.094176 -2.456327 -0.998783 -0.033257 -0.036424 32.299611
-0.037831 0.093330 0.994916 34.523912 -0.030301 0.995064 -0.094496 -2.500930 -0.998825 -0.033721 -0.034817 32.196593
-0.036553 0.093241 0.994972 35.008837 -0.027573 0.995165 -0.094272 -2.545756 -0.998951 -0.030880 -0.033805 32.150037
-0.035687 0.093074 0.995019 35.474733 -0.028595 0.995151 -0.094112 -2.594076 -0.998954 -0.031811 -0.032852 32.064037
-0.034021 0.093383 0.995049 35.941736 -0.028289 0.995136 -0.094359 -2.641415 -0.999021 -0.031360 -0.031214 31.987593
-0.032646 0.091782 0.995244 36.426985 -0.028326 0.995290 -0.092715 -2.687221 -0.999066 -0.031218 -0.029893 31.931556
-0.030354 0.091176 0.995372 36.899086 -0.030754 0.995274 -0.092105 -2.737696 -0.999066 -0.033407 -0.027407 31.810426
-0.028379 0.090334 0.995507 37.411961 -0.029801 0.995389 -0.091172 -2.787285 -0.999153 -0.032255 -0.025556 31.755981
-0.026378 0.091301 0.995474 37.881864 -0.033481 0.995181 -0.092162 -2.832602 -0.999091 -0.035761 -0.023194 31.681815
-0.024863 0.093785 0.995282 38.411140 -0.032511 0.994987 -0.094570 -2.882142 -0.999162 -0.034709 -0.021689 31.660852
-0.023610 0.092813 0.995404 38.895055 -0.035798 0.994964 -0.093621 -2.929749 -0.999080 -0.037844 -0.020169 31.593352
-0.023414 0.091429 0.995536 39.371087 -0.041611 0.994857 -0.092345 -2.975237 -0.998860 -0.043587 -0.019489 31.545407
-0.023382 0.092695 0.995420 39.829703 -0.045090 0.994581 -0.093676 -3.022012 -0.998709 -0.047074 -0.019075 31.494037
-0.024526 0.093390 0.995328 40.419707 -0.044467 0.994540 -0.094412 -3.070647 -0.998710 -0.046574 -0.020239 31.604463
-0.025518 0.091317 0.995495 40.925353 -0.046791 0.994619 -0.092436 -3.117503 -0.998579 -0.048939 -0.021108 31.571185
-0.026586 0.089870 0.995599 41.431138 -0.049622 0.994604 -0.091106 -3.168377 -0.998414 -0.051826 -0.021983 31.517815
-0.028630 0.088693 0.995648 41.943388 -0.051974 0.994576 -0.090092 -3.219806 -0.998238 -0.054327 -0.023865 31.501333
-0.027869 0.089281 0.995617 42.509545 -0.052927 0.994475 -0.090660 -3.274956 -0.998210 -0.055222 -0.022989 31.423741
-0.030238 0.087772 0.995682 42.990566 -0.053385 0.994573 -0.089296 -3.322588 -0.998116 -0.055855 -0.025388 31.366537
-0.031870 0.082967 0.996043 43.510025 -0.056734 0.994792 -0.084678 -3.375940 -0.997880 -0.059208 -0.026997 31.285981
-0.033404 0.082562 0.996026 44.224180 -0.053507 0.995005 -0.084272 -3.435448 -0.998009 -0.056109 -0.028820 31.253630
-0.037253 0.088636 0.995367 44.757662 -0.060858 0.994008 -0.090793 -3.484330 -0.997451 -0.063959 -0.031636 31.127630
-0.042798 0.092457 0.994796 45.179095 -0.059116 0.993730 -0.094901 -3.538707 -0.997333 -0.062870 -0.037064 30.993648
-0.051085 0.088765 0.994742 45.648106 -0.058111 0.994090 -0.091691 -3.588808 -0.997002 -0.062489 -0.045625 30.898537
-0.060317 0.087067 0.994375 46.125920 -0.056293 0.994306 -0.090476 -3.639172 -0.996591 -0.061433 -0.055072 30.756574
-0.073333 0.086586 0.993542 46.643845 -0.055514 0.994325 -0.090752 -3.688399 -0.995761 -0.061811 -0.068110 30.653130
-0.086901 0.086696 0.992437 47.166154 -0.053242 0.994378 -0.091528 -3.736827 -0.994793 -0.060793 -0.081796 30.502093
-0.100799 0.084806 0.991286 47.661820 -0.052731 0.994505 -0.090443 -3.789488 -0.993508 -0.061388 -0.095773 30.318093
-0.114899 0.086064 0.989642 48.187624 -0.048896 0.994542 -0.092167 -3.837802 -0.992173 -0.058979 -0.110064 30.096907
-0.129990 0.089433 0.987474 48.709609 -0.047627 0.994211 -0.096313 -3.888039 -0.990371 -0.059550 -0.124978 29.898630
-0.142855 0.093610 0.985307 49.046553 -0.049062 0.993624 -0.101514 -3.931566 -0.988527 -0.062843 -0.137351 29.605037
-0.158199 0.092006 0.983112 49.515241 -0.052923 0.993428 -0.101487 -3.983151 -0.985988 -0.068085 -0.152290 29.329019
-0.172226 0.086978 0.981210 49.942845 -0.059381 0.993366 -0.098479 -4.035575 -0.983266 -0.075226 -0.165918 28.961222
-0.186516 0.083552 0.978893 50.446028 -0.063186 0.993294 -0.096820 -4.089902 -0.980418 -0.079911 -0.179986 28.599833
-0.200632 0.085368 0.975940 50.846746 -0.065426 0.992804 -0.100293 -4.134781 -0.977480 -0.083974 -0.193603 28.287852
-0.213724 0.088003 0.972922 51.404539 -0.063275 0.992596 -0.103682 -4.193950 -0.974843 -0.083721 -0.206573 27.922537
-0.224586 0.090199 0.970271 51.770205 -0.061761 0.992387 -0.106551 -4.242668 -0.972495 -0.083854 -0.217306 27.498981
-0.237934 0.089573 0.967142 52.306009 -0.059407 0.992532 -0.106539 -4.306752 -0.969463 -0.082804 -0.230836 27.040204
-0.249916 0.087698 0.964288 52.693124 -0.059644 0.992604 -0.105732 -4.357122 -0.966429 -0.083938 -0.242837 26.592222
-0.262349 0.085668 0.961163 53.184919 -0.060259 0.992653 -0.104922 -4.418812 -0.963090 -0.085445 -0.255259 26.045833
-0.275628 0.087045 0.957315 53.620504 -0.061365 0.992267 -0.107891 -4.475397 -0.959304 -0.088483 -0.268155 25.540833
-0.289997 0.088915 0.952888 54.021168 -0.060456 0.991984 -0.110962 -4.526691 -0.955116 -0.089786 -0.282297 25.098111
-0.303493 0.089821 0.948591 54.341658 -0.059689 0.991799 -0.113010 -4.570177 -0.950962 -0.090918 -0.295643 24.637130
-0.317574 0.091464 0.943812 54.802602 -0.056684 0.991726 -0.115180 -4.631936 -0.946538 -0.090078 -0.309762 24.095574
-0.329121 0.094295 0.939568 54.797148 -0.058752 0.991029 -0.120040 -4.639630 -0.942458 -0.094709 -0.320629 23.890148
-0.339027 0.094694 0.935999 54.804546 -0.058981 0.990825 -0.121604 -4.650290 -0.938926 -0.096433 -0.330331 23.621352
-0.349477 0.092065 0.932411 54.812862 -0.061294 0.990783 -0.120802 -4.660727 -0.934938 -0.099368 -0.340612 23.428481
-0.362203 0.086755 0.928053 54.864918 -0.065478 0.990831 -0.118178 -4.674945 -0.929797 -0.103572 -0.353202 23.208222
-0.380140 0.086448 0.920880 55.310418 -0.065230 0.990638 -0.119924 -4.734464 -0.922626 -0.105657 -0.370942 22.656778
-0.397500 0.085116 0.913646 55.761696 -0.066432 0.990406 -0.121169 -4.796710 -0.915194 -0.108860 -0.388032 22.006167
-0.414056 0.083239 0.906438 56.223612 -0.068108 0.990186 -0.122041 -4.864488 -0.907700 -0.112268 -0.404323 21.235222
-0.430327 0.082893 0.898859 56.695950 -0.068803 0.989866 -0.124225 -4.933167 -0.900047 -0.115302 -0.420262 20.439241
-0.446682 0.082517 0.890880 57.073950 -0.068173 0.989704 -0.125852 -4.990296 -0.892092 -0.116950 -0.436457 19.781944
-0.461999 0.079706 0.883292 57.494988 -0.067911 0.989850 -0.124842 -5.054749 -0.884277 -0.117663 -0.451896 19.007389
-0.477275 0.076185 0.875445 57.909600 -0.067014 0.990178 -0.122705 -5.117167 -0.876195 -0.117231 -0.467481 18.203676
-0.492850 0.073936 0.866967 58.333446 -0.066019 0.990334 -0.121986 -5.181668 -0.867606 -0.117357 -0.483205 17.368793
-0.509373 0.073059 0.857439 58.753836 -0.065849 0.990159 -0.123487 -5.241999 -0.858023 -0.119362 -0.499549 16.568248
-0.526380 0.074191 0.847007 59.253660 -0.065765 0.989649 -0.127555 -5.317632 -0.847703 -0.122846 -0.516052 15.584106
-0.541796 0.074800 0.837175 59.628744 -0.066894 0.989035 -0.131660 -5.379478 -0.837844 -0.127335 -0.530852 14.687417
-0.558183 0.072230 0.826568 60.065334 -0.067521 0.988945 -0.132016 -5.452137 -0.826966 -0.129500 -0.547135 13.642870
-0.576271 0.065413 0.814636 60.524928 -0.069631 0.989237 -0.128690 -5.522348 -0.814287 -0.130885 -0.565514 12.630726
-0.596025 0.062676 0.800516 60.985494 -0.068185 0.989398 -0.128232 -5.599746 -0.800065 -0.131012 -0.585432 11.559428
-0.616100 0.061720 0.785246 61.337898 -0.068230 0.988996 -0.131267 -5.651581 -0.784708 -0.134450 -0.605109 10.703048
-0.637664 0.059038 0.768049 61.880760 -0.066635 0.989094 -0.131352 -5.735788 -0.767427 -0.134937 -0.626776 9.566746
-0.659881 0.057850 0.749140 62.442090 -0.064126 0.989058 -0.132862 -5.811907 -0.748629 -0.135712 -0.648951 8.465452
-0.677257 0.061351 0.733184 62.693136 -0.059609 0.988666 -0.137791 -5.866306 -0.733327 -0.137025 -0.665924 7.525850
-0.696416 0.062495 0.714912 63.245286 -0.051355 0.989307 -0.136508 -5.953662 -0.715799 -0.131780 -0.685760 6.176681
-0.713402 0.063075 0.697911 63.592128 -0.046455 0.989493 -0.136914 -6.025196 -0.699214 -0.130096 -0.702976 4.990394
-0.731434 0.063512 0.678948 64.054638 -0.042528 0.989466 -0.138376 -6.119399 -0.680585 -0.130087 -0.721029 3.481239
-0.748630 0.067042 0.659590 64.382580 -0.040416 0.988409 -0.146336 -6.185084 -0.661755 -0.136210 -0.737243 2.293406
-0.764424 0.067085 0.641214 64.803672 -0.035217 0.988742 -0.145429 -6.282538 -0.643752 -0.133751 -0.753455 0.608079
-0.778558 0.065917 0.624101 65.125620 -0.031414 0.989128 -0.143660 -6.357938 -0.626786 -0.131453 -0.768023 -0.666498
-0.792598 0.066878 0.606066 65.578572 -0.026645 0.989218 -0.144003 -6.465290 -0.609162 -0.130286 -0.782271 -2.580796
-0.804715 0.069560 0.589573 65.879514 -0.024733 0.988321 -0.150364 -6.524145 -0.593147 -0.135582 -0.793596 -3.780604
-0.815600 0.068535 0.574542 66.164688 -0.024955 0.987870 -0.153265 -6.595582 -0.578077 -0.139341 -0.803997 -5.070533
-0.826513 0.066531 0.558972 66.562074 -0.023689 0.988000 -0.152623 -6.691361 -0.562419 -0.139387 -0.815019 -6.876194
-0.836410 0.064725 0.544269 66.843576 -0.023930 0.987744 -0.154239 -6.762749 -0.547582 -0.142031 -0.824610 -8.107835
-0.845780 0.062195 0.529894 67.148676 -0.023229 0.987948 -0.153035 -6.848453 -0.533026 -0.141743 -0.834142 -9.630859
-0.853865 0.059655 0.517065 67.424670 -0.023369 0.988015 -0.152581 -6.927989 -0.519970 -0.142367 -0.842237 -11.126291
-0.862262 0.052965 0.503685 67.701906 -0.026299 0.988492 -0.148967 -7.008282 -0.505779 -0.141695 -0.850947 -12.640448
-0.869319 0.048742 0.491841 67.963752 -0.026851 0.988999 -0.145469 -7.085837 -0.493521 -0.139665 -0.858447 -14.076794
-0.874921 0.050659 0.481608 68.218362 -0.021191 0.989556 -0.142586 -7.161664 -0.483801 -0.134957 -0.864710 -15.601448
-0.878990 0.054442 0.473722 68.458878 -0.016919 0.989275 -0.145084 -7.235104 -0.476540 -0.135542 -0.868641 -17.111859
-0.882126 0.060148 0.467157 68.692266 -0.009830 0.989246 -0.145930 -7.311881 -0.470911 -0.133321 -0.872049 -18.639556
-0.885532 0.061869 0.460441 68.978142 -0.008012 0.988912 -0.148289 -7.396126 -0.464510 -0.135004 -0.875217 -20.311444
-0.888065 0.059684 0.455827 69.212610 -0.009145 0.989047 -0.147316 -7.472990 -0.459627 -0.134995 -0.877793 -21.797389
-0.891022 0.051800 0.450996 69.445674 -0.015564 0.989399 -0.144387 -7.545188 -0.453694 -0.135671 -0.880770 -23.255889
-0.893478 0.046586 0.446683 69.668910 -0.019815 0.989548 -0.142839 -7.619708 -0.448669 -0.136475 -0.883216 -24.756833
-0.895795 0.040977 0.442574 69.895440 -0.026239 0.989129 -0.144690 -7.692197 -0.443692 -0.141225 -0.884982 -26.289889
-0.898252 0.037840 0.437849 70.133472 -0.029997 0.988684 -0.146984 -7.771064 -0.438456 -0.145163 -0.886952 -27.862759
-0.899554 0.037577 0.435190 70.361028 -0.031181 0.988227 -0.149781 -7.845887 -0.435695 -0.148306 -0.887792 -29.411130
-0.899482 0.039073 0.435208 70.554348 -0.030961 0.987792 -0.152673 -7.913597 -0.435860 -0.150802 -0.887291 -30.821611
-0.899960 0.041374 0.434005 70.766838 -0.028745 0.987689 -0.153763 -7.991320 -0.435024 -0.150856 -0.887692 -32.253926
-0.899605 0.043284 0.434553 70.988130 -0.027802 0.987381 -0.155902 -8.069009 -0.435818 -0.152332 -0.887050 -33.742167
-0.898804 0.043655 0.436171 71.212230 -0.028490 0.987107 -0.157505 -8.151802 -0.437423 -0.153993 -0.885972 -35.364333
-0.898114 0.044504 0.437506 71.430606 -0.028405 0.986918 -0.158701 -8.227294 -0.438845 -0.154959 -0.885100 -36.856093
-0.898505 0.041409 0.437006 71.687970 -0.030603 0.987209 -0.156466 -8.325207 -0.437896 -0.153959 -0.885745 -38.555481
-0.897159 0.041212 0.439781 71.894196 -0.031919 0.986986 -0.157607 -8.396406 -0.440553 -0.155436 -0.884168 -39.934667
-0.896023 0.039489 0.442247 72.117054 -0.033539 0.987172 -0.156098 -8.470953 -0.442738 -0.154700 -0.883205 -41.332444
-0.894194 0.037910 0.446072 72.358218 -0.034560 0.987589 -0.153211 -8.550830 -0.446344 -0.152416 -0.881786 -42.881926
-0.890507 0.036701 0.453487 72.587124 -0.036653 0.987714 -0.151912 -8.623136 -0.453491 -0.151901 -0.878221 -44.411963
-0.887606 0.036959 0.459118 72.826290 -0.036873 0.987875 -0.150810 -8.705329 -0.459125 -0.150790 -0.875481 -45.910093
-0.883813 0.037429 0.466342 73.075014 -0.037547 0.987904 -0.150450 -8.788106 -0.466332 -0.150479 -0.871717 -47.502704
-0.879760 0.032974 0.474274 73.321578 -0.046041 0.986994 -0.154026 -8.856486 -0.473184 -0.157342 -0.866799 -49.065722
-0.873572 0.042425 0.484843 73.570626 -0.037889 0.987242 -0.154654 -8.937151 -0.485218 -0.153472 -0.860819 -50.593481
-0.868563 0.046227 0.493419 73.807200 -0.037054 0.986796 -0.157676 -9.001541 -0.494192 -0.155234 -0.855381 -51.864630
-0.861378 0.048307 0.505662 74.044206 -0.037702 0.986642 -0.158480 -9.078480 -0.506564 -0.155576 -0.848051 -53.230019
-0.854129 0.051335 0.517521 74.295900 -0.036151 0.986849 -0.157553 -9.157919 -0.518803 -0.153279 -0.841041 -54.593370
-0.847922 0.052746 0.527490 74.551698 -0.039915 0.985861 -0.162743 -9.198727 -0.528616 -0.159048 -0.833828 -55.932463
-0.841305 0.053052 0.537951 74.871162 -0.043485 0.985305 -0.165176 -9.278863 -0.538809 -0.162357 -0.826635 -57.437611
-0.831771 0.053815 0.552504 75.157956 -0.044735 0.985555 -0.163342 -9.372062 -0.553314 -0.160580 -0.817348 -59.034796
-0.824717 0.054823 0.562883 75.440268 -0.044824 0.985823 -0.161691 -9.452225 -0.563767 -0.158580 -0.810567 -60.380037
-0.817043 0.056838 0.573769 75.728736 -0.044465 0.985954 -0.160988 -9.523510 -0.574860 -0.157047 -0.803039 -61.678222
-0.805977 0.061042 0.588792 76.005648 -0.041261 0.986456 -0.158751 -9.605801 -0.590508 -0.152244 -0.792542 -63.031963
-0.796774 0.066878 0.600565 76.320738 -0.036159 0.986799 -0.157860 -9.684122 -0.603195 -0.147495 -0.783838 -64.393907
-0.783461 0.066567 0.617865 76.594680 -0.037865 0.987285 -0.154382 -9.771430 -0.620286 -0.144348 -0.770979 -65.669611
-0.772004 0.066471 0.632132 76.896540 -0.041493 0.987125 -0.154475 -9.843028 -0.634262 -0.145484 -0.759307 -66.912593
-0.760886 0.062963 0.645824 77.216004 -0.048022 0.987088 -0.152812 -9.919643 -0.647106 -0.147287 -0.748038 -68.104889
-0.754888 0.079379 0.651032 77.564898 -0.034964 0.986366 -0.160808 -9.951687 -0.654921 -0.144155 -0.741821 -69.177463
-0.744076 0.074861 0.663888 77.881662 -0.043636 0.986135 -0.160104 -10.030187 -0.666668 -0.148099 -0.730493 -70.297000
-0.729714 0.074649 0.679665 78.218406 -0.045777 0.986459 -0.157493 -10.109405 -0.682218 -0.146038 -0.716415 -71.520241
-0.712967 0.080782 0.696528 78.550398 -0.040707 0.986898 -0.156126 -10.181122 -0.700015 -0.139666 -0.700338 -72.632889
-0.695944 0.083253 0.713253 78.894432 -0.042434 0.986753 -0.156581 -10.255858 -0.716841 -0.139238 -0.683192 -73.748815
-0.679618 0.085008 0.728624 79.256124 -0.047030 0.986170 -0.158923 -10.327732 -0.732057 -0.142274 -0.666221 -74.847852
-0.659401 0.089480 0.746448 79.593894 -0.046030 0.986224 -0.158885 -10.398510 -0.750381 -0.139128 -0.646198 -75.863944
-0.641573 0.086498 0.762169 79.954344 -0.056513 0.985591 -0.159424 -10.466080 -0.764977 -0.145355 -0.627441 -76.847148
-0.621142 0.087064 0.778847 80.352216 -0.057802 0.986014 -0.156320 -10.552729 -0.781564 -0.142116 -0.607422 -77.885296
-0.600685 0.088154 0.794611 80.730810 -0.062935 0.985604 -0.156918 -10.624279 -0.797005 -0.144268 -0.586490 -78.815852
-0.578164 0.088056 0.811155 81.090342 -0.068582 0.985396 -0.155854 -10.694867 -0.813033 -0.145740 -0.563682 -79.673167
-0.556060 0.088794 0.826385 81.495288 -0.069597 0.985811 -0.152755 -10.776067 -0.828223 -0.142455 -0.541990 -80.589648
-0.533429 0.087728 0.841283 81.891594 -0.074963 0.985790 -0.150329 -10.846273 -0.842516 -0.143255 -0.519273 -81.426630
-0.508159 0.088925 0.856660 82.264572 -0.076986 0.985984 -0.148016 -10.914664 -0.857816 -0.141166 -0.494191 -82.157352
-0.482932 0.093568 0.870645 82.670220 -0.066303 0.987513 -0.142905 -11.002257 -0.873144 -0.126740 -0.470698 -82.865185
-0.457508 0.094049 0.884218 83.079702 -0.073202 0.987032 -0.142861 -11.060237 -0.886188 -0.130086 -0.444690 -83.541815
-0.431823 0.093190 0.897132 83.499390 -0.083448 0.986254 -0.142614 -11.111737 -0.898090 -0.136448 -0.418110 -84.181352
-0.402632 0.091371 0.910790 83.932362 -0.072434 0.988705 -0.131208 -11.208737 -0.912492 -0.118801 -0.391466 -84.800481
-0.374367 0.092389 0.922666 84.326994 -0.074304 0.988836 -0.129163 -11.265766 -0.924299 -0.116912 -0.363323 -85.288963
-0.345496 0.095009 0.933598 84.794526 -0.083279 0.987832 -0.131347 -11.324497 -0.934718 -0.123128 -0.333380 -85.859296
-0.314590 0.096765 0.944283 85.217508 -0.088084 0.987522 -0.130541 -11.379722 -0.945132 -0.124243 -0.302141 -86.304963
-0.289326 0.098838 0.952114 85.686552 -0.090243 0.987409 -0.129924 -11.434273 -0.952967 -0.123512 -0.276764 -86.662167
-0.260488 0.102114 0.960062 86.130324 -0.098046 0.986453 -0.131523 -11.474303 -0.960486 -0.128391 -0.246947 -86.993796
-0.229892 0.105212 0.967512 86.563998 -0.108376 0.985188 -0.132885 -11.491929 -0.967163 -0.135405 -0.215084 -87.296148
-0.196036 0.102140 0.975263 87.025482 -0.107924 0.986271 -0.124987 -11.566379 -0.974639 -0.129756 -0.182321 -87.579241
-0.163440 0.100276 0.981444 87.510618 -0.108923 0.986905 -0.118973 -11.630439 -0.980522 -0.126346 -0.150377 -87.772759
-0.129728 0.101642 0.986326 87.979662 -0.115944 0.986353 -0.116894 -11.679077 -0.984748 -0.129523 -0.116173 -87.957500
-0.095540 0.101262 0.990262 88.449084 -0.117039 0.986769 -0.112197 -11.735426 -0.988521 -0.126618 -0.082424 -88.071463
-0.060083 0.101155 0.993055 88.899444 -0.119679 0.986946 -0.107774 -11.789647 -0.990993 -0.125323 -0.047192 -88.141019
-0.026612 0.102612 0.994366 89.351478 -0.124342 0.986653 -0.105144 -11.835401 -0.991883 -0.126440 -0.013498 -88.150333
0.006516 0.103945 0.994562 89.813880 -0.131015 0.986098 -0.102202 -11.879417 -0.991359 -0.129637 0.020043 -88.115685
0.037472 0.104051 0.993866 90.271692 -0.135129 0.985957 -0.098128 -11.921796 -0.990119 -0.130623 0.051006 -87.990759
0.068609 0.104932 0.992110 90.722700 -0.138377 0.985842 -0.094700 -11.965784 -0.988000 -0.130788 0.082157 -87.818444
0.099893 0.104943 0.989448 91.179378 -0.139172 0.986121 -0.090539 -12.009848 -0.985217 -0.128659 0.113112 -87.607870
0.130070 0.104592 0.985973 91.630008 -0.141260 0.986231 -0.085984 -12.046482 -0.981391 -0.128094 0.143054 -87.355000
0.155358 0.105327 0.982227 92.084202 -0.144859 0.985980 -0.082817 -12.082775 -0.977180 -0.129418 0.168437 -86.990444
0.178208 0.107158 0.978141 92.549898 -0.147776 0.985693 -0.081062 -12.111104 -0.972833 -0.130100 0.191494 -86.526519
0.209520 0.106330 0.972006 92.960784 -0.145358 0.986411 -0.076573 -12.149298 -0.966940 -0.125245 0.222129 -86.238963
0.238119 0.105055 0.965538 93.369618 -0.143159 0.987070 -0.072093 -12.181952 -0.960627 -0.121059 0.250080 -85.838259
0.269889 0.104021 0.957256 93.835098 -0.142972 0.987457 -0.066993 -12.217640 -0.952218 -0.118780 0.281376 -85.425852
0.297463 0.103256 0.949133 94.258242 -0.142292 0.987826 -0.062870 -12.249085 -0.944070 -0.116353 0.308534 -84.908667
0.323040 0.102883 0.940777 94.680792 -0.140285 0.988297 -0.059909 -12.271581 -0.935930 -0.112624 0.333692 -84.298574
0.348545 0.102454 0.931676 95.095512 -0.138721 0.988700 -0.056828 -12.293694 -0.926970 -0.109436 0.358819 -83.662093
0.373768 0.101014 0.922005 95.508288 -0.138254 0.989014 -0.052309 -12.314533 -0.917160 -0.107920 0.383628 -83.007463
0.402588 0.099597 0.909947 95.914584 -0.137677 0.989344 -0.047375 -12.340291 -0.904969 -0.106206 0.412010 -82.406093
0.426672 0.103135 0.898507 96.323742 -0.140322 0.988995 -0.046888 -12.356766 -0.893455 -0.106074 0.436448 -81.640741
0.454887 0.105555 0.884271 96.716592 -0.140613 0.989008 -0.045724 -12.378717 -0.879378 -0.103540 0.464729 -80.929963
0.479643 0.104637 0.871202 97.161120 -0.139262 0.989358 -0.042156 -12.389063 -0.866342 -0.101106 0.489111 -79.940056
0.507424 0.100579 0.855807 97.551324 -0.135487 0.990124 -0.036032 -12.411922 -0.850979 -0.097667 0.516039 -79.137741
0.531914 0.098316 0.841071 97.951464 -0.134785 0.990404 -0.030531 -12.429445 -0.836003 -0.097124 0.540062 -78.229981
0.554728 0.098608 0.826168 98.334702 -0.135582 0.990393 -0.027173 -12.441740 -0.820910 -0.096940 0.562769 -77.305519
0.576251 0.099535 0.811189 98.723124 -0.137171 0.990255 -0.024063 -12.454225 -0.805679 -0.097405 0.584289 -76.398519
0.596626 0.098077 0.796504 99.060894 -0.136771 0.990411 -0.019505 -12.467569 -0.790779 -0.097301 0.604318 -75.460444
0.613891 0.096074 0.783523 99.450882 -0.136177 0.990575 -0.014768 -12.469091 -0.777556 -0.097632 0.621187 -74.363685
0.631073 0.094356 0.769964 99.822834 -0.135474 0.990726 -0.010373 -12.475766 -0.763803 -0.097764 0.638003 -73.338759
0.647875 0.090572 0.756343 100.170810 -0.132278 0.991198 -0.005387 -12.486010 -0.750173 -0.096557 0.654153 -72.311185
0.663497 0.087517 0.743043 100.525266 -0.128882 0.991658 -0.001715 -12.491275 -0.736995 -0.094627 0.669241 -71.247648
0.679025 0.089133 0.728684 100.869462 -0.130063 0.991506 -0.000083 -12.490735 -0.722502 -0.094719 0.684850 -70.234167
0.694553 0.087796 0.714065 101.175588 -0.128044 0.991765 0.002605 -12.491242 -0.707956 -0.093241 0.700075 -69.276185
0.708449 0.085729 0.700536 101.524158 -0.127450 0.991816 0.007515 -12.488008 -0.694159 -0.094608 0.713578 -68.094704
0.722368 0.083215 0.686483 101.783034 -0.126218 0.991923 0.012576 -12.491788 -0.679892 -0.095731 0.727037 -67.255500
0.735535 0.082140 0.672489 102.133332 -0.125279 0.991995 0.015858 -12.481992 -0.665803 -0.095912 0.739937 -65.942833
0.750333 0.081082 0.656069 102.390642 -0.122270 0.992348 0.017195 -12.483655 -0.649654 -0.093119 0.754505 -65.113000
0.763851 0.082321 0.640121 102.647412 -0.122785 0.992253 0.018913 -12.491253 -0.633605 -0.093044 0.768042 -64.601685
0.777359 0.081222 0.623792 102.888198 -0.121677 0.992316 0.022425 -12.504348 -0.617177 -0.093334 0.781269 -64.068759
0.790357 0.079150 0.607512 103.147884 -0.120539 0.992327 0.027532 -12.512999 -0.600671 -0.094990 0.793833 -63.528111
0.802476 0.075105 0.591939 103.356378 -0.116082 0.992743 0.031410 -12.519495 -0.585284 -0.093919 0.805370 -62.960167
0.813171 0.076412 0.576987 103.561686 -0.116735 0.992613 0.033065 -12.525003 -0.570198 -0.094242 0.816084 -62.577500
0.822284 0.075195 0.564087 103.701060 -0.113137 0.993046 0.032545 -12.531132 -0.557717 -0.090580 0.825074 -62.360481
0.830651 0.073469 0.551925 103.827042 -0.111183 0.993179 0.035125 -12.537029 -0.545580 -0.090541 0.833153 -62.221778
0.838183 0.071162 0.540726 103.929480 -0.108485 0.993393 0.037429 -12.543044 -0.534490 -0.090033 0.840365 -62.070759
0.844399 0.073150 0.530698 104.014044 -0.110187 0.993168 0.038423 -12.546338 -0.524261 -0.090920 0.846690 -61.977907
0.849143 0.074207 0.522924 104.087700 -0.111314 0.992986 0.039844 -12.547478 -0.516300 -0.092042 0.851448 -61.842611
0.852272 0.072844 0.518002 104.123016 -0.110670 0.992950 0.042454 -12.548450 -0.511258 -0.093509 0.854325 -61.743722
0.854754 0.073078 0.513863 104.178204 -0.111558 0.992766 0.044381 -12.549541 -0.506903 -0.095261 0.856723 -61.669481
0.857614 0.070887 0.509386 104.248188 -0.109309 0.992950 0.045855 -12.551377 -0.502544 -0.095006 0.859316 -61.558704
0.859682 0.068012 0.506282 104.285394 -0.106202 0.993238 0.046905 -12.553472 -0.499669 -0.094092 0.861091 -61.499944
0.861361 0.065148 0.503798 104.318820 -0.104045 0.993343 0.049436 -12.556091 -0.497224 -0.095000 0.862406 -61.449815
0.862892 0.064783 0.501219 104.360832 -0.104187 0.993250 0.050988 -12.556301 -0.494532 -0.096218 0.863817 -61.351926
0.865030 0.064354 0.497576 104.604966 -0.103101 0.993375 0.050763 -12.529350 -0.491012 -0.095212 0.865934 -59.887444
0.867004 0.062706 0.494340 104.844672 -0.101218 0.993531 0.051495 -12.504197 -0.487913 -0.094683 0.867742 -58.404833
0.867632 0.062931 0.493208 104.863680 -0.101554 0.993476 0.051885 -12.502577 -0.486725 -0.095105 0.868363 -58.301074
0.867564 0.067383 0.492740 104.892894 -0.106947 0.992877 0.052523 -12.496372 -0.485690 -0.098264 0.868590 -58.130833
0.867952 0.068791 0.491862 104.910552 -0.108479 0.992707 0.052587 -12.494763 -0.484657 -0.099000 0.869084 -58.032241
