1.000000 0.000000 0.000000 0.000000 0.000000 1.000000 0.000000 0.000000 0.000000 0.000000 1.000000 0.000000
0.999993 0.003075 -0.001914 -0.007862 -0.003069 0.999990 0.003315 0.007889 0.001924 -0.003309 0.999993 -0.133427
0.999998 0.001863 -0.000542 -0.009500 -0.001864 0.999998 -0.000679 0.000101 0.000541 0.000680 1.000000 1.125284
0.999999 0.000610 0.001078 -0.026477 -0.000608 0.999999 -0.001428 -0.001438 -0.001079 0.001427 0.999998 2.750361
0.999998 -0.001021 0.001783 -0.034441 0.001016 0.999996 0.002783 -0.006162 -0.001786 -0.002781 0.999995 4.033137
0.999992 -0.003398 0.001925 -0.036458 0.003382 0.999958 0.008518 -0.009944 -0.001954 -0.008512 0.999962 5.467222
0.999984 -0.005729 0.000149 -0.034114 0.005727 0.999953 0.007812 -0.012229 -0.000193 -0.007811 0.999969 6.721367
0.999982 -0.006043 0.000560 -0.040891 0.006040 0.999968 0.005264 -0.015803 -0.000592 -0.005261 0.999986 8.273367
0.999978 -0.006588 -0.000153 -0.037017 0.006588 0.999976 0.001986 -0.020863 0.000140 -0.001987 0.999998 9.488169
0.999984 -0.005472 -0.001231 -0.030596 0.005473 0.999984 0.001235 -0.024286 0.001225 -0.001242 0.999999 10.850091
0.999988 -0.004468 -0.001907 -0.036234 0.004473 0.999986 0.002957 -0.029359 0.001894 -0.002965 0.999994 12.072281
0.999984 -0.004686 -0.003109 -0.036063 0.004703 0.999975 0.005289 -0.031140 0.003084 -0.005304 0.999981 13.347248
0.999982 -0.004114 -0.004413 -0.038070 0.004145 0.999967 0.006928 -0.035478 0.004384 -0.006946 0.999966 14.626037
0.999975 -0.005011 -0.005051 -0.042046 0.005049 0.999958 0.007605 -0.037528 0.005012 -0.007630 0.999958 15.971220
0.999967 -0.005027 -0.006395 -0.041121 0.005073 0.999961 0.007184 -0.039309 0.006358 -0.007216 0.999954 17.236194
0.999941 -0.007050 -0.008219 -0.042841 0.007102 0.999955 0.006247 -0.044865 0.008174 -0.006305 0.999947 18.570167
0.999917 -0.007542 -0.010413 -0.043525 0.007586 0.999962 0.004178 -0.047240 0.010381 -0.004257 0.999937 19.842963
0.999887 -0.009060 -0.011987 -0.045284 0.009096 0.999954 0.003027 -0.051107 0.011959 -0.003136 0.999924 21.114444
0.999864 -0.008361 -0.014227 -0.047739 0.008387 0.999963 0.001789 -0.053666 0.014211 -0.001908 0.999897 22.306222
0.999836 -0.006242 -0.017002 -0.042648 0.006258 0.999980 0.000921 -0.058059 0.016996 -0.001027 0.999855 23.517000
0.999818 -0.003766 -0.018683 -0.050599 0.003778 0.999993 0.000598 -0.060855 0.018680 -0.000669 0.999825 24.709093
0.999780 -0.004810 -0.020410 -0.054471 0.004845 0.999987 0.001644 -0.065102 0.020402 -0.001743 0.999790 25.928056
0.999739 -0.004360 -0.022445 -0.060756 0.004420 0.999987 0.002638 -0.069531 0.022433 -0.002737 0.999745 27.016833
0.999686 -0.004879 -0.024597 -0.073048 0.004961 0.999982 0.003282 -0.074438 0.024580 -0.003403 0.999692 28.280852
0.999647 -0.005032 -0.026097 -0.082826 0.005105 0.999983 0.002730 -0.076805 0.026083 -0.002862 0.999656 29.477944
0.999595 -0.005508 -0.027900 -0.093109 0.005578 0.999981 0.002419 -0.081137 0.027886 -0.002574 0.999608 30.668037
0.999557 -0.005698 -0.029218 -0.103308 0.005775 0.999980 0.002562 -0.085279 0.029202 -0.002730 0.999570 31.798926
0.999538 -0.003682 -0.030170 -0.113818 0.003818 0.999983 0.004463 -0.087613 0.030153 -0.004576 0.999535 32.961056
0.999500 -0.005726 -0.031108 -0.127767 0.005950 0.999957 0.007112 -0.091278 0.031065 -0.007294 0.999491 34.067352
0.999437 -0.007077 -0.032791 -0.131449 0.007373 0.999933 0.008924 -0.096725 0.032725 -0.009161 0.999422 35.168852
0.999412 -0.006525 -0.033667 -0.138974 0.006789 0.999947 0.007737 -0.098105 0.033615 -0.007961 0.999403 36.304111
0.999374 -0.006025 -0.034870 -0.144756 0.006216 0.999966 0.005386 -0.103660 0.034837 -0.005599 0.999377 37.429815
0.999336 -0.004271 -0.036194 -0.155233 0.004402 0.999984 0.003535 -0.106510 0.036179 -0.003692 0.999339 38.581907
0.999292 -0.003776 -0.037428 -0.165356 0.003896 0.999988 0.003132 -0.109891 0.037416 -0.003276 0.999294 39.625815
0.999208 -0.005334 -0.039427 -0.172446 0.005447 0.999981 0.002745 -0.115942 0.039412 -0.002958 0.999219 40.694093
0.999112 -0.005160 -0.041821 -0.183019 0.005248 0.999984 0.001993 -0.121790 0.041810 -0.002211 0.999123 41.738519
0.999035 -0.002793 -0.043826 -0.191388 0.002878 0.999994 0.001857 -0.120661 0.043821 -0.001981 0.999037 42.798556
0.998941 -0.003472 -0.045878 -0.211320 0.003609 0.999989 0.002895 -0.123947 0.045868 -0.003057 0.998943 43.933296
0.998839 -0.003337 -0.048047 -0.229570 0.003590 0.999980 0.005166 -0.128870 0.048028 -0.005332 0.998832 45.008630
0.998730 -0.002335 -0.050329 -0.245471 0.002656 0.999977 0.006326 -0.130316 0.050313 -0.006451 0.998713 45.944037
0.998638 -0.001985 -0.052132 -0.258552 0.002335 0.999975 0.006657 -0.133997 0.052118 -0.006770 0.998618 46.948407
0.998517 0.001144 -0.054423 -0.267906 -0.000847 0.999985 0.005481 -0.135510 0.054429 -0.005426 0.998503 47.757722
0.998424 0.002733 -0.056060 -0.284437 -0.002452 0.999984 0.005080 -0.138545 0.056073 -0.004934 0.998414 48.635611
0.998269 0.004281 -0.058654 -0.289985 -0.003910 0.999972 0.006429 -0.140860 0.058680 -0.006188 0.998258 49.514852
0.998205 0.006517 -0.059543 -0.308150 -0.006050 0.999950 0.008032 -0.142117 0.059592 -0.007657 0.998193 50.368556
0.998149 0.008652 -0.060205 -0.327432 -0.008161 0.999931 0.008397 -0.145330 0.060274 -0.007890 0.998151 51.288722
0.998147 0.012230 -0.059598 -0.346520 -0.011845 0.999907 0.006804 -0.149762 0.059675 -0.006085 0.998199 52.212019
0.998120 0.014567 -0.059539 -0.350891 -0.014351 0.999889 0.004046 -0.152785 0.059592 -0.003183 0.998218 53.172074
0.998200 0.015040 -0.058064 -0.351773 -0.014951 0.999886 0.001964 -0.154142 0.058087 -0.001092 0.998311 53.757074
0.998310 0.018839 -0.054982 -0.364119 -0.018707 0.999821 0.002911 -0.154969 0.055027 -0.001877 0.998483 54.684500
0.998315 0.023894 -0.052885 -0.351480 -0.023658 0.999707 0.005074 -0.157941 0.052991 -0.003814 0.998588 55.080000
0.998332 0.029064 -0.049886 -0.360771 -0.028667 0.999552 0.008655 -0.161081 0.050115 -0.007210 0.998717 55.870333
0.998354 0.033615 -0.046474 -0.369650 -0.033158 0.999394 0.010569 -0.165382 0.046801 -0.009011 0.998864 56.661019
0.998394 0.037700 -0.042283 -0.367949 -0.037284 0.999249 0.010581 -0.167078 0.042650 -0.008987 0.999050 57.432056
0.998436 0.041827 -0.037103 -0.374216 -0.041388 0.999065 0.012509 -0.167198 0.037591 -0.010953 0.999233 58.053981
0.998444 0.046688 -0.030477 -0.387393 -0.046298 0.998838 0.013384 -0.168161 0.031067 -0.011953 0.999446 58.748944
0.998403 0.051269 -0.023721 -0.389033 -0.050968 0.998614 0.013132 -0.169887 0.024361 -0.011902 0.999632 59.475426
0.998358 0.054809 -0.016678 -0.393920 -0.054594 0.998423 0.013079 -0.171959 0.017369 -0.012147 0.999775 60.163944
0.998135 0.060102 -0.010730 -0.373703 -0.059966 0.998122 0.012530 -0.172477 0.011463 -0.011863 0.999864 60.398944
0.997949 0.063848 -0.004705 -0.361618 -0.063798 0.997912 0.010113 -0.174233 0.005341 -0.009792 0.999938 60.722463
0.997887 0.064958 0.001412 -0.341862 -0.064968 0.997856 0.007879 -0.178442 -0.000897 -0.007955 0.999968 60.971870
0.997839 0.065247 0.007752 -0.323348 -0.065306 0.997837 0.007528 -0.179556 -0.007244 -0.008018 0.999942 61.144130
0.997848 0.063962 0.014457 -0.309751 -0.064104 0.997897 0.009574 -0.183062 -0.013814 -0.010480 0.999850 61.447481
0.997577 0.065858 0.022405 -0.304122 -0.066099 0.997761 0.010188 -0.182991 -0.021684 -0.011644 0.999697 61.543037
0.997141 0.069005 0.030790 -0.301071 -0.069363 0.997534 0.010706 -0.184602 -0.029975 -0.012811 0.999469 61.847537
0.996563 0.072928 0.039304 -0.302682 -0.073396 0.997247 0.010600 -0.186605 -0.038423 -0.013449 0.999171 62.187704
0.996205 0.073184 0.047124 -0.295620 -0.073809 0.997204 0.011653 -0.197199 -0.046139 -0.015087 0.998821 62.357111
0.995943 0.071071 0.055189 -0.284114 -0.071885 0.997329 0.012912 -0.204180 -0.054124 -0.016826 0.998393 62.559685
0.995423 0.069450 0.065649 -0.274352 -0.070372 0.997451 0.011830 -0.211234 -0.064660 -0.016395 0.997773 62.794759
0.994805 0.066499 0.077080 -0.268201 -0.067272 0.997707 0.007472 -0.215630 -0.076406 -0.012618 0.996997 62.960259
0.994193 0.062426 0.087658 -0.247048 -0.063199 0.997982 0.006069 -0.226194 -0.087103 -0.011573 0.996132 63.344593
0.992546 0.064548 0.103373 -0.241779 -0.065261 0.997862 0.003522 -0.227873 -0.102925 -0.010242 0.994636 63.548278
0.990664 0.065580 0.119515 -0.230045 -0.066319 0.997796 0.002211 -0.229459 -0.119107 -0.010117 0.992830 63.781185
0.988747 0.060987 0.136599 -0.227802 -0.061872 0.998082 0.002238 -0.234146 -0.136201 -0.010665 0.990624 64.074130
0.986227 0.060861 0.153793 -0.199087 -0.061800 0.998088 0.001327 -0.236332 -0.153418 -0.010814 0.988102 64.283167
0.982955 0.060993 0.173433 -0.182966 -0.062179 0.998064 0.001409 -0.240317 -0.173012 -0.012169 0.984845 64.572352
0.979167 0.061402 0.193551 -0.162281 -0.062647 0.998036 0.000313 -0.241651 -0.193152 -0.012431 0.981090 64.801056
0.975251 0.063447 0.211802 -0.105090 -0.064550 0.997913 -0.001711 -0.244744 -0.211468 -0.012003 0.977311 64.975519
0.970213 0.064136 0.233607 -0.072794 -0.065144 0.997870 -0.003409 -0.246602 -0.233328 -0.011910 0.972325 65.196333
0.964287 0.064697 0.256836 -0.029818 -0.065884 0.997819 -0.003992 -0.248924 -0.256534 -0.013071 0.966447 65.355315
0.957399 0.066679 0.280966 0.018171 -0.068026 0.997671 -0.004965 -0.250410 -0.280643 -0.014359 0.959705 65.434685
0.949423 0.068005 0.306549 0.065059 -0.069484 0.997564 -0.006100 -0.249407 -0.306217 -0.015509 0.951835 65.518630
0.941076 0.068225 0.331242 0.152841 -0.069806 0.997535 -0.007136 -0.251974 -0.330913 -0.016407 0.943519 65.450852
0.930374 0.065085 0.360789 0.192509 -0.066250 0.997761 -0.009152 -0.252700 -0.360576 -0.015387 0.932603 65.491130
0.918110 0.059554 0.391826 0.251382 -0.060021 0.998136 -0.011071 -0.257094 -0.391755 -0.013353 0.919973 65.582056
0.902795 0.057338 0.426232 0.298795 -0.056347 0.998299 -0.014946 -0.259578 -0.426364 -0.010524 0.904490 65.801611
0.886138 0.058369 0.459730 0.366881 -0.055370 0.998265 -0.020016 -0.258931 -0.460101 -0.007718 0.887833 66.007852
0.872031 0.057474 0.486064 0.501777 -0.052838 0.998332 -0.023251 -0.264462 -0.486590 -0.005407 0.873614 65.667333
0.855781 0.059837 0.513867 0.633257 -0.054313 0.998191 -0.025782 -0.266181 -0.514480 -0.005846 0.857483 65.276593
0.835243 0.061116 0.546474 0.694884 -0.055056 0.998105 -0.027477 -0.269445 -0.547118 -0.007137 0.837025 65.037926
0.820545 0.064292 0.567954 0.927968 -0.058397 0.997884 -0.028591 -0.279937 -0.568590 -0.009707 0.822563 64.598944
0.795579 0.063939 0.602466 1.052667 -0.057371 0.997898 -0.030145 -0.288576 -0.603127 -0.010581 0.797575 64.733537
0.780979 0.060193 0.621650 1.436509 -0.054270 0.998120 -0.028466 -0.311193 -0.622195 -0.011506 0.782778 63.877296
0.751124 0.057654 0.657639 1.597087 -0.050833 0.998273 -0.029457 -0.317583 -0.658201 -0.011304 0.752757 64.035315
0.720091 0.053283 0.691831 1.818609 -0.045561 0.998526 -0.029482 -0.338006 -0.692382 -0.010291 0.721457 64.246130
0.684687 0.048614 0.727214 1.983083 -0.039662 0.998780 -0.029425 -0.359484 -0.727757 -0.008695 0.685779 64.310741
0.647210 0.041491 0.761182 2.187127 -0.033779 0.999098 -0.025738 -0.394542 -0.761563 -0.009054 0.648028 64.477889
0.604731 0.039862 0.795431 2.328046 -0.033407 0.999137 -0.024672 -0.397409 -0.795729 -0.011653 0.605541 64.719963
0.560816 0.035384 0.827184 2.521136 -0.033117 0.999246 -0.020291 -0.414784 -0.827278 -0.016014 0.561565 65.096241
0.515760 0.036039 0.855975 2.710214 -0.038860 0.999071 -0.018648 -0.418235 -0.855851 -0.023646 0.516681 65.389130
0.471546 0.036108 0.881102 2.899468 -0.038706 0.999046 -0.020226 -0.423594 -0.880992 -0.024567 0.472494 65.598148
0.428295 0.030402 0.903127 3.124847 -0.029126 0.999379 -0.019830 -0.432547 -0.903169 -0.017811 0.428915 65.868722
0.386968 0.021463 0.921844 3.391980 -0.014665 0.999746 -0.017121 -0.442850 -0.921977 -0.006893 0.387184 66.211259
0.346448 0.017980 0.937897 3.614399 -0.006331 0.999838 -0.016828 -0.457205 -0.938048 -0.000108 0.346505 66.418685
0.310169 0.019693 0.950477 3.817914 -0.004024 0.999804 -0.019402 -0.454298 -0.950673 0.002193 0.310188 66.600926
0.277728 0.018038 0.960490 4.029835 0.003732 0.999796 -0.019856 -0.463279 -0.960653 0.009099 0.277604 66.801741
0.249298 0.015753 0.968299 4.229174 0.008471 0.999794 -0.018447 -0.468618 -0.968390 0.012801 0.249113 66.937611
0.224964 0.012703 0.974284 4.404566 0.015711 0.999738 -0.016663 -0.473436 -0.974240 0.019056 0.224706 67.023685
0.205553 0.010195 0.978593 4.647125 0.020195 0.999689 -0.014657 -0.480301 -0.978437 0.022776 0.205283 67.160833
0.190571 0.011287 0.981609 4.818022 0.022152 0.999630 -0.015795 -0.481563 -0.981424 0.024755 0.190251 67.218537
0.177894 0.010795 0.983990 4.856194 0.020800 0.999675 -0.014727 -0.480760 -0.983830 0.023087 0.177612 67.227630
0.167628 0.012149 0.985776 4.862816 0.021310 0.999646 -0.015944 -0.479899 -0.985620 0.023680 0.167309 67.156593
0.159044 0.013424 0.987180 4.903743 0.023697 0.999568 -0.017410 -0.484196 -0.986987 0.026162 0.158657 67.089426
0.153339 0.013226 0.988085 4.929202 0.029688 0.999397 -0.017985 -0.486463 -0.987728 0.032092 0.152854 67.025389
0.149979 0.012385 0.988612 4.951093 0.032660 0.999314 -0.017474 -0.484089 -0.988150 0.034909 0.149472 66.972556
0.147386 0.009808 0.989031 4.982360 0.028394 0.999497 -0.014143 -0.483011 -0.988671 0.030167 0.147033 66.917296
0.146739 0.002901 0.989171 4.998596 0.026762 0.999618 -0.006902 -0.479511 -0.988813 0.027485 0.146606 66.830574
0.147990 -0.003655 0.988982 5.007747 0.029002 0.999579 -0.000646 -0.475709 -0.988564 0.028778 0.148034 66.581463
0.148241 -0.007661 0.988922 5.035508 0.030714 0.999523 0.003139 -0.475918 -0.988474 0.029908 0.148406 66.447759
0.148765 -0.006666 0.988850 5.065617 0.031031 0.999516 0.002070 -0.478514 -0.988386 0.030377 0.148900 66.324463
0.150439 0.000172 0.988619 5.123205 0.031591 0.999489 -0.004982 -0.477837 -0.988115 0.031981 0.150357 66.236019
0.152629 0.007465 0.988255 5.413851 0.032772 0.999383 -0.012610 -0.476545 -0.987740 0.034312 0.152290 66.408963
0.156826 0.006026 0.987608 5.523838 0.033607 0.999370 -0.011434 -0.483202 -0.987054 0.034984 0.156525 66.344370
0.161088 0.000050 0.986940 5.572298 0.035768 0.999343 -0.005889 -0.490271 -0.986292 0.036249 0.160981 66.261833
0.165423 -0.002844 0.986219 5.649917 0.034260 0.999409 -0.002865 -0.472214 -0.985627 0.034262 0.165423 66.150389
0.169249 -0.004684 0.985562 5.693717 0.033101 0.999452 -0.000934 -0.474918 -0.985017 0.032782 0.169311 66.112167
0.172675 -0.002076 0.984977 5.750255 0.040308 0.999175 -0.004961 -0.483339 -0.984154 0.040559 0.172616 66.096444
0.175125 -0.001898 0.984545 6.049982 0.041177 0.999137 -0.005398 -0.504951 -0.983685 0.041486 0.175052 66.293389
0.180714 0.003213 0.983530 6.188287 0.037442 0.999247 -0.010144 -0.489912 -0.982823 0.038659 0.180457 66.299148
0.183560 0.000103 0.983008 6.489304 0.034016 0.999400 -0.006457 -0.493705 -0.982420 0.034624 0.183447 66.546741
0.187274 -0.003283 0.982302 6.563203 0.037457 0.999291 -0.003801 -0.493303 -0.981593 0.037506 0.187264 66.574963
0.190915 -0.005768 0.981590 6.635698 0.041438 0.999139 -0.002188 -0.509480 -0.980732 0.041093 0.190990 66.635944
0.193463 0.000176 0.981108 6.937672 0.039193 0.999200 -0.007908 -0.500643 -0.980324 0.039983 0.193301 66.811259
0.198534 0.002575 0.980091 7.010734 0.037510 0.999244 -0.010224 -0.504657 -0.979376 0.038793 0.198287 66.951574
0.201891 0.000734 0.979408 7.385990 0.035739 0.999328 -0.008117 -0.516557 -0.978756 0.036642 0.201730 67.242130
0.205006 0.000416 0.978761 7.723312 0.036104 0.999316 -0.007987 -0.510006 -0.978094 0.036975 0.204851 67.508685
0.207962 -0.001955 0.978135 7.906297 0.039727 0.999190 -0.006449 -0.523668 -0.977330 0.040200 0.207871 67.705019
0.211824 -0.004031 0.977299 8.180649 0.049181 0.998768 -0.006540 -0.536699 -0.976070 0.049450 0.211762 67.856759
0.211145 0.001424 0.977454 8.236858 0.037822 0.999238 -0.009626 -0.520459 -0.976723 0.039001 0.210930 67.979463
0.214104 -0.002440 0.976808 8.519051 0.038808 0.999229 -0.006010 -0.532872 -0.976040 0.039195 0.214033 68.207296
0.216406 -0.001345 0.976303 8.798269 0.039231 0.999203 -0.007319 -0.525166 -0.975515 0.039885 0.216286 68.484019
0.218361 -0.001468 0.975867 8.837829 0.038567 0.999231 -0.007127 -0.526509 -0.975106 0.039193 0.218250 68.540259
0.221046 -0.002004 0.975261 8.880829 0.037979 0.999257 -0.006555 -0.533582 -0.974524 0.038489 0.220958 68.614685
0.221992 0.000720 0.975048 8.934689 0.034612 0.999364 -0.008618 -0.519009 -0.974434 0.035662 0.221826 68.632722
0.221292 0.002944 0.975203 8.983651 0.032374 0.999422 -0.010363 -0.506542 -0.974670 0.033864 0.221069 68.801944
0.222987 0.003403 0.974815 9.048926 0.030657 0.999475 -0.010502 -0.505085 -0.974339 0.032227 0.222765 68.833981
0.224746 0.004369 0.974408 9.166576 0.028833 0.999522 -0.011132 -0.502689 -0.973991 0.030597 0.224513 68.997648
0.226614 0.007017 0.973959 9.447338 0.026452 0.999561 -0.013356 -0.504684 -0.973625 0.028790 0.226329 69.249593
0.230478 0.010166 0.973024 9.733208 0.025513 0.999538 -0.016487 -0.513669 -0.972743 0.028625 0.230112 69.482519
0.232828 0.014193 0.972414 9.984530 0.025958 0.999447 -0.020803 -0.512388 -0.972171 0.030085 0.232331 69.729463
0.237669 0.016467 0.971207 10.276546 0.020821 0.999540 -0.022043 -0.521684 -0.971123 0.025461 0.237216 69.914167
0.242591 0.016807 0.969983 10.525221 0.015313 0.999659 -0.021151 -0.527174 -0.970008 0.019985 0.242251 70.041537
0.246972 0.017186 0.968870 10.743019 0.019225 0.999559 -0.022631 -0.535001 -0.968832 0.024216 0.246532 70.250556
0.250170 0.016389 0.968063 11.025607 0.018063 0.999604 -0.021591 -0.551374 -0.968033 0.022888 0.249775 70.523611
0.251798 0.018070 0.967611 11.085509 0.017263 0.999583 -0.023160 -0.551032 -0.967626 0.022536 0.251381 70.758852
0.256168 0.015132 0.966514 11.419072 0.016898 0.999655 -0.020130 -0.562809 -0.966484 0.021489 0.255824 71.050333
0.259134 0.014209 0.965737 11.476782 0.020116 0.999595 -0.020105 -0.565747 -0.965632 0.024637 0.258743 71.213759
0.261808 0.017448 0.964962 11.540248 0.016901 0.999600 -0.022660 -0.569520 -0.964972 0.022241 0.261409 71.422407
0.265822 0.026513 0.963658 11.606431 0.013869 0.999413 -0.031322 -0.568858 -0.963922 0.021691 0.265298 71.574148
0.269020 0.032435 0.962588 11.667818 0.010572 0.999273 -0.036626 -0.566582 -0.963077 0.020029 0.268481 71.787093
0.274855 0.035335 0.960836 11.696886 0.008856 0.999189 -0.039279 -0.572092 -0.961445 0.019305 0.274319 71.914426
0.280606 0.033449 0.959240 11.980991 0.005858 0.999314 -0.036560 -0.587582 -0.959805 0.015878 0.280218 72.263648
0.288665 0.032489 0.956879 12.262730 0.005921 0.999344 -0.035717 -0.593598 -0.957412 0.015976 0.288283 72.534630
0.296622 0.029840 0.954529 12.496945 0.006356 0.999428 -0.033219 -0.600648 -0.954974 0.015920 0.296263 72.780574
0.303182 0.026368 0.952568 12.687997 0.004618 0.999565 -0.029138 -0.604923 -0.952921 0.013233 0.302929 73.063019
0.310972 0.018229 0.950244 12.955270 0.005367 0.999766 -0.020936 -0.616860 -0.950404 0.011610 0.310801 73.365389
0.318088 0.016372 0.947920 13.184802 0.005020 0.999808 -0.018952 -0.624503 -0.948048 0.010787 0.317945 73.657593
0.325248 0.017700 0.945463 13.424265 0.006723 0.999756 -0.021029 -0.633679 -0.945605 0.013196 0.325049 73.951130
0.331235 0.022556 0.943279 13.667206 0.009051 0.999592 -0.027080 -0.642964 -0.943505 0.017508 0.330896 74.250259
0.335726 0.025698 0.941609 13.772279 0.008626 0.999502 -0.030353 -0.648772 -0.941920 0.018313 0.335338 74.448889
0.340624 0.028420 0.939770 13.873059 0.010230 0.999372 -0.033930 -0.652947 -0.940144 0.021171 0.340120 74.650833
0.346437 0.026792 0.937691 14.129127 0.008705 0.999457 -0.031773 -0.667394 -0.938033 0.019169 0.346015 74.940648
0.349920 0.022787 0.936502 14.188522 0.013417 0.999480 -0.029333 -0.671315 -0.936683 0.022829 0.349432 75.086148
0.355903 0.013028 0.934432 14.359891 0.020126 0.999564 -0.021601 -0.677582 -0.934306 0.026494 0.355486 75.257019
0.357414 0.007512 0.933916 14.375318 0.020252 0.999670 -0.015792 -0.679181 -0.933726 0.024558 0.357144 75.506611
0.362382 0.001531 0.932029 14.521448 0.021132 0.999728 -0.009859 -0.687036 -0.931790 0.023268 0.362251 75.548537
0.364139 0.003044 0.931340 14.589574 0.016098 0.999825 -0.009562 -0.686764 -0.931206 0.018475 0.364026 75.726519
0.366947 0.004744 0.930230 14.857835 0.014429 0.999838 -0.010791 -0.693788 -0.930130 0.017382 0.366819 76.090111
0.367630 0.009328 0.929925 14.903714 0.011381 0.999830 -0.014528 -0.695124 -0.929902 0.015925 0.367461 76.181093
0.368965 0.012545 0.929359 14.955462 0.011491 0.999771 -0.018058 -0.697173 -0.929372 0.017342 0.368736 76.298315
0.371433 0.016690 0.928310 15.104183 0.014379 0.999615 -0.023726 -0.699983 -0.928348 0.022160 0.371050 76.481241
0.372889 0.018266 0.927696 15.348582 0.015469 0.999545 -0.025899 -0.707364 -0.927747 0.024008 0.372437 76.828315
0.374290 0.019661 0.927103 15.546271 0.014040 0.999540 -0.026865 -0.710098 -0.927205 0.023072 0.373842 77.102222
0.374823 0.016898 0.926942 15.757902 0.013188 0.999636 -0.023556 -0.718157 -0.927002 0.021054 0.374464 77.389370
0.375834 0.014248 0.926578 15.957292 0.014301 0.999673 -0.021173 -0.723625 -0.926577 0.021209 0.375507 77.632833
0.375658 0.012090 0.926679 16.092416 0.015825 0.999685 -0.019458 -0.729334 -0.926623 0.021974 0.375349 77.785130
0.375008 0.010386 0.926963 16.357372 0.014956 0.999739 -0.017252 -0.741374 -0.926901 0.020333 0.374755 78.136778
0.372805 0.010414 0.927851 16.386332 0.013424 0.999772 -0.016615 -0.745932 -0.927813 0.018649 0.372581 78.141407
0.370156 0.014430 0.928857 16.434954 0.010307 0.999754 -0.019638 -0.750068 -0.928912 0.016843 0.369917 78.212148
0.368060 0.016100 0.929663 16.482290 0.013474 0.999653 -0.022647 -0.757749 -0.929704 0.020862 0.367716 78.250926
0.365061 0.014498 0.930871 16.515900 0.015211 0.999652 -0.021535 -0.769732 -0.930859 0.022020 0.364714 78.292463
0.361632 0.017291 0.932161 16.574020 0.009466 0.999708 -0.022216 -0.764232 -0.932273 0.016858 0.361362 78.459796
0.359239 0.012693 0.933159 16.638075 0.011474 0.999772 -0.018017 -0.772189 -0.933175 0.017180 0.359012 78.688333
0.357601 0.009461 0.933827 16.674514 0.009113 0.999866 -0.013620 -0.778280 -0.933830 0.013381 0.357467 78.616000
0.355364 0.007533 0.934698 16.711823 0.011678 0.999854 -0.012498 -0.784945 -0.934655 0.015357 0.355224 78.575037
0.354355 0.009381 0.935064 16.772524 0.014498 0.999774 -0.015524 -0.779463 -0.934999 0.019058 0.354139 78.505630
0.352687 0.009559 0.935693 16.861943 0.017864 0.999697 -0.016946 -0.785773 -0.935571 0.022692 0.352409 78.454481
0.351358 0.012423 0.936159 16.951826 0.016066 0.999685 -0.019296 -0.783709 -0.936103 0.021820 0.351048 78.469611
0.350496 0.011535 0.936493 17.020109 0.018142 0.999653 -0.019103 -0.797277 -0.936389 0.023686 0.350165 78.469315
0.350081 0.011884 0.936644 17.088775 0.016621 0.999683 -0.018896 -0.794354 -0.936572 0.022183 0.349772 78.385574
0.350498 0.007183 0.936536 17.240240 0.023907 0.999576 -0.016614 -0.804860 -0.936258 0.028213 0.350177 78.507241
0.353768 0.004229 0.935324 17.420368 0.028531 0.999476 -0.015310 -0.806431 -0.934898 0.032102 0.353461 78.621222
0.355241 0.003794 0.934767 17.518324 0.031992 0.999357 -0.016214 -0.804612 -0.934227 0.035664 0.354891 78.673241
0.360188 0.004341 0.932870 17.690746 0.027713 0.999498 -0.015352 -0.810024 -0.932468 0.031383 0.359887 78.798444
0.365014 0.004556 0.930991 17.758985 0.028014 0.999482 -0.015875 -0.813744 -0.930581 0.031875 0.364697 78.786778
0.373006 0.005932 0.927810 17.893964 0.024434 0.999570 -0.016214 -0.811578 -0.927507 0.028718 0.372701 78.804204
0.380810 0.005826 0.924635 18.005879 0.023115 0.999608 -0.015818 -0.816893 -0.924364 0.027397 0.380526 78.849296
0.389268 0.005156 0.921110 18.129177 0.022035 0.999646 -0.014908 -0.815915 -0.920861 0.026100 0.389017 78.917130
0.398288 0.004406 0.917250 18.245072 0.019188 0.999730 -0.013134 -0.825749 -0.917060 0.022831 0.398095 78.997074
0.407788 0.003729 0.913069 18.346203 0.018739 0.999747 -0.012452 -0.827605 -0.912884 0.022188 0.407615 79.023093
0.417506 0.007785 0.908641 18.444505 0.013207 0.999806 -0.014635 -0.830687 -0.908578 0.018110 0.417322 79.043204
0.427363 0.011556 0.904006 18.540117 0.007732 0.999835 -0.016436 -0.832798 -0.904047 0.014014 0.427203 79.061722
0.438225 0.016020 0.898723 18.628218 0.002825 0.999812 -0.019200 -0.832060 -0.898861 0.010953 0.438097 79.087407
0.449272 0.016828 0.893236 18.725072 0.002226 0.999798 -0.019955 -0.841086 -0.893392 0.010954 0.449144 79.113148
0.458980 0.017465 0.888275 18.791471 -0.000891 0.999815 -0.019198 -0.846191 -0.888446 0.008020 0.458911 79.097019
0.468632 0.017150 0.883227 18.849764 -0.000328 0.999815 -0.019239 -0.849093 -0.883394 0.008726 0.468551 79.132963
0.477595 0.017138 0.878413 18.908500 -0.003185 0.999837 -0.017775 -0.853815 -0.878574 0.005691 0.477572 79.247593
0.487700 0.012363 0.872924 19.119445 -0.004017 0.999921 -0.011918 -0.858675 -0.873002 0.002306 0.487711 79.620963
0.497212 0.003107 0.867624 19.209209 0.001781 0.999988 -0.004602 -0.860289 -0.867627 0.003834 0.497200 79.733111
0.506741 -0.001508 0.862097 19.253889 0.004781 0.999988 -0.001060 -0.860934 -0.862085 0.004659 0.506743 79.772870
0.515616 -0.005477 0.856802 19.311788 0.006224 0.999977 0.002647 -0.858808 -0.856797 0.003968 0.515638 79.822333
0.523491 -0.011569 0.851953 19.611072 0.015497 0.999872 0.004056 -0.865891 -0.851890 0.011080 0.523603 80.495537
0.530744 -0.018087 0.847340 19.808404 0.022210 0.999726 0.007429 -0.865085 -0.847241 0.014877 0.531000 80.856093
0.535803 -0.030683 0.843785 19.984639 0.036189 0.999256 0.013356 -0.862012 -0.843567 0.023380 0.536515 81.230407
0.540057 -0.038956 0.840727 20.400266 0.043325 0.998891 0.018454 -0.875086 -0.840513 0.026458 0.541145 82.439963
0.546928 -0.037399 0.836344 20.490079 0.043626 0.998918 0.016139 -0.872386 -0.836042 0.027660 0.547968 82.487370
0.553415 -0.032514 0.832271 20.858105 0.044737 0.998956 0.009278 -0.876714 -0.831703 0.032099 0.554292 83.345741
0.558819 -0.031245 0.828701 20.947259 0.050326 0.998726 0.003720 -0.871823 -0.827761 0.039626 0.559679 83.423870
0.563553 -0.028890 0.825575 21.268548 0.048448 0.998824 0.001881 -0.876267 -0.824658 0.038937 0.564290 84.265426
0.568725 -0.027346 0.822073 21.337641 0.043881 0.999033 0.002875 -0.876218 -0.821357 0.034438 0.569374 84.265093
0.572781 -0.020033 0.819463 21.404930 0.034033 0.999421 0.000645 -0.874674 -0.819001 0.027520 0.573131 84.312815
0.575462 -0.019446 0.817597 21.639771 0.035773 0.999359 -0.001410 -0.881120 -0.817045 0.030060 0.575789 84.889370
0.579294 -0.015081 0.814979 21.871712 0.032280 0.999469 -0.004450 -0.887385 -0.814479 0.028886 0.579473 85.477130
0.582472 -0.011106 0.812775 22.089775 0.028558 0.999569 -0.006807 -0.888465 -0.812349 0.027176 0.582538 86.011815
0.586053 -0.011121 0.810196 22.301935 0.026244 0.999642 -0.005261 -0.899503 -0.809848 0.024346 0.586135 86.567500
0.589546 -0.014846 0.807598 22.508593 0.027574 0.999618 -0.001753 -0.905872 -0.807264 0.023302 0.589731 87.095778
0.592807 -0.020306 0.805088 22.712389 0.030834 0.999521 0.002506 -0.917794 -0.804754 0.023338 0.593149 87.584037
0.596490 -0.020195 0.802367 22.831988 0.030015 0.999545 0.002844 -0.917201 -0.802059 0.022387 0.596824 87.841796
0.599208 -0.019643 0.800352 22.916876 0.028035 0.999601 0.003545 -0.921628 -0.800102 0.020314 0.599520 88.016259
0.601420 -0.021121 0.798654 23.007656 0.030450 0.999530 0.003504 -0.929966 -0.798353 0.022212 0.601780 88.217352
0.603924 -0.021999 0.796738 23.204686 0.030465 0.999526 0.004506 -0.931874 -0.796459 0.021551 0.604308 88.692093
0.605706 -0.024915 0.795298 23.397833 0.034163 0.999402 0.005290 -0.935689 -0.794955 0.023966 0.606195 89.170130
0.608079 -0.023471 0.793529 23.572183 0.031521 0.999489 0.005408 -0.931405 -0.793250 0.021724 0.608508 89.602167
0.610178 -0.026203 0.791831 23.762954 0.033927 0.999400 0.006928 -0.938515 -0.791537 0.022638 0.610702 90.077944
0.612646 -0.025170 0.789957 23.818649 0.034305 0.999398 0.005239 -0.941696 -0.789613 0.023890 0.613140 90.241241
0.614583 -0.025243 0.788448 23.999690 0.035059 0.999374 0.004668 -0.948464 -0.788073 0.024773 0.615084 90.780907
0.617779 -0.027164 0.785883 24.153147 0.037368 0.999288 0.005165 -0.952750 -0.785464 0.026176 0.618354 91.138685
0.620900 -0.029505 0.783335 24.331585 0.040737 0.999156 0.005344 -0.955025 -0.782831 0.028592 0.621577 91.641667
0.624297 -0.030106 0.780607 24.488806 0.041290 0.999132 0.005512 -0.955885 -0.780095 0.028790 0.624998 92.023481
0.627113 -0.033792 0.778195 24.655412 0.045154 0.998956 0.006991 -0.961803 -0.777618 0.030754 0.627984 92.465056
0.630827 -0.034475 0.775157 24.814064 0.045324 0.998944 0.007544 -0.969316 -0.774598 0.030374 0.631724 92.923926
0.634394 -0.037365 0.772106 24.979509 0.048531 0.998786 0.008460 -0.975196 -0.771485 0.032104 0.635437 93.360611
0.638176 -0.037556 0.768974 25.025182 0.049982 0.998723 0.007297 -0.975910 -0.768267 0.033778 0.639238 93.479167
0.642239 -0.038345 0.765544 25.196902 0.052155 0.998619 0.006265 -0.978825 -0.764728 0.035903 0.643353 93.939500
0.647250 -0.032709 0.761576 25.356694 0.047425 0.998871 0.002595 -0.977653 -0.760802 0.034439 0.648070 94.424833
0.652587 -0.027690 0.757208 25.431116 0.044796 0.998994 -0.002075 -0.980829 -0.756389 0.035273 0.653171 94.633778
0.658354 -0.021404 0.752404 25.498346 0.040499 0.999155 -0.007013 -0.985002 -0.751618 0.035089 0.658664 94.820778
0.663034 -0.013930 0.748460 25.512241 0.034967 0.999312 -0.012378 -0.983126 -0.747773 0.034378 0.663064 95.002222
0.668615 -0.009857 0.743544 25.551785 0.032359 0.999351 -0.015849 -0.989170 -0.742904 0.034657 0.668500 95.158056
0.674654 -0.010276 0.738062 25.634956 0.029872 0.999464 -0.013390 -0.996337 -0.737529 0.031081 0.674600 95.329130
0.679951 -0.012356 0.733154 25.672388 0.026754 0.999610 -0.007965 -1.006399 -0.732770 0.025031 0.680016 95.453926
0.685586 -0.014847 0.727840 25.712824 0.022414 0.999749 -0.000719 -1.016508 -0.727646 0.016807 0.685747 95.619333
0.691091 -0.016108 0.722588 25.756888 0.017477 0.999832 0.005573 -1.023095 -0.722556 0.008777 0.691256 95.762444
0.697191 -0.019237 0.716628 25.813226 0.017178 0.999801 0.010126 -1.028644 -0.716680 0.005250 0.697382 95.924037
0.703333 -0.014512 0.710712 25.872242 0.012305 0.999890 0.008240 -1.026069 -0.710754 0.002950 0.703435 96.063593
0.710424 -0.019510 0.703503 25.936324 0.018475 0.999788 0.009069 -1.045758 -0.703531 0.006555 0.710634 96.300704
0.715349 -0.017451 0.698549 25.978450 0.018034 0.999816 0.006508 -1.048806 -0.698534 0.007942 0.715532 96.550074
0.722204 -0.015940 0.691496 26.063224 0.016536 0.999847 0.005778 -1.053322 -0.691482 0.007262 0.722357 96.770648
0.728635 -0.018775 0.684645 26.144915 0.019307 0.999790 0.006869 -1.057469 -0.684630 0.008213 0.728845 96.990926
0.734786 -0.017242 0.678080 26.215342 0.015585 0.999842 0.008535 -1.063494 -0.678120 0.004296 0.734939 97.184259
0.742326 -0.022961 0.669645 26.322100 0.019534 0.999730 0.012625 -1.071471 -0.669754 0.003709 0.742574 97.443981
0.749721 -0.026978 0.661204 26.426623 0.022571 0.999630 0.015194 -1.075009 -0.661369 0.003533 0.750053 97.711870
0.756478 -0.025670 0.653515 26.597965 0.021367 0.999666 0.014533 -1.070571 -0.653670 0.002970 0.756774 98.336667
0.762165 -0.023894 0.646942 26.720339 0.018579 0.999714 0.015035 -1.074341 -0.647116 0.000560 0.762391 98.939704
0.771429 -0.030543 0.635582 26.941059 0.026316 0.999524 0.016092 -1.080374 -0.635771 0.004312 0.771866 99.619944
0.777759 -0.030143 0.627840 27.091611 0.026071 0.999537 0.015693 -1.079262 -0.628022 0.004163 0.778184 100.246704
0.782186 -0.031696 0.622238 27.256905 0.027350 0.999489 0.016531 -1.076682 -0.622444 0.004088 0.782653 100.960037
0.785312 -0.032163 0.618264 27.429176 0.027872 0.999474 0.016591 -1.071964 -0.618472 0.004203 0.785795 101.708222
0.788108 -0.035571 0.614508 27.608904 0.031901 0.999348 0.016934 -1.070538 -0.614710 0.006258 0.788729 102.475722
0.790401 -0.038606 0.611373 27.794140 0.036343 0.999209 0.016111 -1.063338 -0.611511 0.009485 0.791179 103.284074
0.792718 -0.044957 0.607928 27.984425 0.043691 0.998902 0.016899 -1.059067 -0.608020 0.013165 0.793812 104.132648
0.795780 -0.052345 0.603319 28.178264 0.050020 0.998535 0.020658 -1.061581 -0.603516 0.013739 0.797232 104.954056
0.797897 -0.057507 0.600045 28.380737 0.055422 0.998221 0.021971 -1.051814 -0.600241 0.015725 0.799664 105.858481
0.800257 -0.058548 0.596793 28.569785 0.056916 0.998145 0.021601 -1.040911 -0.596950 0.016681 0.802105 106.751315
0.802795 -0.059605 0.593269 28.777545 0.058554 0.998062 0.021041 -1.039201 -0.593374 0.017847 0.804729 107.686778
0.805401 -0.054180 0.590249 28.961701 0.053383 0.998397 0.018804 -1.032948 -0.590321 0.016365 0.807002 108.636556
0.808443 -0.050508 0.586403 29.015998 0.048844 0.998632 0.018675 -1.032037 -0.586544 0.013545 0.809804 108.803074
0.811236 -0.050770 0.582511 29.082245 0.046810 0.998665 0.021852 -1.025910 -0.582842 0.009540 0.812529 108.994796
0.814911 -0.053226 0.577137 29.137876 0.044795 0.998580 0.028844 -1.026762 -0.577852 0.002348 0.816138 109.118426
0.817459 -0.056979 0.573162 29.340479 0.045255 0.998372 0.034705 -1.014812 -0.574207 -0.002431 0.818707 110.116593
0.820491 -0.062622 0.568219 29.521633 0.049568 0.998032 0.038416 -1.008571 -0.569506 -0.003354 0.821980 111.070815
0.823936 -0.066061 0.562820 29.694989 0.054964 0.997815 0.036656 -0.997178 -0.564011 0.000732 0.825767 111.889463
0.826699 -0.070560 0.558203 29.864236 0.065025 0.997439 0.029780 -0.985392 -0.558875 0.011678 0.829170 112.786315
0.830013 -0.072061 0.553069 29.997950 0.072144 0.997159 0.021652 -0.983400 -0.553059 0.021929 0.832854 113.632426
0.834063 -0.074311 0.546642 30.178364 0.077151 0.996861 0.017798 -0.979504 -0.546248 0.027329 0.837177 114.591574
0.838427 -0.077865 0.539423 30.363525 0.079802 0.996614 0.019823 -0.975512 -0.539139 0.026427 0.841802 115.569074
0.843005 -0.084989 0.531149 30.565820 0.086083 0.996028 0.022749 -0.974562 -0.530973 0.026546 0.846973 116.605352
0.846036 -0.086976 0.525982 30.736930 0.089761 0.995757 0.020279 -0.967379 -0.525514 0.030056 0.850254 117.611241
0.849479 -0.090963 0.519722 30.937777 0.096546 0.995194 0.016376 -0.972764 -0.518714 0.036266 0.854179 118.686500
0.852362 -0.090957 0.514982 31.116706 0.097914 0.995101 0.013697 -0.966406 -0.513705 0.038749 0.857092 119.814704
0.855106 -0.091925 0.510239 31.287805 0.097713 0.995094 0.015519 -0.969541 -0.509162 0.036587 0.859892 120.758222
0.857626 -0.096993 0.505045 31.480078 0.101498 0.994661 0.018668 -0.962092 -0.504159 0.035251 0.862891 121.699463
0.858726 -0.100622 0.502459 31.656290 0.103741 0.994365 0.021831 -0.958521 -0.501824 0.033379 0.864325 122.683574
0.859011 -0.104435 0.501192 31.818847 0.106297 0.994022 0.024941 -0.955473 -0.500800 0.031851 0.864977 123.660019
0.859817 -0.105923 0.499494 31.965251 0.108398 0.993814 0.024155 -0.942676 -0.498963 0.033375 0.865980 124.503111
0.860064 -0.110138 0.498156 32.170619 0.111406 0.993400 0.027290 -0.945652 -0.497874 0.032026 0.866658 125.728870
0.860330 -0.108339 0.498091 32.166137 0.111457 0.993490 0.023579 -0.937764 -0.497402 0.035229 0.866804 125.930463
0.860638 -0.102389 0.498818 32.145142 0.106199 0.994127 0.020825 -0.934391 -0.498021 0.035051 0.866457 126.168370
0.860139 -0.100021 0.500157 32.323693 0.103326 0.994422 0.021171 -0.935740 -0.499485 0.033469 0.865676 127.203519
0.859203 -0.095778 0.502590 32.447720 0.098897 0.994886 0.020524 -0.925777 -0.501986 0.032071 0.864281 128.004241
0.857212 -0.091081 0.506846 32.539131 0.092881 0.995439 0.021796 -0.928615 -0.506519 0.028393 0.861761 128.880019
0.855511 -0.094200 0.509144 32.550714 0.095106 0.995170 0.024317 -0.931612 -0.508975 0.027619 0.860338 129.255852
0.853965 -0.091493 0.512224 32.689742 0.088914 0.995599 0.029598 -0.936924 -0.512678 0.020268 0.858342 130.170870
0.851316 -0.094091 0.516148 32.848486 0.090931 0.995360 0.031469 -0.931178 -0.516714 0.020144 0.855921 131.161556
0.848081 -0.094037 0.521455 32.999902 0.093238 0.995255 0.027839 -0.936200 -0.521598 0.025010 0.852825 132.108352
0.846012 -0.086160 0.526155 33.104257 0.090045 0.995770 0.018277 -0.930692 -0.525505 0.031916 0.850192 132.830759
0.843753 -0.080885 0.530602 33.287123 0.087313 0.996096 0.013000 -0.929952 -0.529582 0.035360 0.847521 133.871574
0.839646 -0.082986 0.536758 33.416231 0.086387 0.996083 0.018865 -0.934956 -0.536221 0.030529 0.843526 134.749185
0.836178 -0.086484 0.541596 33.539427 0.087026 0.995901 0.024667 -0.935508 -0.541509 0.026507 0.840277 135.640241
0.831439 -0.090076 0.548266 33.638663 0.087622 0.995680 0.030705 -0.937496 -0.548664 0.022511 0.835740 136.461630
0.828061 -0.087855 0.553712 33.758883 0.086539 0.995838 0.028589 -0.930910 -0.553919 0.024244 0.832218 137.299833
0.826410 -0.090446 0.555758 33.970304 0.087809 0.995640 0.031462 -0.928060 -0.556181 0.022801 0.830749 138.314296
0.822816 -0.091860 0.560834 34.104251 0.090784 0.995423 0.029851 -0.926770 -0.561010 0.026353 0.827390 139.161056
0.819033 -0.093313 0.566107 34.225864 0.093165 0.995221 0.029256 -0.929372 -0.566131 0.028780 0.823813 140.071944
0.815519 -0.095437 0.570807 34.367863 0.098942 0.994780 0.024964 -0.910951 -0.570210 0.036118 0.820705 140.810222
0.811579 -0.096165 0.576274 34.520116 0.099234 0.994718 0.026239 -0.906563 -0.575754 0.035891 0.816835 141.626759
0.808451 -0.094054 0.581000 34.633046 0.095644 0.995022 0.027990 -0.908407 -0.580740 0.032941 0.813422 142.276444
0.803719 -0.098682 0.586769 34.764957 0.102103 0.994397 0.027382 -0.893082 -0.586183 0.037904 0.809292 142.956537
0.800132 -0.089615 0.593092 34.814713 0.089584 0.995540 0.029569 -0.910356 -0.593097 0.029473 0.804592 143.610741
0.797116 -0.084858 0.597834 34.836804 0.087780 0.995843 0.024312 -0.913381 -0.597411 0.033099 0.801252 143.855815
0.793793 -0.083813 0.602386 34.896080 0.089247 0.995789 0.020945 -0.915218 -0.601604 0.037135 0.797930 144.170630
0.789867 -0.075526 0.608610 34.967516 0.080818 0.996552 0.018780 -0.918814 -0.607930 0.034353 0.793247 144.710222
0.785507 -0.079790 0.613687 35.086014 0.078335 0.996497 0.029294 -0.920118 -0.613874 0.025063 0.789006 145.114500
0.780268 -0.079654 0.620352 35.185676 0.069155 0.996763 0.041003 -0.919050 -0.621610 0.010907 0.783251 145.750741
0.774850 -0.083540 0.626601 35.309677 0.069457 0.996479 0.046963 -0.909037 -0.628318 0.007132 0.777924 146.312907
0.769562 -0.084514 0.632955 35.419788 0.067717 0.996415 0.050713 -0.900451 -0.634972 0.003835 0.772526 146.892796
0.763890 -0.077806 0.640639 35.534911 0.060176 0.996968 0.049330 -0.891071 -0.642535 0.000868 0.766256 147.352185
0.758091 -0.079870 0.647239 35.710648 0.064587 0.996788 0.047355 -0.880635 -0.648943 0.005904 0.760814 148.117648
0.752533 -0.069272 0.654901 35.896889 0.059579 0.997536 0.037054 -0.872285 -0.655854 0.011134 0.754806 148.827407
0.745438 -0.072264 0.662646 36.169918 0.067046 0.997193 0.033326 -0.857432 -0.663194 0.019585 0.748191 149.902167
0.738661 -0.078920 0.669442 36.187447 0.072806 0.996654 0.037161 -0.867862 -0.670134 0.021290 0.741935 150.326389
0.732726 -0.082601 0.675492 36.267529 0.071790 0.996450 0.043977 -0.866312 -0.676726 0.016270 0.736055 150.650630
0.725625 -0.085768 0.682724 36.470720 0.072240 0.996214 0.048371 -0.867447 -0.684288 0.014221 0.729074 151.483241
0.718328 -0.083335 0.690696 36.646808 0.068265 0.996452 0.049229 -0.857923 -0.692347 0.011788 0.721468 152.235500
0.713064 -0.088011 0.695553 36.771084 0.076224 0.995941 0.047877 -0.847855 -0.696943 0.018878 0.716878 152.752870
0.708090 -0.094468 0.699775 37.008571 0.079668 0.995371 0.053757 -0.837145 -0.701614 0.017685 0.712338 153.589000
0.703729 -0.094985 0.704091 37.149532 0.077200 0.995378 0.057121 -0.829049 -0.706262 0.014158 0.707809 154.138074
0.699484 -0.094970 0.708310 37.287459 0.075467 0.995405 0.058937 -0.818312 -0.710652 0.012228 0.703437 154.749648
0.695300 -0.090636 0.712982 37.416125 0.070895 0.995828 0.057455 -0.806416 -0.715214 0.010598 0.698825 155.313741
0.691606 -0.090534 0.716578 37.569177 0.074805 0.995756 0.053607 -0.797211 -0.718391 0.016528 0.695443 155.876296
0.689470 -0.087125 0.719055 37.747139 0.076223 0.995954 0.047589 -0.782101 -0.720293 0.021997 0.693322 156.450037
0.686773 -0.082152 0.722214 37.832773 0.070852 0.996427 0.045969 -0.775566 -0.723410 0.019601 0.690140 156.887204
