1.000000 0.000000 0.000000 0.000000 0.000000 1.000000 0.000000 0.000000 0.000000 0.000000 1.000000 0.000000
0.999996 0.002142 0.001545 -0.016340 -0.002143 0.999997 0.000993 0.000445 -0.001542 -0.000996 0.999998 -0.302309
1.000000 -0.000413 0.000026 -0.005545 0.000413 1.000000 0.000069 -0.000713 -0.000026 -0.000069 1.000000 0.103868
0.999993 0.003156 -0.001861 0.021432 -0.003159 0.999994 -0.001586 -0.001281 0.001856 0.001592 0.999997 0.537935
0.999991 0.001007 -0.004116 0.033711 -0.001017 0.999996 -0.002483 -0.009835 0.004113 0.002488 0.999988 0.827775
0.999968 0.004148 -0.006892 0.062506 -0.004183 0.999978 -0.005122 -0.006448 0.006870 0.005151 0.999963 1.182202
0.999958 0.003732 -0.008433 0.085698 -0.003787 0.999972 -0.006431 -0.011195 0.008409 0.006462 0.999944 1.402125
0.999942 0.000862 -0.010769 0.112973 -0.000924 0.999983 -0.005781 -0.021613 0.010764 0.005791 0.999925 1.529634
0.999921 0.000337 -0.012554 0.138593 -0.000390 0.999991 -0.004184 -0.027897 0.012553 0.004189 0.999912 1.666320
0.999899 0.000377 -0.014193 0.163356 -0.000436 0.999991 -0.004155 -0.032667 0.014192 0.004161 0.999891 1.800529
0.999871 -0.002004 -0.015925 0.180033 0.001892 0.999973 -0.007061 -0.036616 0.015938 0.007030 0.999848 1.968500
0.999839 0.000800 -0.017896 0.207174 -0.000950 0.999964 -0.008388 -0.052690 0.017888 0.008404 0.999805 2.194906
0.999794 0.004914 -0.019715 0.228067 -0.005142 0.999920 -0.011527 -0.055597 0.019656 0.011626 0.999739 2.531707
0.999758 0.007685 -0.020632 0.222448 -0.007917 0.999906 -0.011195 -0.059277 0.020544 0.011356 0.999724 3.295567
0.999684 0.011830 -0.022182 0.220719 -0.011950 0.999915 -0.005281 -0.060400 0.022117 0.005544 0.999740 3.900113
0.999633 0.014555 -0.022870 0.217920 -0.014460 0.999886 0.004319 -0.061901 0.022930 -0.003987 0.999729 4.704917
0.999609 0.014619 -0.023858 0.231827 -0.014296 0.999804 0.013673 -0.078692 0.024053 -0.013327 0.999622 5.006144
0.999536 0.016710 -0.025486 0.240556 -0.016422 0.999799 0.011474 -0.070975 0.025673 -0.011050 0.999609 5.258720
0.999455 0.019309 -0.026786 0.257365 -0.019225 0.999809 0.003386 -0.062676 0.026846 -0.002869 0.999636 5.507919
0.999412 0.018830 -0.028652 0.273461 -0.018894 0.999820 -0.001949 -0.056739 0.028610 0.002490 0.999587 5.851111
0.999363 0.019357 -0.029985 0.287910 -0.019390 0.999812 -0.000801 -0.052871 0.029964 0.001382 0.999550 6.122057
0.999347 0.019514 -0.030415 0.301457 -0.019233 0.999770 0.009498 -0.060079 0.030593 -0.008907 0.999492 6.251585
0.999373 0.018432 -0.030218 0.300514 -0.017939 0.999703 0.016486 -0.054830 0.030513 -0.015933 0.999407 6.416933
0.999373 0.015858 -0.031643 0.302902 -0.015277 0.999712 0.018502 -0.048568 0.031928 -0.018007 0.999328 6.494054
0.999372 0.016135 -0.031546 0.303882 -0.015574 0.999717 0.017959 -0.043088 0.031827 -0.017456 0.999341 6.579654
0.999360 0.018863 -0.030398 0.303912 -0.018273 0.999642 0.019560 -0.055122 0.030756 -0.018992 0.999347 6.805104
0.999346 0.019732 -0.030299 0.307268 -0.019296 0.999707 0.014617 -0.044941 0.030578 -0.014023 0.999434 7.059530
0.999412 0.016534 -0.030051 0.308825 -0.016233 0.999816 0.010230 -0.042866 0.030215 -0.009736 0.999496 7.335072
0.999444 0.016247 -0.029120 0.315171 -0.016149 0.999863 0.003593 -0.035565 0.029175 -0.003121 0.999569 7.471672
0.999430 0.018266 -0.028379 0.328003 -0.018300 0.999832 -0.000920 -0.031684 0.028358 0.001439 0.999597 7.605830
0.999392 0.020825 -0.027970 0.327882 -0.020883 0.999780 -0.001785 -0.032310 0.027927 0.002368 0.999607 7.740843
0.999374 0.021094 -0.028409 0.333452 -0.021131 0.999776 -0.001007 -0.034330 0.028382 0.001606 0.999596 7.995026
0.999265 0.025582 -0.028544 0.339014 -0.025676 0.999666 -0.002959 -0.033236 0.028458 0.003690 0.999588 8.148276
0.999291 0.024861 -0.028274 0.334963 -0.024972 0.999682 -0.003604 -0.037818 0.028175 0.004308 0.999594 8.269180
0.999272 0.024688 -0.029089 0.334846 -0.024787 0.999688 -0.003041 -0.044555 0.029005 0.003760 0.999572 8.418146
0.999338 0.021829 -0.029111 0.329468 -0.021915 0.999756 -0.002641 -0.048444 0.029046 0.003277 0.999573 8.527661
0.999251 0.025719 -0.028906 0.325662 -0.025810 0.999663 -0.002764 -0.049985 0.028825 0.003508 0.999578 8.635891
0.999238 0.026748 -0.028440 0.312648 -0.026821 0.999638 -0.002172 -0.053237 0.028371 0.002933 0.999593 8.854880
0.999175 0.029524 -0.027900 0.289730 -0.029578 0.999561 -0.001519 -0.055376 0.027843 0.002343 0.999610 8.947378
0.999007 0.034527 -0.028170 0.282799 -0.034546 0.999403 -0.000184 -0.053694 0.028147 0.001157 0.999603 9.089989
0.998759 0.040912 -0.028408 0.282607 -0.040838 0.999161 0.003167 -0.062735 0.028513 -0.002003 0.999591 9.224778
0.998794 0.040042 -0.028398 0.291482 -0.040023 0.999198 0.001233 -0.063713 0.028424 -0.000094 0.999596 9.365183
0.998549 0.045626 -0.028594 0.304898 -0.045582 0.998958 0.002203 -0.073800 0.028665 -0.000896 0.999589 9.535211
0.998674 0.042261 -0.029412 0.310196 -0.042230 0.999107 0.001657 -0.072655 0.029456 -0.000413 0.999566 9.663278
0.998712 0.041020 -0.029863 0.314516 -0.040858 0.999147 0.006020 -0.081002 0.030085 -0.004792 0.999536 9.847194
0.998802 0.037773 -0.031100 0.302143 -0.037498 0.999253 0.009373 -0.084099 0.031431 -0.008195 0.999472 11.392407
0.998650 0.041642 -0.031038 0.281981 -0.041326 0.999088 0.010763 -0.085099 0.031458 -0.009466 0.999460 12.810648
0.998786 0.037223 -0.032273 0.265073 -0.036889 0.999260 0.010890 -0.085754 0.032655 -0.009686 0.999420 14.156620
0.998800 0.036134 -0.033063 0.247040 -0.035838 0.999313 0.009500 -0.086820 0.033383 -0.008304 0.999408 15.443320
0.998824 0.035291 -0.033235 0.224881 -0.035043 0.999354 0.008022 -0.087732 0.033496 -0.006848 0.999415 16.833911
0.998727 0.037427 -0.033813 0.202667 -0.037139 0.999269 0.009103 -0.088464 0.034129 -0.007835 0.999387 18.457220
0.998697 0.037718 -0.034365 0.183081 -0.037318 0.999229 0.012209 -0.096771 0.034799 -0.010911 0.999335 20.014463
0.998706 0.036691 -0.035216 0.169320 -0.036178 0.999231 0.015098 -0.100485 0.035743 -0.013805 0.999266 21.478074
0.998697 0.036108 -0.036072 0.156564 -0.035597 0.999258 0.014710 -0.104808 0.036576 -0.013407 0.999241 22.940963
0.998680 0.036097 -0.036551 0.132830 -0.035747 0.999309 0.010176 -0.105054 0.036893 -0.008856 0.999280 24.380333
0.998817 0.030883 -0.037570 0.111146 -0.030642 0.999506 0.006977 -0.110752 0.037767 -0.005818 0.999270 25.860648
0.998748 0.032470 -0.038046 0.132488 -0.032221 0.999455 0.007141 -0.112954 0.038257 -0.005906 0.999251 26.016630
0.998749 0.032075 -0.038359 0.142557 -0.031675 0.999438 0.010999 -0.118802 0.038690 -0.009770 0.999204 26.114444
0.998754 0.031593 -0.038630 0.142207 -0.031068 0.999418 0.014095 -0.120665 0.039053 -0.012877 0.999154 26.230611
0.998820 0.029676 -0.038444 0.130547 -0.029099 0.999457 0.015485 -0.116494 0.038882 -0.014348 0.999141 26.325593
0.998834 0.028767 -0.038772 0.126276 -0.028183 0.999482 0.015525 -0.119798 0.039199 -0.014414 0.999127 26.428278
0.998984 0.023190 -0.038633 0.096330 -0.022708 0.999659 0.012870 -0.116518 0.038919 -0.011980 0.999170 26.496444
0.999015 0.022601 -0.038199 0.069977 -0.022168 0.999686 0.011730 -0.117850 0.038452 -0.010872 0.999201 26.701963
0.998991 0.022719 -0.038745 0.046416 -0.022412 0.999714 0.008345 -0.117288 0.038923 -0.007468 0.999214 28.145481
0.999045 0.019105 -0.039289 0.038869 -0.018928 0.999809 0.004882 -0.120026 0.039375 -0.004133 0.999216 29.278981
0.999154 0.013250 -0.038932 0.027774 -0.013081 0.999904 0.004572 -0.123838 0.038989 -0.004059 0.999231 29.362296
0.999214 0.008967 -0.038617 0.022890 -0.008667 0.999931 0.007939 -0.129419 0.038686 -0.007598 0.999223 29.384944
0.999227 0.008406 -0.038412 0.014543 -0.007912 0.999884 0.012994 -0.132715 0.038517 -0.012680 0.999178 29.402093
0.999242 0.000684 -0.038918 0.004981 0.000036 0.999829 0.018518 -0.133190 0.038924 -0.018505 0.999071 29.396481
0.999253 0.003451 -0.038481 0.005266 -0.002627 0.999767 0.021438 -0.138188 0.038546 -0.021321 0.999029 29.501130
0.999266 0.001261 -0.038284 -0.002192 -0.000603 0.999852 0.017213 -0.133000 0.038300 -0.017177 0.999119 29.611907
0.999231 0.000806 -0.039211 -0.010425 -0.000230 0.999892 0.014689 -0.132733 0.039219 -0.014669 0.999123 29.948167
0.999184 -0.004889 -0.040105 -0.016681 0.005363 0.999917 0.011721 -0.135467 0.040044 -0.011926 0.999127 30.181370
0.999161 -0.007454 -0.040283 -0.033969 0.007782 0.999938 0.007990 -0.137062 0.040221 -0.008297 0.999156 30.294315
0.999194 0.002540 -0.040061 -0.045849 -0.002261 0.999973 0.007005 -0.138402 0.040077 -0.006909 0.999173 30.368000
0.999167 0.011601 -0.039128 -0.051141 -0.011108 0.999857 0.012788 -0.145772 0.039271 -0.012343 0.999152 30.468926
0.999130 0.012125 -0.039907 -0.054057 -0.011549 0.999826 0.014650 -0.147398 0.040077 -0.014176 0.999096 30.560241
0.999110 0.015622 -0.039180 -0.067664 -0.015057 0.999779 0.014678 -0.143754 0.039400 -0.014075 0.999124 30.801981
0.999108 0.015146 -0.039417 -0.077117 -0.014508 0.999760 0.016414 -0.147739 0.039656 -0.015827 0.999088 31.014907
0.999024 0.020779 -0.038977 -0.088751 -0.020114 0.999647 0.017358 -0.144082 0.039324 -0.016557 0.999089 31.145241
0.998932 0.024458 -0.039207 -0.094246 -0.023706 0.999528 0.019534 -0.145557 0.039666 -0.018583 0.999040 31.225426
0.998954 0.021800 -0.040191 -0.107965 -0.020916 0.999533 0.022303 -0.148670 0.040659 -0.021439 0.998943 31.497481
0.998891 0.024398 -0.040261 -0.126797 -0.023556 0.999497 0.021251 -0.152631 0.040759 -0.020279 0.998963 32.648000
0.998831 0.025547 -0.041029 -0.146329 -0.024911 0.999563 0.015916 -0.147785 0.041417 -0.014875 0.999031 34.094519
0.998762 0.026629 -0.042007 -0.164465 -0.026041 0.999556 0.014471 -0.149596 0.042373 -0.013360 0.999012 35.506370
0.998663 0.028539 -0.043091 -0.186010 -0.027874 0.999484 0.015940 -0.150934 0.043524 -0.014718 0.998944 36.962370
0.998470 0.035185 -0.042658 -0.214656 -0.034408 0.999231 0.018827 -0.147210 0.043288 -0.017330 0.998912 38.505074
0.998413 0.036506 -0.042886 -0.243776 -0.035573 0.999118 0.022318 -0.145620 0.043663 -0.020757 0.998831 40.047556
0.998466 0.034658 -0.043171 -0.267106 -0.033669 0.999158 0.023436 -0.147498 0.043947 -0.021946 0.998793 41.513741
0.998466 0.034679 -0.043153 -0.295386 -0.033793 0.999206 0.021109 -0.144329 0.043851 -0.019619 0.998846 42.953352
0.998403 0.034823 -0.044473 -0.314576 -0.033963 0.999224 0.019956 -0.142429 0.045133 -0.018414 0.998811 44.269296
0.998399 0.034408 -0.044903 -0.333973 -0.033550 0.999243 0.019721 -0.140402 0.045547 -0.018183 0.998797 45.464833
0.998437 0.032416 -0.045531 -0.333298 -0.031505 0.999291 0.020587 -0.140953 0.046166 -0.019120 0.998751 45.607741
0.998374 0.033620 -0.046039 -0.331352 -0.032617 0.999218 0.022358 -0.138587 0.046754 -0.020820 0.998689 45.778926
0.998450 0.030331 -0.046657 -0.343696 -0.029209 0.999272 0.024556 -0.135223 0.047368 -0.023155 0.998609 45.861796
0.998394 0.030452 -0.047770 -0.343282 -0.029234 0.999235 0.025992 -0.137220 0.048525 -0.024554 0.998520 45.939852
0.998327 0.028431 -0.050345 -0.344916 -0.027085 0.999263 0.027214 -0.139516 0.051081 -0.025804 0.998361 46.041074
0.998158 0.029122 -0.053214 -0.346048 -0.027761 0.999273 0.026126 -0.135394 0.053936 -0.024601 0.998241 46.167815
0.997920 0.031419 -0.056286 -0.349925 -0.030105 0.999258 0.024039 -0.127891 0.056999 -0.022294 0.998125 46.289778
0.997770 0.031149 -0.059030 -0.358306 -0.029706 0.999242 0.025165 -0.126928 0.059769 -0.023356 0.997939 46.427222
0.997535 0.032863 -0.061997 -0.360229 -0.031312 0.999176 0.025827 -0.123772 0.062795 -0.023822 0.997742 46.562259
0.997268 0.034282 -0.065433 -0.353120 -0.032581 0.999108 0.026880 -0.123391 0.066296 -0.024675 0.997495 46.678759
0.996985 0.037186 -0.068099 -0.353560 -0.035380 0.998994 0.027547 -0.118537 0.069055 -0.025054 0.997298 46.789185
0.996736 0.038838 -0.070771 -0.354395 -0.036844 0.998892 0.029267 -0.117020 0.071829 -0.026564 0.997063 46.898519
0.996426 0.042261 -0.073134 -0.357077 -0.040174 0.998749 0.029774 -0.114703 0.074301 -0.026729 0.996878 47.079704
0.996206 0.042881 -0.075723 -0.367057 -0.040797 0.998751 0.028848 -0.116400 0.076865 -0.025649 0.996711 47.214759
0.995920 0.043266 -0.079194 -0.371641 -0.041274 0.998793 0.026626 -0.122148 0.080250 -0.023249 0.996504 47.348130
0.995610 0.045737 -0.081658 -0.395560 -0.043986 0.998765 0.023113 -0.120401 0.082615 -0.019420 0.996392 47.523037
0.995369 0.048110 -0.083224 -0.430921 -0.046621 0.998717 0.019747 -0.115207 0.084068 -0.015775 0.996335 47.783130
0.995184 0.051484 -0.083414 -0.488591 -0.050099 0.998571 0.018616 -0.112344 0.084253 -0.014348 0.996341 47.986889
0.995204 0.052955 -0.082244 -0.530827 -0.051507 0.998480 0.019633 -0.111966 0.083158 -0.015303 0.996419 48.328722
0.995290 0.055446 -0.079522 -0.558410 -0.053882 0.998312 0.021690 -0.115315 0.080590 -0.017303 0.996597 48.970944
0.995553 0.057880 -0.074319 -0.571120 -0.056314 0.998148 0.022989 -0.116024 0.075512 -0.018701 0.996969 49.562815
0.996039 0.058446 -0.067016 -0.579827 -0.056927 0.998081 0.024348 -0.113598 0.068310 -0.020436 0.997455 50.059556
0.996620 0.059196 -0.056956 -0.598064 -0.057852 0.998013 0.024966 -0.108414 0.058320 -0.021587 0.998065 50.271222
0.997306 0.057833 -0.045126 -0.620168 -0.056667 0.998036 0.026701 -0.108415 0.046581 -0.024072 0.998624 50.487167
0.997853 0.056784 -0.032640 -0.611518 -0.055916 0.998073 0.026913 -0.109668 0.034106 -0.025030 0.999105 50.598296
0.998213 0.056917 -0.018177 -0.601230 -0.056442 0.998076 0.025668 -0.110387 0.019603 -0.024596 0.999505 50.688611
0.998383 0.056839 -0.001053 -0.596230 -0.056804 0.998160 0.021207 -0.108432 0.002257 -0.021113 0.999775 50.710148
0.998226 0.056352 0.019229 -0.583080 -0.056659 0.998268 0.015821 -0.106605 -0.018304 -0.016883 0.999690 50.685537
0.997787 0.051944 0.041515 -0.537200 -0.052468 0.998555 0.011626 -0.110121 -0.040851 -0.013779 0.999070 50.495167
0.996547 0.049503 0.066655 -0.501130 -0.050139 0.998711 0.007893 -0.108291 -0.066178 -0.011207 0.997745 50.247648
0.994420 0.046958 0.094470 -0.419162 -0.047725 0.998843 0.005873 -0.110073 -0.094085 -0.010349 0.995510 49.712759
0.991164 0.044508 0.124953 -0.361598 -0.045538 0.998948 0.005393 -0.122367 -0.124582 -0.011036 0.992148 49.241704
0.986330 0.043162 0.159026 -0.302547 -0.043947 0.999033 0.001422 -0.125234 -0.158810 -0.008392 0.987274 49.261926
0.979671 0.037276 0.197115 -0.265749 -0.038308 0.999265 0.001428 -0.134261 -0.196917 -0.008950 0.980379 49.610259
0.971035 0.036549 0.236127 -0.211535 -0.036849 0.999316 -0.003142 -0.130812 -0.236080 -0.005650 0.971717 50.095111
0.960171 0.037311 0.276910 -0.154693 -0.037492 0.999286 -0.004640 -0.139235 -0.276886 -0.005927 0.960885 50.656981
0.945840 0.043151 0.321753 -0.102644 -0.042036 0.999062 -0.010414 -0.133113 -0.321901 -0.003675 0.946766 51.128870
0.929330 0.043064 0.366730 -0.040726 -0.041410 0.999066 -0.012381 -0.134945 -0.366920 -0.003680 0.930245 51.582870
0.910378 0.037589 0.412067 0.019924 -0.036085 0.999283 -0.011434 -0.143956 -0.412202 -0.004461 0.911082 52.050093
0.888712 0.034490 0.457166 0.092722 -0.032317 0.999398 -0.012574 -0.150744 -0.457325 -0.003599 0.889292 52.523574
0.865212 0.026420 0.500709 0.171878 -0.023928 0.999649 -0.011399 -0.171470 -0.500834 -0.002118 0.865541 52.974833
0.839419 0.026368 0.542845 0.258309 -0.021301 0.999651 -0.015618 -0.175364 -0.543068 0.001546 0.839687 53.394019
0.811421 0.028682 0.583758 0.356973 -0.021397 0.999583 -0.019371 -0.188847 -0.584070 0.003227 0.811697 53.786352
0.786140 0.032537 0.617192 0.507182 -0.026131 0.999470 -0.019405 -0.213376 -0.617496 -0.000873 0.786574 54.005148
0.758131 0.035359 0.651143 0.647286 -0.022325 0.999351 -0.028275 -0.200515 -0.651720 0.006900 0.758428 54.230426
0.726538 0.033520 0.686308 0.787159 -0.020826 0.999425 -0.026766 -0.218707 -0.686810 0.005153 0.726819 54.450315
0.694580 0.028815 0.718838 0.941358 -0.012890 0.999536 -0.027613 -0.218430 -0.719300 0.009914 0.694629 54.627426
0.658061 0.024271 0.752574 1.080441 -0.010971 0.999683 -0.022647 -0.236546 -0.752885 0.006647 0.658119 54.814315
0.618832 0.020273 0.785262 1.251793 -0.004779 0.999746 -0.022044 -0.242935 -0.785509 0.009889 0.618771 55.062685
0.579698 0.015409 0.814685 1.435538 0.007816 0.999670 -0.024469 -0.225237 -0.814794 0.020552 0.579387 55.236778
0.533412 0.009617 0.845801 1.576171 0.015752 0.999649 -0.021300 -0.234629 -0.845709 0.024685 0.533073 55.504407
0.485428 0.009885 0.874221 1.706325 0.016644 0.999650 -0.020545 -0.235515 -0.874118 0.024524 0.485093 55.734481
0.436013 0.014589 0.899822 1.841684 0.011224 0.999703 -0.021647 -0.245216 -0.899870 0.019538 0.435719 55.963556
0.387479 0.019059 0.921682 1.992061 0.008833 0.999664 -0.024385 -0.241511 -0.921836 0.017590 0.387180 56.170537
0.342731 0.020984 0.939199 2.156750 0.012975 0.999549 -0.027068 -0.244111 -0.939344 0.021463 0.342304 56.402241
0.303494 0.019033 0.952643 2.342457 0.016743 0.999540 -0.025304 -0.267949 -0.952686 0.023630 0.303036 56.532463
0.269372 0.018085 0.962866 2.491994 0.019970 0.999504 -0.024360 -0.282049 -0.962829 0.025790 0.268878 56.656407
0.240870 0.018901 0.970373 2.629543 0.031957 0.999114 -0.027394 -0.275382 -0.970031 0.037609 0.240052 56.753630
0.214693 0.017354 0.976527 2.812787 0.036957 0.998982 -0.025878 -0.286129 -0.975982 0.041645 0.213833 56.869315
0.191274 0.015080 0.981421 3.012098 0.037006 0.999060 -0.022564 -0.286501 -0.980839 0.040634 0.190536 56.983222
0.168407 0.012724 0.985635 3.211594 0.033522 0.999264 -0.018628 -0.283005 -0.985147 0.036177 0.167857 57.070537
0.146702 0.009392 0.989136 3.420588 0.039497 0.999102 -0.015344 -0.284471 -0.988392 0.041319 0.146200 57.178889
0.127081 0.008255 0.991858 3.607971 0.051342 0.998570 -0.014889 -0.287866 -0.990563 0.052816 0.126475 57.249907
0.110162 0.010137 0.993862 3.761922 0.052359 0.998500 -0.015988 -0.299122 -0.992534 0.053799 0.109466 57.276204
0.096127 0.015197 0.995253 3.857023 0.052833 0.998396 -0.020348 -0.293007 -0.993966 0.054539 0.095170 57.325333
0.085688 0.020207 0.996117 3.893389 0.046701 0.998614 -0.024275 -0.296989 -0.995227 0.048600 0.084625 57.347759
0.079214 0.019472 0.996668 3.965799 0.047042 0.998622 -0.023249 -0.295498 -0.995747 0.048727 0.078189 57.373407
0.076604 0.015243 0.996945 4.187905 0.053156 0.998399 -0.019349 -0.302366 -0.995644 0.054476 0.075671 57.430185
0.076868 0.013309 0.996952 4.401638 0.054682 0.998350 -0.017544 -0.310120 -0.995541 0.055864 0.076014 57.495926
0.078390 0.012892 0.996839 4.433300 0.050614 0.998575 -0.016895 -0.316152 -0.995637 0.051778 0.077626 57.523778
0.080241 0.012954 0.996691 4.464214 0.045434 0.998829 -0.016640 -0.321825 -0.995740 0.046618 0.079559 57.546815
0.080599 0.013938 0.996649 4.525233 0.042269 0.998955 -0.017389 -0.330903 -0.995850 0.043529 0.079926 57.626519
0.081511 0.014423 0.996568 4.665854 0.042456 0.998937 -0.017930 -0.327765 -0.995768 0.043772 0.080812 57.690370
0.082420 0.013933 0.996500 4.905128 0.043360 0.998905 -0.017553 -0.333780 -0.995654 0.044655 0.081726 57.769870
0.082985 0.012899 0.996467 5.145972 0.042338 0.998968 -0.016457 -0.341084 -0.995651 0.043554 0.082353 57.862389
0.083749 0.012278 0.996411 5.386935 0.043737 0.998915 -0.015985 -0.346707 -0.995527 0.044919 0.083121 57.938537
0.082749 0.010240 0.996518 5.672759 0.042602 0.998997 -0.013803 -0.355924 -0.995660 0.043596 0.082230 58.042870
0.081696 0.008955 0.996617 5.953144 0.040908 0.999087 -0.012330 -0.361220 -0.995817 0.041777 0.081255 58.130574
0.081005 0.007606 0.996685 6.299629 0.040705 0.999111 -0.010932 -0.369740 -0.995882 0.041455 0.080624 58.239759
0.080269 0.005263 0.996759 6.521742 0.044051 0.998990 -0.008822 -0.372519 -0.995799 0.044617 0.079956 58.318370
0.078633 0.004208 0.996895 6.708209 0.041907 0.999093 -0.007523 -0.375396 -0.996023 0.042368 0.078385 58.388815
0.077440 0.002698 0.996993 7.045510 0.038488 0.999243 -0.005694 -0.386412 -0.996254 0.038813 0.077278 58.472093
0.076327 0.007564 0.997054 7.260781 0.034340 0.999358 -0.010210 -0.387439 -0.996491 0.035018 0.076018 58.555352
0.075603 0.012242 0.997063 7.497749 0.035068 0.999273 -0.014928 -0.390342 -0.996521 0.036093 0.075119 58.632556
0.074516 0.014928 0.997108 7.733950 0.035103 0.999229 -0.017583 -0.390869 -0.996602 0.036311 0.073934 58.705796
0.072736 0.012701 0.997270 8.003383 0.030163 0.999433 -0.014928 -0.399473 -0.996895 0.031166 0.072311 58.799389
0.071491 0.009469 0.997396 8.270105 0.025890 0.999600 -0.011346 -0.405046 -0.997105 0.026634 0.071217 58.881963
0.071091 0.004428 0.997460 8.552180 0.024069 0.999691 -0.006153 -0.412657 -0.997179 0.024445 0.070962 58.972204
0.070643 0.000039 0.997502 8.635891 0.019709 0.999805 -0.001435 -0.410886 -0.997307 0.019761 0.070628 59.031759
0.071110 -0.000940 0.997468 8.777651 0.016535 0.999863 -0.000237 -0.413275 -0.997331 0.016510 0.071115 59.094519
0.071593 0.005433 0.997419 9.049968 0.017244 0.999829 -0.006684 -0.421424 -0.997285 0.017678 0.071487 59.169889
0.072650 0.014975 0.997245 9.321815 0.017048 0.999722 -0.016254 -0.430172 -0.997212 0.018182 0.072375 59.237963
0.072792 0.020046 0.997146 9.636214 0.018015 0.999609 -0.021411 -0.435720 -0.997185 0.019522 0.072402 59.328963
0.074343 0.014889 0.997122 9.830009 0.019578 0.999674 -0.016387 -0.441530 -0.997041 0.020740 0.074027 59.397481
0.075636 0.005953 0.997118 10.185626 0.026513 0.999617 -0.007979 -0.454999 -0.996783 0.027040 0.075449 59.494426
0.076112 0.003663 0.997093 10.500127 0.024193 0.999692 -0.005519 -0.465440 -0.996806 0.024543 0.076000 59.587426
0.076541 0.003125 0.997062 10.811815 0.025209 0.999669 -0.005068 -0.477060 -0.996748 0.025523 0.076437 59.689000
0.075684 0.004926 0.997120 11.075157 0.020994 0.999758 -0.006533 -0.482951 -0.996911 0.021428 0.075562 59.781463
0.074269 0.005469 0.997223 11.339579 0.019377 0.999788 -0.006927 -0.488639 -0.997050 0.019838 0.074147 59.872241
0.072472 0.004962 0.997358 11.606220 0.018582 0.999807 -0.006324 -0.495813 -0.997197 0.018991 0.072366 59.959519
0.071039 0.005756 0.997457 11.687652 0.018536 0.999803 -0.007089 -0.499023 -0.997301 0.018993 0.070919 60.023389
0.069464 0.005719 0.997568 11.799286 0.017771 0.999818 -0.006970 -0.502819 -0.997426 0.018212 0.069349 60.127611
0.067447 0.004795 0.997711 12.100946 0.015133 0.999869 -0.005829 -0.510676 -0.997608 0.015492 0.067365 60.229241
0.065251 0.003808 0.997862 12.388124 0.013477 0.999898 -0.004697 -0.517735 -0.997778 0.013755 0.065193 60.301407
0.063960 0.003491 0.997946 12.651692 0.015759 0.999866 -0.004508 -0.525875 -0.997828 0.016015 0.063896 60.357685
0.062504 0.004252 0.998036 12.928604 0.017594 0.999831 -0.005362 -0.533446 -0.997890 0.017894 0.062419 60.432056
0.061423 0.004418 0.998102 13.028132 0.017042 0.999840 -0.005474 -0.535415 -0.997966 0.017346 0.061338 60.539259
0.060031 0.003740 0.998189 13.137287 0.018773 0.999812 -0.004875 -0.533376 -0.998020 0.019032 0.059949 60.619000
0.058133 0.002709 0.998305 13.358023 0.017692 0.999837 -0.003744 -0.540481 -0.998152 0.017880 0.058075 60.718926
0.057142 0.002637 0.998363 13.630378 0.016024 0.999865 -0.003558 -0.542924 -0.998238 0.016201 0.057092 60.784093
0.056374 0.002463 0.998407 13.900653 0.012598 0.999916 -0.003178 -0.549489 -0.998330 0.012757 0.056339 60.849426
0.056555 0.001513 0.998398 14.161246 0.013204 0.999910 -0.002263 -0.554390 -0.998312 0.013311 0.056530 60.912926
0.056024 0.000422 0.998429 14.424669 0.012686 0.999919 -0.001134 -0.562954 -0.998349 0.012730 0.056015 60.973833
0.054895 0.003101 0.998487 14.550251 0.010460 0.999938 -0.003680 -0.565897 -0.998437 0.010646 0.054859 61.076333
0.054364 0.006355 0.998501 14.638460 0.007733 0.999947 -0.006786 -0.567147 -0.998491 0.008090 0.054312 61.169907
0.054267 0.007848 0.998496 14.682157 0.000793 0.999969 -0.007902 -0.568434 -0.998526 0.001220 0.054259 61.234537
0.053991 0.008707 0.998503 14.757039 0.000621 0.999961 -0.008753 -0.570419 -0.998541 0.001093 0.053983 61.311722
0.053619 0.008183 0.998528 14.806206 -0.001901 0.999965 -0.008093 -0.570146 -0.998560 -0.001464 0.053633 61.367389
0.053125 0.006904 0.998564 14.846269 -0.005389 0.999964 -0.006627 -0.573813 -0.998573 -0.005029 0.053161 61.448537
0.053114 0.007466 0.998561 14.863522 -0.012693 0.999896 -0.006801 -0.576520 -0.998508 -0.012313 0.053203 61.517759
0.053111 0.007949 0.998557 14.882265 -0.019489 0.999786 -0.006922 -0.580507 -0.998398 -0.019094 0.053255 61.580296
0.052678 0.006090 0.998593 14.904940 -0.022466 0.999735 -0.004912 -0.583498 -0.998359 -0.022175 0.052801 61.691778
0.051875 0.004909 0.998642 14.935471 -0.023110 0.999726 -0.003714 -0.585824 -0.998386 -0.022886 0.051975 61.767444
0.048940 0.004007 0.998794 14.978936 -0.028456 0.999592 -0.002615 -0.591303 -0.998396 -0.028294 0.049035 61.844648
0.044186 0.004877 0.999012 15.041576 -0.029445 0.999560 -0.003577 -0.592133 -0.998589 -0.029258 0.044310 61.936537
0.038590 0.008075 0.999223 15.110264 -0.027778 0.999590 -0.007005 -0.593339 -0.998869 -0.027486 0.038798 62.010870
0.032186 0.010059 0.999431 15.206146 -0.026606 0.999604 -0.009204 -0.594464 -0.999128 -0.026294 0.032440 62.060370
0.025668 0.010370 0.999617 15.450210 -0.028330 0.999552 -0.009641 -0.603962 -0.999269 -0.028071 0.025951 62.080796
0.017629 0.010517 0.999789 15.631461 -0.042618 0.999044 -0.009758 -0.604407 -0.998936 -0.042437 0.018060 62.162833
0.013344 0.010437 0.999857 15.809218 -0.032845 0.999410 -0.009994 -0.608397 -0.999371 -0.032707 0.013678 62.202093
0.009444 0.011134 0.999893 16.074801 -0.034314 0.999353 -0.010804 -0.612678 -0.999367 -0.034209 0.009820 62.226593
0.005059 0.011352 0.999923 16.306051 -0.035346 0.999313 -0.011166 -0.615645 -0.999362 -0.035286 0.005456 62.251981
0.003314 0.007405 0.999967 16.592332 -0.035507 0.999343 -0.007282 -0.621086 -0.999364 -0.035482 0.003574 62.251741
0.002321 0.003887 0.999990 16.830747 -0.031012 0.999512 -0.003813 -0.626530 -0.999516 -0.031003 0.002441 62.263148
-0.001241 0.002030 0.999997 17.058535 -0.042318 0.999102 -0.002081 -0.629639 -0.999103 -0.042320 -0.001154 62.322315
-0.002250 0.000807 0.999997 17.353872 -0.045619 0.998958 -0.000909 -0.635774 -0.998956 -0.045620 -0.002211 62.326037
-0.002951 0.005464 0.999981 17.571638 -0.039145 0.999218 -0.005576 -0.637551 -0.999229 -0.039161 -0.002735 62.364944
-0.002800 0.009162 0.999954 17.858675 -0.029130 0.999533 -0.009240 -0.642494 -0.999572 -0.029154 -0.002532 62.362778
-0.003093 0.012655 0.999915 18.145485 -0.020920 0.999700 -0.012717 -0.650392 -0.999776 -0.020958 -0.002827 62.354907
-0.003046 0.014413 0.999892 18.438732 -0.018659 0.999721 -0.014468 -0.655534 -0.999821 -0.018701 -0.002777 62.360574
-0.003233 0.013662 0.999901 18.677088 -0.017704 0.999749 -0.013718 -0.658279 -0.999838 -0.017746 -0.002990 62.398259
-0.002851 0.007820 0.999965 18.948028 -0.016942 0.999826 -0.007868 -0.665984 -0.999852 -0.016964 -0.002718 62.402889
-0.002805 0.006864 0.999973 18.963256 -0.010996 0.999916 -0.006895 -0.664854 -0.999936 -0.011015 -0.002729 62.450444
-0.002699 0.006331 0.999977 18.998302 -0.006467 0.999959 -0.006348 -0.661859 -0.999976 -0.006484 -0.002658 62.450963
-0.003134 0.007370 0.999968 19.036177 -0.003785 0.999966 -0.007382 -0.657960 -0.999988 -0.003808 -0.003106 62.457574
-0.004227 0.008663 0.999954 19.117917 0.001018 0.999962 -0.008658 -0.656129 -0.999991 0.000981 -0.004236 62.453111
-0.006147 0.008798 0.999942 19.302138 0.000191 0.999961 -0.008797 -0.660315 -0.999981 0.000137 -0.006148 62.461389
-0.007631 0.009429 0.999926 19.547455 0.001952 0.999954 -0.009414 -0.664930 -0.999969 0.001880 -0.007649 62.460944
-0.009957 0.009574 0.999905 19.689653 0.001720 0.999953 -0.009558 -0.665688 -0.999949 0.001624 -0.009973 62.493796
-0.011220 0.009706 0.999890 20.031948 -0.001892 0.999951 -0.009728 -0.676728 -0.999935 -0.002001 -0.011202 62.481667
-0.012820 0.011422 0.999853 20.362158 -0.006093 0.999915 -0.011500 -0.686710 -0.999899 -0.006240 -0.012750 62.509037
-0.013327 0.012065 0.999838 20.810979 -0.006922 0.999902 -0.012158 -0.691452 -0.999887 -0.007083 -0.013242 62.497222
-0.014762 0.012981 0.999807 21.090613 -0.007864 0.999883 -0.013098 -0.696751 -0.999860 -0.008056 -0.014658 62.502815
-0.015254 0.011019 0.999823 21.418123 -0.007737 0.999908 -0.011137 -0.703308 -0.999854 -0.007905 -0.015167 62.487556
-0.015905 0.009615 0.999827 21.742301 -0.010251 0.999900 -0.009779 -0.712086 -0.999821 -0.010405 -0.015805 62.480963
-0.018055 0.009067 0.999796 22.022021 -0.013573 0.999865 -0.009313 -0.718490 -0.999745 -0.013739 -0.017929 62.495889
-0.019222 0.007629 0.999786 22.319977 -0.010617 0.999913 -0.007834 -0.721015 -0.999759 -0.010765 -0.019140 62.466481
-0.020864 0.009089 0.999741 22.351275 -0.010426 0.999902 -0.009308 -0.717781 -0.999728 -0.010618 -0.020767 62.459130
-0.022523 0.009984 0.999696 22.386029 -0.010874 0.999888 -0.010231 -0.718147 -0.999687 -0.011101 -0.022412 62.438500
-0.023186 0.012973 0.999647 22.426205 -0.012491 0.999834 -0.013265 -0.720749 -0.999653 -0.012794 -0.023020 62.408426
-0.022637 0.016232 0.999612 22.486901 -0.010374 0.999811 -0.016470 -0.720453 -0.999690 -0.010743 -0.022464 62.378093
-0.023411 0.020360 0.999519 22.543245 -0.008760 0.999750 -0.020570 -0.719876 -0.999687 -0.009238 -0.023227 62.374185
-0.022072 0.020770 0.999541 22.855522 -0.006436 0.999761 -0.020917 -0.728009 -0.999736 -0.006894 -0.021933 62.329611
-0.021685 0.021292 0.999538 23.134637 -0.002179 0.999770 -0.021344 -0.732042 -0.999762 -0.002641 -0.021634 62.323148
-0.020536 0.019454 0.999600 23.325413 -0.001588 0.999809 -0.019491 -0.736432 -0.999788 -0.001988 -0.020501 62.286907
-0.019091 0.017185 0.999670 23.675528 -0.002138 0.999849 -0.017229 -0.747466 -0.999816 -0.002466 -0.019051 62.267389
-0.017451 0.015489 0.999728 24.004010 -0.002105 0.999877 -0.015528 -0.755547 -0.999846 -0.002375 -0.017416 62.268111
-0.015461 0.012847 0.999798 24.330991 -0.001082 0.999917 -0.012865 -0.763748 -0.999880 -0.001280 -0.015446 62.265537
-0.012773 0.008862 0.999879 24.354124 -0.002576 0.999957 -0.008895 -0.764050 -0.999915 -0.002689 -0.012750 62.247278
-0.011613 0.009410 0.999888 24.399139 -0.003061 0.999951 -0.009446 -0.760029 -0.999928 -0.003170 -0.011583 62.276296
-0.009841 0.012752 0.999870 24.707290 -0.005920 0.999900 -0.012811 -0.766366 -0.999934 -0.006046 -0.009765 62.257407
-0.007224 0.019141 0.999791 24.759583 -0.001711 0.999815 -0.019154 -0.764088 -0.999973 -0.001849 -0.007190 62.261981
-0.004742 0.022953 0.999725 24.822169 -0.004379 0.999726 -0.022974 -0.759366 -0.999979 -0.004487 -0.004640 62.252519
-0.000793 0.019072 0.999818 25.212632 -0.006488 0.999797 -0.019077 -0.774810 -0.999979 -0.006502 -0.000669 62.227648
-0.000456 0.018043 0.999837 25.225247 -0.005437 0.999822 -0.018045 -0.774103 -0.999985 -0.005444 -0.000358 62.247870
0.000346 0.017138 0.999853 25.263905 -0.003992 0.999845 -0.017137 -0.769624 -0.999992 -0.003986 0.000415 62.267111
0.002288 0.017005 0.999853 25.285754 -0.003272 0.999850 -0.016997 -0.768601 -0.999992 -0.003233 0.002343 62.301093
0.004294 0.015966 0.999863 25.301376 -0.001945 0.999871 -0.015958 -0.771043 -0.999989 -0.001877 0.004324 62.274759
0.006700 0.014800 0.999868 25.333641 -0.003950 0.999883 -0.014774 -0.765205 -0.999970 -0.003850 0.006757 62.246648
0.010496 0.014773 0.999836 25.500825 -0.000864 0.999891 -0.014765 -0.765236 -0.999945 -0.000708 0.010508 62.250074
0.013330 0.015030 0.999798 25.573887 0.003703 0.999879 -0.015081 -0.768294 -0.999904 0.003903 0.013273 62.234833
0.013909 0.017114 0.999757 25.947378 0.004162 0.999844 -0.017173 -0.780620 -0.999895 0.004400 0.013836 62.276907
0.016285 0.018737 0.999692 26.331793 0.003933 0.999815 -0.018803 -0.790020 -0.999860 0.004238 0.016209 62.289500
0.021181 0.015621 0.999654 26.387726 0.005366 0.999862 -0.015738 -0.787864 -0.999761 0.005698 0.021094 62.268296
0.024049 0.014321 0.999608 26.495748 0.002343 0.999894 -0.014382 -0.789013 -0.999708 0.002688 0.024013 62.243667
0.023925 0.015720 0.999590 26.817685 0.001323 0.999875 -0.015756 -0.797451 -0.999713 0.001699 0.023901 62.283241
0.023217 0.021214 0.999505 27.116170 -0.002194 0.999773 -0.021169 -0.806180 -0.999728 -0.001701 0.023258 62.316204
0.023886 0.024711 0.999409 27.411847 -0.001156 0.999695 -0.024690 -0.811819 -0.999714 -0.000566 0.023908 62.311815
0.025804 0.025315 0.999346 27.704446 0.003026 0.999673 -0.025401 -0.817954 -0.999663 0.003680 0.025719 62.309333
0.025470 0.024472 0.999376 27.740702 -0.000495 0.999700 -0.024468 -0.823463 -0.999676 0.000129 0.025474 62.315648
0.027845 0.024657 0.999308 27.787180 0.008305 0.999656 -0.024897 -0.818195 -0.999578 0.008993 0.027631 62.320093
0.029695 0.029343 0.999128 27.895703 0.011409 0.999494 -0.029693 -0.809490 -0.999494 0.012281 0.029345 62.273870
0.030270 0.030785 0.999068 28.200458 0.011344 0.999451 -0.031141 -0.820312 -0.999477 0.012276 0.029904 62.302759
0.029478 0.032428 0.999039 28.495249 0.011556 0.999396 -0.032781 -0.830268 -0.999499 0.012511 0.029086 62.335778
0.028557 0.031923 0.999082 28.800652 0.012401 0.999402 -0.032288 -0.841339 -0.999515 0.013312 0.028144 62.359259
0.026235 0.033354 0.999099 29.078741 0.011359 0.999369 -0.033662 -0.855948 -0.999591 0.012232 0.025839 62.369574
0.023352 0.036541 0.999059 29.383911 0.008894 0.999285 -0.036757 -0.871226 -0.999688 0.009744 0.023011 62.399093
0.020471 0.038357 0.999054 29.467044 0.005989 0.999241 -0.038487 -0.870367 -0.999773 0.006771 0.020226 62.439537
0.015963 0.039132 0.999107 29.523668 0.005192 0.999217 -0.039219 -0.866197 -0.999859 0.005814 0.015748 62.542056
0.015808 0.037716 0.999164 29.555145 0.004800 0.999274 -0.037796 -0.860598 -0.999864 0.005394 0.015615 62.501944
0.013421 0.038856 0.999155 29.583538 0.004875 0.999230 -0.038925 -0.853424 -0.999898 0.005393 0.013221 62.532037
0.011828 0.044616 0.998934 29.627235 0.001816 0.999001 -0.044641 -0.850090 -0.999928 0.002342 0.011735 62.618000
0.009859 0.052074 0.998595 29.677790 -0.002014 0.998642 -0.052057 -0.848103 -0.999950 -0.001498 0.009951 62.670093
0.007904 0.054184 0.998500 29.960485 0.002397 0.998527 -0.054205 -0.863816 -0.999966 0.002822 0.007763 62.682074
0.005033 0.053484 0.998556 30.242052 0.003855 0.998560 -0.053504 -0.877599 -0.999980 0.004119 0.004820 62.691944
0.001429 0.045908 0.998945 30.503326 0.003318 0.998940 -0.045912 -0.901043 -0.999994 0.003380 0.001275 62.708815
0.000150 0.043007 0.999075 30.822752 0.002211 0.999072 -0.043007 -0.923616 -0.999998 0.002216 0.000055 62.714481
-0.002458 0.047547 0.998866 31.052765 -0.002512 0.998865 -0.047553 -0.933207 -0.999994 -0.002626 -0.002335 62.745074
-0.002929 0.053110 0.998584 31.262782 -0.002850 0.998584 -0.053119 -0.931050 -0.999992 -0.003002 -0.002774 62.726278
-0.004390 0.056446 0.998396 31.516139 -0.002853 0.998401 -0.056459 -0.943050 -0.999986 -0.003096 -0.004222 62.719574
-0.006599 0.060265 0.998161 31.774383 -0.001612 0.998180 -0.060277 -0.964232 -0.999977 -0.002007 -0.006490 62.708870
-0.008905 0.065731 0.997798 32.040851 -0.002160 0.997834 -0.065752 -0.982876 -0.999958 -0.002741 -0.008744 62.713685
-0.011221 0.068350 0.997598 32.310004 -0.001532 0.997659 -0.068371 -1.000016 -0.999936 -0.002295 -0.011090 62.706981
-0.011958 0.065121 0.997806 32.623987 -0.001877 0.997874 -0.065148 -1.025987 -0.999927 -0.002652 -0.011811 62.681685
-0.017849 0.062557 0.997882 32.649518 0.003731 0.998038 -0.062500 -1.021654 -0.999834 0.002608 -0.018048 62.721370
-0.021407 0.059802 0.997981 32.892529 0.003909 0.998207 -0.059732 -1.045792 -0.999763 0.002623 -0.021602 62.661426
-0.027862 0.059208 0.997857 32.971898 0.002752 0.998245 -0.059155 -1.046973 -0.999608 0.001098 -0.027976 62.659167
-0.036426 0.060737 0.997489 33.162907 0.001614 0.998154 -0.060718 -1.058339 -0.999335 -0.000602 -0.036457 62.646056
-0.046164 0.060163 0.997120 33.454912 -0.000616 0.998183 -0.060256 -1.087610 -0.998934 -0.003396 -0.046043 62.586944
-0.057411 0.061419 0.996460 33.738795 0.000968 0.998109 -0.061465 -1.105588 -0.998350 -0.002564 -0.057362 62.523148
-0.069835 0.062314 0.995610 34.008833 0.000848 0.998050 -0.062408 -1.128175 -0.997558 -0.003514 -0.069752 62.456574
-0.081181 0.061814 0.994781 34.263000 0.003822 0.998087 -0.061707 -1.145844 -0.996692 -0.001207 -0.081262 62.369241
-0.091788 0.060831 0.993919 34.553774 0.007827 0.998146 -0.060367 -1.171646 -0.995748 0.002238 -0.092093 62.270185
-0.102877 0.060750 0.992837 34.838046 0.011522 0.998139 -0.059881 -1.192115 -0.994627 0.005279 -0.103385 62.182944
-0.110280 0.059230 0.992134 35.129943 0.019184 0.998164 -0.057457 -1.217559 -0.993715 0.012697 -0.111214 62.037833
-0.117627 0.059133 0.991296 35.385347 0.023906 0.998105 -0.056703 -1.233300 -0.992770 0.017029 -0.118818 61.908370
-0.124912 0.059294 0.990394 35.657501 0.024332 0.998096 -0.056687 -1.254650 -0.991869 0.017017 -0.126116 61.803481
-0.129622 0.056996 0.989924 35.939554 0.028920 0.998139 -0.053682 -1.274030 -0.991142 0.021670 -0.131029 61.676815
-0.132158 0.052978 0.989812 36.192393 0.034234 0.998219 -0.048857 -1.292997 -0.990637 0.027429 -0.133737 61.541056
-0.132499 0.049726 0.989935 36.488383 0.043318 0.998077 -0.044337 -1.314419 -0.990236 0.037008 -0.134398 61.391889
-0.133391 0.047837 0.989908 36.773557 0.046621 0.998031 -0.041948 -1.335553 -0.989966 0.040556 -0.135359 61.268148
-0.133682 0.052758 0.989619 37.039912 0.049087 0.997709 -0.046559 -1.351290 -0.989808 0.042353 -0.135966 61.158241
-0.131896 0.055123 0.989730 37.316662 0.051569 0.997482 -0.048682 -1.370714 -0.989921 0.044618 -0.134407 61.034333
-0.131775 0.055271 0.989738 37.571353 0.052981 0.997410 -0.048646 -1.386179 -0.989863 0.046027 -0.134362 60.924389
-0.130263 0.054371 0.989988 37.823749 0.054291 0.997388 -0.047634 -1.400145 -0.989992 0.047542 -0.132875 60.810778
-0.130177 0.051829 0.990135 38.081108 0.055724 0.997437 -0.044885 -1.416013 -0.989924 0.049331 -0.132732 60.716981
-0.128386 0.049820 0.990472 38.337997 0.058731 0.997366 -0.042554 -1.440373 -0.989984 0.052708 -0.130973 60.608815
-0.125481 0.052290 0.990717 38.587034 0.060971 0.997129 -0.044906 -1.455818 -0.990221 0.054770 -0.128309 60.495481
-0.120865 0.054318 0.991182 38.829121 0.062175 0.996955 -0.047053 -1.468154 -0.990720 0.055940 -0.123875 60.384426
-0.115256 0.053386 0.991900 39.076349 0.063867 0.996887 -0.046233 -1.483627 -0.991281 0.058021 -0.118306 60.283907
-0.109630 0.050706 0.992678 39.331246 0.065703 0.996883 -0.043664 -1.500723 -0.991799 0.060436 -0.112620 60.187704
-0.104384 0.048308 0.993363 39.564904 0.066060 0.996951 -0.041540 -1.518043 -0.992341 0.061285 -0.107257 60.092630
-0.100473 0.049232 0.993721 39.657956 0.060928 0.997205 -0.043245 -1.515328 -0.993073 0.056201 -0.103192 60.043630
-0.096472 0.046467 0.994250 39.728842 0.060646 0.997328 -0.040727 -1.521923 -0.993486 0.056369 -0.099033 59.990000
-0.092012 0.044247 0.994775 39.787178 0.061176 0.997376 -0.038704 -1.519662 -0.993877 0.057295 -0.094478 59.923333
-0.087597 0.042375 0.995254 39.882823 0.062638 0.997352 -0.036951 -1.522370 -0.994185 0.059104 -0.090019 59.861481
-0.084267 0.042864 0.995521 39.955777 0.057344 0.997627 -0.038100 -1.519795 -0.994792 0.053876 -0.086525 59.835907
-0.079443 0.042941 0.995914 40.016873 0.054510 0.997764 -0.038673 -1.525342 -0.995348 0.051215 -0.081606 59.795111
-0.074656 0.044758 0.996204 40.100546 0.054153 0.997700 -0.040767 -1.530034 -0.995738 0.050904 -0.076908 59.741537
-0.068967 0.048826 0.996424 40.184008 0.055896 0.997422 -0.045006 -1.529817 -0.996052 0.052593 -0.071518 59.748333
-0.063448 0.051646 0.996648 40.259905 0.053701 0.997390 -0.048266 -1.524171 -0.996539 0.050458 -0.066056 59.779796
-0.054622 0.051013 0.997203 40.460191 0.050460 0.997559 -0.048267 -1.535933 -0.997231 0.047682 -0.057063 59.750296
-0.043346 0.048073 0.997903 40.691057 0.048580 0.997761 -0.045956 -1.554972 -0.997878 0.046486 -0.045584 59.718981
-0.030610 0.046217 0.998462 40.915681 0.050046 0.997748 -0.044650 -1.569263 -0.998278 0.048602 -0.032854 59.700944
-0.017374 0.045969 0.998792 41.134786 0.049564 0.997754 -0.045059 -1.580672 -0.998620 0.048721 -0.019613 59.709833
-0.001218 0.044159 0.999024 41.371533 0.050652 0.997745 -0.044041 -1.597717 -0.998716 0.050549 -0.003452 59.710556
0.017827 0.044168 0.998865 41.589536 0.048913 0.997789 -0.044994 -1.609808 -0.998644 0.049660 0.015627 59.727981
0.039300 0.044170 0.998251 41.805175 0.046981 0.997836 -0.046002 -1.620829 -0.998122 0.048707 0.037140 59.754111
0.062085 0.044246 0.997090 42.018151 0.043491 0.997948 -0.046992 -1.634153 -0.997123 0.046282 0.060033 59.808333
