1.000000 0.000000 0.000000 0.000000 0.000000 1.000000 0.000000 0.000000 0.000000 0.000000 1.000000 0.000000
0.999982 -0.000870 0.006004 0.006136 0.000873 1.000000 -0.000499 0.001141 -0.006003 0.000504 0.999982 -0.101315
1.000000 -0.000520 0.000080 -0.002004 0.000520 1.000000 0.000045 -0.000149 -0.000080 -0.000045 1.000000 -0.007192
0.999978 -0.000623 -0.006610 -0.011266 0.000629 1.000000 0.000855 -0.005094 0.006609 -0.000859 0.999978 0.119219
0.999909 -0.000609 -0.013464 -0.022880 0.000618 1.000000 0.000684 -0.008401 0.013463 -0.000692 0.999909 0.269193
0.999759 0.000232 -0.021960 -0.035128 -0.000257 0.999999 -0.001134 -0.004791 0.021960 0.001139 0.999758 0.385063
0.999447 -0.001961 -0.033194 -0.043022 0.001911 0.999997 -0.001528 -0.011697 0.033197 0.001464 0.999448 0.622425
0.998938 -0.000795 -0.046058 -0.054508 0.000683 0.999997 -0.002447 -0.010734 0.046060 0.002413 0.998936 0.817808
0.998092 0.000338 -0.061743 -0.069363 -0.000525 0.999995 -0.003003 -0.007052 0.061742 0.003029 0.998088 1.039526
0.996865 -0.001418 -0.079112 -0.089843 0.001085 0.999990 -0.004249 -0.005751 0.079117 0.004150 0.996857 1.278231
0.995196 -0.001587 -0.097887 -0.110558 0.001085 0.999986 -0.005181 -0.000790 0.097894 0.005050 0.995184 1.486473
0.992758 -0.002619 -0.120105 -0.124566 0.002122 0.999989 -0.004259 -0.011102 0.120115 0.003974 0.992752 1.743522
0.989635 0.000486 -0.143607 -0.147908 -0.001402 0.999979 -0.006280 -0.009087 0.143601 0.006417 0.989615 1.974035
0.985756 0.004582 -0.168119 -0.177675 -0.006134 0.999943 -0.008713 -0.004816 0.168069 0.009620 0.985728 2.180006
0.980946 0.007297 -0.194143 -0.208911 -0.009491 0.999901 -0.010375 -0.004550 0.194049 0.012020 0.980918 2.388989
0.974642 0.004784 -0.223721 -0.231722 -0.007177 0.999925 -0.009888 -0.015013 0.223657 0.011243 0.974603 2.656006
0.967076 0.007514 -0.254375 -0.260682 -0.010667 0.999882 -0.011021 -0.007648 0.254262 0.013371 0.967043 2.900900
0.958189 0.006266 -0.286067 -0.298955 -0.010941 0.999831 -0.014746 0.007589 0.285926 0.017259 0.958096 3.105344
0.947477 0.008181 -0.319719 -0.334992 -0.012549 0.999854 -0.011606 -0.001475 0.319578 0.015008 0.947441 3.391611
0.935650 0.011913 -0.352729 -0.376681 -0.017439 0.999770 -0.012492 -0.006710 0.352499 0.017840 0.935642 3.623365
0.922266 0.009207 -0.386445 -0.419388 -0.016555 0.999740 -0.015691 0.010119 0.386201 0.020869 0.922179 3.840450
0.906852 0.008521 -0.421364 -0.471865 -0.016526 0.999746 -0.015351 0.008513 0.421126 0.020884 0.906762 4.090415
0.888862 0.002220 -0.458170 -0.521940 -0.010841 0.999810 -0.016188 0.007196 0.458047 0.019356 0.888717 4.389546
0.868235 -0.000758 -0.496153 -0.580199 -0.009154 0.999804 -0.017547 0.004790 0.496070 0.019777 0.868058 4.632315
0.843495 -0.001299 -0.537135 -0.645775 -0.008546 0.999838 -0.015838 0.005891 0.537069 0.017950 0.843347 4.934131
0.814489 0.003949 -0.580166 -0.709326 -0.014913 0.999789 -0.014130 0.008060 0.579988 0.020161 0.814376 5.204757
0.782055 0.007191 -0.623167 -0.786983 -0.020210 0.999700 -0.013828 0.009817 0.622881 0.023408 0.781966 5.495811
0.748594 0.006836 -0.662994 -0.883802 -0.023616 0.999587 -0.016359 0.020587 0.662608 0.027903 0.748446 5.715180
0.712859 0.006167 -0.701280 -0.998172 -0.020390 0.999721 -0.011935 0.005570 0.701011 0.022807 0.712786 5.935937
0.676671 0.001235 -0.736285 -1.125529 -0.016393 0.999776 -0.013389 0.011627 0.736103 0.021130 0.676539 6.083026
0.640042 0.002221 -0.768337 -1.260707 -0.018039 0.999764 -0.012137 0.011392 0.768128 0.021628 0.639931 6.160720
0.599972 0.001713 -0.800019 -1.398930 -0.012777 0.999891 -0.007441 0.002348 0.799919 0.014686 0.599928 6.252983
0.556465 0.003060 -0.830865 -1.539982 -0.018519 0.999791 -0.008720 0.013723 0.830664 0.020239 0.556405 6.366672
0.505633 0.005840 -0.862729 -1.669144 -0.021164 0.999760 -0.005637 0.012183 0.862489 0.021109 0.505635 6.543691
0.452168 0.008787 -0.891890 -1.809895 -0.024886 0.999687 -0.002768 0.015456 0.891586 0.023447 0.452245 6.743041
0.398157 0.011015 -0.917251 -1.954001 -0.026195 0.999657 0.000634 0.013326 0.916943 0.023775 0.398309 6.878356
0.343898 0.014757 -0.938891 -2.103159 -0.025302 0.999659 0.006445 0.010969 0.938666 0.021540 0.344155 7.032819
0.291737 0.016565 -0.956355 -2.260325 -0.022612 0.999690 0.010417 0.008881 0.956231 0.018586 0.292021 7.143907
0.242416 0.019588 -0.969975 -2.421591 -0.018701 0.999705 0.015515 -0.003660 0.969992 0.014378 0.242711 7.207383
0.197297 0.017787 -0.980182 -2.815558 -0.022325 0.999658 0.013646 0.009149 0.980090 0.019191 0.197626 7.223800
0.156496 0.017116 -0.987530 -3.052495 -0.024415 0.999611 0.013456 0.014876 0.987377 0.022004 0.156853 7.249043
0.119648 0.016052 -0.992687 -3.230618 -0.024073 0.999622 0.013262 0.015931 0.992524 0.022311 0.119989 7.273004
0.085783 0.014366 -0.996210 -3.357027 -0.020822 0.999703 0.012623 0.013424 0.996096 0.019661 0.086057 7.295887
0.055271 0.009054 -0.998430 -3.471208 -0.024529 0.999669 0.007707 0.021058 0.998170 0.024065 0.055475 7.302646
0.028857 0.009220 -0.999541 -3.584208 -0.020510 0.999752 0.008630 0.018779 0.999373 0.020252 0.029039 7.294878
0.007227 0.009263 -0.999931 -3.703421 -0.017583 0.999804 0.009135 0.011380 0.999819 0.017516 0.007389 7.297170
-0.007804 0.006052 -0.999951 -3.753469 -0.019548 0.999790 0.006203 0.022894 0.999778 0.019596 -0.007684 7.270422
-0.020928 0.006639 -0.999759 -3.760478 -0.016176 0.999845 0.006978 0.022812 0.999650 0.016318 -0.020817 7.251983
-0.030519 0.005340 -0.999520 -3.771330 -0.019844 0.999785 0.005947 0.029777 0.999337 0.020016 -0.030406 7.239446
-0.036739 0.009815 -0.999277 -3.764615 -0.020579 0.999732 0.010576 0.013184 0.999113 0.020953 -0.036527 7.148583
-0.041377 0.009424 -0.999099 -3.775927 -0.018379 0.999779 0.010192 0.019132 0.998974 0.018785 -0.041195 7.121348
-0.042433 0.008932 -0.999059 -4.040518 -0.020097 0.999750 0.009791 0.022105 0.998897 0.020494 -0.042243 7.057343
-0.042074 0.011776 -0.999045 -4.091403 -0.016745 0.999782 0.012490 0.021003 0.998974 0.017254 -0.041867 7.067389
-0.040001 0.014844 -0.999089 -4.155081 -0.017897 0.999719 0.015570 0.015828 0.999039 0.018503 -0.039724 7.042235
-0.038842 0.014491 -0.999140 -4.256175 -0.017111 0.999739 0.015165 0.018970 0.999099 0.017685 -0.038584 6.994283
-0.037714 0.014958 -0.999177 -4.348112 -0.018425 0.999708 0.015661 0.006789 0.999119 0.019001 -0.037427 6.964191
-0.036900 0.012970 -0.999235 -4.411113 -0.017326 0.999757 0.013617 0.017982 0.999169 0.017815 -0.036666 6.963587
-0.035730 0.016513 -0.999225 -4.468765 -0.014882 0.999744 0.017053 0.019131 0.999251 0.015480 -0.035475 6.959713
-0.034680 0.017184 -0.999251 -4.522987 -0.015248 0.999727 0.017721 0.034030 0.999282 0.015851 -0.034408 6.958874
-0.033421 0.020107 -0.999239 -4.588605 -0.015975 0.999659 0.020650 0.031490 0.999314 0.016653 -0.033088 6.951496
-0.031692 0.019531 -0.999307 -4.813726 -0.013243 0.999713 0.019959 0.035457 0.999410 0.013867 -0.031424 6.888793
-0.030403 0.015749 -0.999414 -4.969300 -0.016206 0.999737 0.016247 0.041531 0.999406 0.016691 -0.030140 6.886539
-0.029262 0.013221 -0.999484 -5.095886 -0.018862 0.999727 0.013776 0.051414 0.999394 0.019256 -0.029005 6.888372
-0.028830 0.018306 -0.999417 -5.160440 -0.008815 0.999789 0.018567 0.039355 0.999546 0.009345 -0.028662 6.886730
-0.029608 0.023463 -0.999286 -5.252408 0.002190 0.999724 0.023408 0.026188 0.999559 -0.001495 -0.029651 6.956944
-0.028407 0.021141 -0.999373 -5.295298 0.002973 0.999774 0.021065 0.043848 0.999592 -0.002373 -0.028463 6.929991
-0.028099 0.020123 -0.999402 -5.378343 0.008370 0.999767 0.019895 0.028462 0.999570 -0.007806 -0.028261 6.910341
-0.029641 0.013902 -0.999464 -5.495958 0.012678 0.999828 0.013531 0.027785 0.999480 -0.012270 -0.029812 6.925741
-0.030144 0.007839 -0.999515 -5.562356 0.015353 0.999855 0.007379 0.034187 0.999428 -0.015123 -0.030260 6.947889
-0.029910 0.006121 -0.999534 -5.746010 0.015253 0.999868 0.005667 0.047884 0.999436 -0.015077 -0.029999 6.876307
-0.031133 0.017516 -0.999362 -5.756357 0.020313 0.999651 0.016889 0.023881 0.999309 -0.019774 -0.031478 6.905337
-0.031525 0.016087 -0.999374 -5.829046 0.014758 0.999769 0.015628 0.057769 0.999394 -0.014256 -0.031755 6.912906
-0.032386 0.020281 -0.999270 -6.058076 0.012674 0.999722 0.019879 0.061917 0.999395 -0.012021 -0.032634 6.884996
-0.032863 0.023216 -0.999190 -6.369964 0.012641 0.999660 0.022811 0.051144 0.999380 -0.011882 -0.033146 6.835715
-0.033527 0.017704 -0.999281 -6.670593 0.012126 0.999777 0.017306 0.060418 0.999364 -0.011537 -0.033734 6.788698
-0.033442 0.013546 -0.999349 -6.989501 0.011903 0.999843 0.013155 0.067762 0.999370 -0.011456 -0.033598 6.726956
-0.033695 0.013722 -0.999338 -7.338335 0.011508 0.999845 0.013341 0.073133 0.999366 -0.011051 -0.033847 6.642839
-0.034249 0.018995 -0.999233 -7.674917 0.012613 0.999748 0.018572 0.056576 0.999334 -0.011967 -0.034480 6.596726
-0.034530 0.020459 -0.999194 -8.003707 0.010790 0.999740 0.020097 0.040920 0.999345 -0.010088 -0.034742 6.534656
-0.033480 0.019683 -0.999246 -8.328042 0.010078 0.999762 0.019355 0.018967 0.999389 -0.009422 -0.033671 6.452163
-0.033221 0.013272 -0.999360 -8.652404 0.010237 0.999864 0.012938 0.026768 0.999395 -0.009801 -0.033353 6.371704
-0.031771 0.011563 -0.999429 -8.972251 0.008514 0.999900 0.011297 0.035974 0.999459 -0.008150 -0.031866 6.279772
-0.030698 0.018005 -0.999367 -9.017795 0.006184 0.999822 0.017823 0.012270 0.999510 -0.005633 -0.030804 6.262969
-0.030961 0.024151 -0.999229 -9.381328 0.007799 0.999683 0.023920 0.010397 0.999490 -0.007052 -0.031140 6.196133
-0.030997 0.027169 -0.999150 -9.395514 0.009634 0.999592 0.026882 0.023217 0.999473 -0.008793 -0.031246 6.220854
-0.032013 0.030139 -0.999033 -9.417713 0.011670 0.999488 0.029779 0.027280 0.999419 -0.010705 -0.032348 6.231444
-0.032826 0.031171 -0.998975 -9.461491 0.012750 0.999445 0.030766 0.029401 0.999380 -0.011727 -0.033205 6.220524
-0.034131 0.027137 -0.999049 -9.506921 0.016892 0.999504 0.026573 0.032986 0.999275 -0.015969 -0.034573 6.287369
-0.034355 0.026220 -0.999066 -9.579724 0.015463 0.999550 0.025701 0.019668 0.999290 -0.014566 -0.034745 6.268100
-0.034650 0.020075 -0.999198 -9.638147 0.011756 0.999737 0.019678 0.035916 0.999330 -0.011064 -0.034877 6.311391
-0.036783 0.019589 -0.999131 -9.710680 0.007777 0.999783 0.019315 0.033793 0.999293 -0.007060 -0.036927 6.320369
-0.037099 0.019690 -0.999118 -10.038692 0.008946 0.999772 0.019371 0.023155 0.999271 -0.008219 -0.037267 6.260915
-0.038382 0.014036 -0.999165 -10.366855 0.013182 0.999821 0.013539 0.033688 0.999176 -0.012652 -0.038560 6.192098
-0.038845 0.009145 -0.999203 -10.677139 0.016636 0.999825 0.008504 0.047823 0.999107 -0.016293 -0.038991 6.141154
-0.040473 0.010899 -0.999121 -10.928660 0.019218 0.999764 0.010127 0.050031 0.998996 -0.018791 -0.040673 6.095559
-0.041841 0.015844 -0.998999 -11.205697 0.020731 0.999673 0.014987 0.051506 0.998909 -0.020083 -0.042155 6.023739
-0.044221 0.018323 -0.998854 -11.504981 0.022853 0.999589 0.017325 0.055296 0.998760 -0.022061 -0.044621 5.969731
-0.046060 0.016670 -0.998800 -11.743942 0.024191 0.999586 0.015568 0.059177 0.998646 -0.023444 -0.046444 5.928654
-0.048297 0.013833 -0.998737 -11.840920 0.019908 0.999719 0.012884 0.055273 0.998635 -0.019261 -0.048558 5.917067
-0.050358 0.012227 -0.998657 -11.921639 0.018449 0.999766 0.011310 0.051481 0.998561 -0.017855 -0.050572 5.855241
-0.051795 0.010258 -0.998605 -11.990495 0.014897 0.999844 0.009498 0.053260 0.998547 -0.014384 -0.051939 5.822007
-0.052714 0.011860 -0.998539 -12.293721 0.010957 0.999876 0.011297 0.048321 0.998550 -0.010346 -0.052837 5.741839
-0.053675 0.012490 -0.998480 -12.587027 0.013319 0.999842 0.011791 0.050359 0.998470 -0.012665 -0.053833 5.671963
-0.053643 0.011053 -0.998499 -12.802018 0.008491 0.999908 0.010612 0.053728 0.998524 -0.007909 -0.053731 5.583581
-0.053816 0.010152 -0.998499 -12.954816 0.007549 0.999924 0.009759 0.055801 0.998522 -0.007013 -0.053888 5.515793
-0.054767 0.011943 -0.998428 -13.275074 0.009409 0.999890 0.011445 0.054529 0.998455 -0.008767 -0.054873 5.441263
-0.055178 0.014193 -0.998376 -13.572112 0.008059 0.999873 0.013769 0.054571 0.998444 -0.007287 -0.055285 5.371567
-0.054976 0.017682 -0.998331 -13.861757 0.006429 0.999829 0.017354 0.054762 0.998467 -0.005464 -0.055080 5.292652
-0.058376 0.019100 -0.998112 -13.949102 0.018209 0.999671 0.018064 0.063054 0.998128 -0.017120 -0.058704 5.267604
-0.060301 0.019137 -0.997997 -13.992264 0.018191 0.999671 0.018070 0.065587 0.998015 -0.017064 -0.060629 5.276748
-0.061613 0.017726 -0.997943 -14.048921 0.020879 0.999646 0.016468 0.066101 0.997882 -0.019821 -0.061962 5.249743
-0.064044 0.014727 -0.997838 -14.210554 0.026568 0.999562 0.013047 0.063401 0.997593 -0.025675 -0.064407 5.245472
-0.064621 0.011802 -0.997840 -14.450999 0.027284 0.999577 0.010055 0.061629 0.997537 -0.026575 -0.064915 5.202750
-0.063636 0.010269 -0.997920 -14.739349 0.027615 0.999582 0.008525 0.056708 0.997591 -0.027015 -0.063893 5.122689
-0.061508 0.009215 -0.998064 -15.030884 0.025645 0.999642 0.007649 0.054580 0.997777 -0.025125 -0.061722 5.041913
-0.057322 0.009783 -0.998308 -15.288124 0.024126 0.999673 0.008411 0.052130 0.998064 -0.023603 -0.057539 4.966835
-0.052092 0.011691 -0.998574 -15.350855 0.024636 0.999642 0.010418 0.047679 0.998338 -0.024058 -0.052362 4.956887
-0.045865 0.012842 -0.998865 -15.658510 0.028737 0.999521 0.011531 0.048695 0.998534 -0.028176 -0.046212 4.912613
-0.037076 0.014496 -0.999207 -15.933672 0.024914 0.999597 0.013577 0.042019 0.999002 -0.024391 -0.037423 4.849193
-0.026214 0.015966 -0.999529 -16.065243 0.023823 0.999598 0.015342 0.041616 0.999372 -0.023409 -0.026584 4.869417
-0.011936 0.017398 -0.999777 -16.298577 0.019380 0.999665 0.017165 0.040637 0.999741 -0.019171 -0.012270 4.859504
0.005796 0.018740 -0.999808 -16.565148 0.018599 0.999649 0.018845 0.038017 0.999810 -0.018705 0.005445 4.862904
0.027640 0.019204 -0.999433 -16.803121 0.018367 0.999637 0.019716 0.039332 0.999449 -0.018901 0.027277 4.875867
0.051437 0.019422 -0.998487 -16.909355 0.021262 0.999563 0.020538 0.041657 0.998450 -0.022286 0.051001 4.977385
0.078646 0.018963 -0.996722 -17.029867 0.022639 0.999527 0.020802 0.043334 0.996645 -0.024201 0.078179 5.095920
0.110911 0.019205 -0.993645 -17.208596 0.024666 0.999452 0.022070 0.043766 0.993524 -0.026957 0.110376 5.238148
0.146413 0.018662 -0.989048 -17.382595 0.024741 0.999440 0.022520 0.048781 0.988914 -0.027767 0.145869 5.428911
0.185672 0.016435 -0.982474 -17.549498 0.020991 0.999566 0.020688 0.058678 0.982387 -0.024464 0.185247 5.631013
0.228513 0.017070 -0.973391 -17.708009 0.024796 0.999420 0.023347 0.057842 0.973225 -0.029471 0.227957 5.866656
0.273908 0.016708 -0.961611 -17.907561 0.031622 0.999152 0.026368 0.058276 0.961236 -0.037630 0.273147 6.141472
0.321606 0.012038 -0.946797 -18.092468 0.036888 0.999001 0.025232 0.057148 0.946155 -0.043040 0.320841 6.452735
0.373446 0.005313 -0.927637 -18.262584 0.041386 0.998892 0.022382 0.063967 0.926728 -0.046749 0.372813 6.682780
0.421890 0.000561 -0.906647 -18.447566 0.045791 0.998710 0.021927 0.071481 0.905490 -0.050767 0.421320 7.123044
0.466678 -0.005321 -0.884412 -18.571097 0.044436 0.998860 0.017438 0.106026 0.883311 -0.047438 0.466382 7.579283
0.508893 -0.007922 -0.860793 -18.730996 0.053914 0.998288 0.022685 0.100069 0.859140 -0.057953 0.508449 8.141665
0.550053 -0.012592 -0.835035 -18.859986 0.064792 0.997516 0.027637 0.098245 0.832613 -0.069306 0.549502 8.597937
0.590866 -0.016901 -0.806593 -18.983419 0.076902 0.996408 0.035456 0.086183 0.803096 -0.082978 0.590044 9.084717
0.627479 -0.020622 -0.778361 -19.114693 0.082434 0.995791 0.040072 0.063295 0.774258 -0.089308 0.626537 9.757037
0.665342 -0.023998 -0.746153 -19.198971 0.078638 0.996176 0.038082 0.076307 0.742386 -0.084013 0.664684 10.231159
0.703694 -0.028804 -0.709919 -19.298277 0.074453 0.996666 0.033361 0.057583 0.706591 -0.076331 0.703493 10.761002
0.741612 -0.034107 -0.669961 -19.408621 0.072134 0.996970 0.029094 0.042655 0.666939 -0.069903 0.741826 11.298270
0.779793 -0.037198 -0.624931 -19.527053 0.071971 0.996941 0.030465 0.048735 0.621886 -0.068733 0.780085 11.766580
0.815882 -0.034454 -0.577191 -19.645681 0.066924 0.997141 0.035078 0.020347 0.574332 -0.067247 0.815856 12.292081
0.847537 -0.035808 -0.529527 -19.735429 0.064034 0.997332 0.035047 0.041886 0.526860 -0.063612 0.847569 12.884361
0.875117 -0.031449 -0.482888 -19.823589 0.058094 0.997497 0.040317 0.031219 0.480411 -0.063335 0.874754 13.515911
0.897174 -0.026761 -0.440865 -19.906960 0.051096 0.997749 0.043417 0.056774 0.438711 -0.061479 0.896523 14.208976
0.915734 -0.022512 -0.401154 -19.981598 0.044343 0.997992 0.045217 0.060382 0.399331 -0.059195 0.914894 14.916089
0.930360 -0.017656 -0.366223 -20.062771 0.037058 0.998253 0.046017 0.090018 0.364771 -0.056384 0.929389 15.583146
0.941237 -0.018129 -0.337261 -20.136303 0.037440 0.998005 0.050843 0.093774 0.335666 -0.060483 0.940037 16.470570
0.949553 -0.018562 -0.313056 -20.198479 0.037081 0.997890 0.053304 0.112874 0.311406 -0.062223 0.948237 17.098052
0.956501 -0.012931 -0.291442 -20.272874 0.031430 0.997770 0.058884 0.089178 0.290031 -0.065483 0.954774 17.732813
0.961696 -0.011355 -0.273881 -20.333878 0.029338 0.997666 0.061654 0.107007 0.272542 -0.067327 0.959785 18.375463
0.966252 -0.004121 -0.257565 -20.399116 0.021591 0.997649 0.065038 0.099895 0.256692 -0.068404 0.964070 18.918352
0.969887 0.001159 -0.243553 -20.479932 0.015443 0.997684 0.066248 0.117594 0.243066 -0.068014 0.967623 19.806537
0.973026 0.001072 -0.230695 -20.532539 0.014646 0.997685 0.066411 0.130691 0.230232 -0.067998 0.970757 20.483333
0.976494 0.007224 -0.215422 -20.592112 0.007447 0.997711 0.067212 0.133404 0.215415 -0.067237 0.974205 21.085852
0.979704 0.010493 -0.200174 -20.623826 0.003363 0.997628 0.068755 0.144099 0.200421 -0.068033 0.977345 21.466778
0.982339 0.010003 -0.186844 -20.655637 0.002984 0.997606 0.069094 0.156824 0.187087 -0.068431 0.979957 21.947759
0.984768 0.009594 -0.173608 -20.711803 0.002095 0.997749 0.067019 0.175386 0.173861 -0.066362 0.982532 22.866963
0.986564 0.008934 -0.163131 -20.747502 0.001240 0.998066 0.062158 0.188867 0.163371 -0.061525 0.984644 23.636093
0.988121 0.008239 -0.153459 -20.785043 0.000322 0.998449 0.055677 0.202074 0.153680 -0.055065 0.986585 24.396833
0.989531 0.012145 -0.143808 -20.835711 -0.004005 0.998380 0.056756 0.214338 0.144264 -0.055586 0.987977 25.386315
0.990315 0.012491 -0.138274 -20.865352 -0.003893 0.998051 0.062282 0.231198 0.138783 -0.061141 0.988434 26.329870
0.990775 0.017472 -0.134385 -20.900241 -0.008217 0.997575 0.069119 0.247347 0.135267 -0.067377 0.988516 27.255519
0.991445 0.020809 -0.128856 -20.948663 -0.011401 0.997243 0.073325 0.261049 0.130026 -0.071229 0.988949 28.242463
0.991872 0.019333 -0.125759 -20.981581 -0.010268 0.997328 0.072335 0.277702 0.126822 -0.070456 0.989420 29.188463
0.992243 0.023531 -0.122063 -21.017097 -0.014922 0.997367 0.070969 0.294631 0.123412 -0.068597 0.989982 30.070500
0.992636 0.022164 -0.119087 -21.036245 -0.013543 0.997260 0.072720 0.308429 0.120373 -0.070572 0.990217 30.493741
0.993031 0.024247 -0.115330 -21.078938 -0.015470 0.996957 0.076402 0.317882 0.116832 -0.074085 0.990385 31.503796
0.993406 0.022308 -0.112455 -21.093151 -0.013600 0.996890 0.077620 0.326168 0.113837 -0.075579 0.990621 31.754074
0.993742 0.021348 -0.109639 -21.126998 -0.013234 0.997155 0.074202 0.344364 0.110911 -0.072287 0.991198 32.714241
0.993912 0.025161 -0.107261 -21.143074 -0.018059 0.997611 0.066676 0.354345 0.108682 -0.064333 0.991993 33.004556
0.994029 0.023600 -0.106532 -21.159770 -0.017334 0.998086 0.059362 0.362216 0.107729 -0.057161 0.992536 33.481870
0.994231 0.025671 -0.104140 -21.197101 -0.019983 0.998270 0.055302 0.377348 0.105380 -0.052902 0.993024 34.459981
0.994618 0.021247 -0.101413 -21.221725 -0.015439 0.998214 0.057714 0.377433 0.102458 -0.055838 0.993169 34.625833
0.994796 0.018493 -0.100198 -21.261274 -0.012311 0.998003 0.061964 0.390169 0.101144 -0.060408 0.993036 35.804815
0.994820 0.018851 -0.099886 -21.292951 -0.012359 0.997795 0.065212 0.404948 0.100895 -0.063639 0.992860 36.703056
0.995179 0.016211 -0.096727 -21.321517 -0.009618 0.997623 0.068236 0.416442 0.097604 -0.066977 0.992969 37.736019
0.995284 0.013471 -0.096066 -21.347069 -0.006959 0.997674 0.067806 0.431205 0.096756 -0.066818 0.993063 38.629074
0.995465 0.012291 -0.094331 -21.376969 -0.005890 0.997679 0.067838 0.445183 0.094946 -0.066975 0.993227 39.666278
0.995509 0.010985 -0.094032 -21.401712 -0.004813 0.997834 0.065609 0.460230 0.094549 -0.064862 0.993405 40.535352
0.995649 0.008887 -0.092759 -21.432524 -0.002865 0.997891 0.064850 0.475524 0.093140 -0.064302 0.993575 41.551426
0.995714 0.018083 -0.090702 -21.464401 -0.012490 0.998007 0.061855 0.494629 0.091640 -0.060457 0.993955 42.198796
0.995769 0.014970 -0.090664 -21.483830 -0.009270 0.997973 0.062968 0.507325 0.091423 -0.061861 0.993889 42.863611
0.995845 0.014108 -0.089963 -21.517337 -0.008537 0.998039 0.062011 0.520007 0.090662 -0.060985 0.994013 43.797630
0.995814 0.011348 -0.090699 -21.546324 -0.005673 0.998024 0.062578 0.542024 0.091230 -0.061801 0.993910 44.743796
0.995742 0.008389 -0.091803 -21.575414 -0.002604 0.998013 0.062947 0.556096 0.092148 -0.062440 0.993786 45.670611
0.995533 0.014896 -0.093228 -21.588471 -0.009031 0.997972 0.063011 0.559802 0.093978 -0.061888 0.993649 45.780981
0.995370 0.018814 -0.094261 -21.601323 -0.012827 0.997885 0.063726 0.556682 0.095260 -0.062222 0.993506 45.933796
0.995098 0.017845 -0.097266 -21.618954 -0.012244 0.998249 0.057875 0.573546 0.098129 -0.056400 0.993574 46.470815
0.994819 0.016783 -0.100266 -21.639085 -0.011349 0.998448 0.054523 0.588847 0.101026 -0.053102 0.993466 47.416111
0.994442 0.018977 -0.103564 -21.663148 -0.013844 0.998650 0.050057 0.608396 0.104374 -0.048345 0.993362 48.293815
0.994205 0.019192 -0.105771 -21.700813 -0.013697 0.998530 0.052436 0.621005 0.106621 -0.050683 0.993007 49.479500
0.993973 0.019188 -0.107935 -21.735513 -0.013601 0.998541 0.052263 0.634521 0.108780 -0.050480 0.992783 50.376741
0.993811 0.016382 -0.109870 -21.770170 -0.010578 0.998528 0.053201 0.656096 0.110580 -0.051709 0.992521 51.429926
0.993595 0.019168 -0.111359 -21.796970 -0.013012 0.998360 0.055742 0.663775 0.112245 -0.053936 0.992216 52.131630
0.993512 0.017510 -0.112371 -21.830747 -0.010720 0.998095 0.060751 0.679183 0.113221 -0.059152 0.991807 53.126426
0.993662 0.016857 -0.111137 -21.855949 -0.010072 0.998067 0.061330 0.701080 0.111956 -0.059821 0.991911 53.908019
0.993845 0.018102 -0.109288 -21.894030 -0.011439 0.998054 0.061290 0.714196 0.110185 -0.059662 0.992119 54.893352
0.994241 0.018919 -0.105486 -21.903480 -0.012683 0.998150 0.059468 0.728213 0.106416 -0.057788 0.992641 55.047278
0.994588 0.019682 -0.102012 -21.905230 -0.013939 0.998293 0.056716 0.736988 0.102954 -0.054987 0.993165 55.174204
0.995213 0.018742 -0.095915 -21.926689 -0.013562 0.998429 0.054375 0.762275 0.096784 -0.052814 0.993903 55.539130
0.995409 0.018660 -0.093877 -21.952166 -0.013652 0.998463 0.053714 0.778434 0.094735 -0.052186 0.994134 56.567019
0.995484 0.013339 -0.093986 -21.977525 -0.008149 0.998432 0.055386 0.788175 0.094578 -0.054370 0.994032 57.509463
0.995641 0.011549 -0.092554 -22.012333 -0.006094 0.998239 0.058997 0.801046 0.093073 -0.058176 0.993958 58.719778
0.995641 0.010163 -0.092708 -22.039965 -0.004901 0.998373 0.056811 0.818899 0.093134 -0.056109 0.994071 59.681963
0.995870 0.013066 -0.089842 -22.082571 -0.008283 0.998538 0.053410 0.843013 0.090409 -0.052446 0.994523 60.884889
0.995977 0.013782 -0.088545 -22.124291 -0.009568 0.998809 0.047843 0.850838 0.089099 -0.046804 0.994923 62.064630
0.996050 0.015047 -0.087509 -22.155331 -0.011323 0.999016 0.042888 0.859605 0.088068 -0.041728 0.995240 63.215056
0.996049 0.020072 -0.086513 -22.192898 -0.016938 0.999178 0.036815 0.869946 0.087181 -0.035204 0.995570 64.339222
0.996177 0.021542 -0.084664 -22.227685 -0.018547 0.999179 0.036010 0.879061 0.085371 -0.034302 0.995759 65.526389
0.996096 0.018370 -0.086339 -22.236903 -0.014817 0.999024 0.041614 0.884406 0.087020 -0.040172 0.995396 66.463722
0.996025 0.015806 -0.087661 -22.253945 -0.011498 0.998711 0.049437 0.895689 0.088329 -0.048233 0.994923 67.419815
0.996029 0.014352 -0.087860 -22.227048 -0.009353 0.998328 0.057050 0.897637 0.088532 -0.056001 0.994498 67.470204
0.995955 0.010049 -0.089290 -22.212608 -0.005059 0.998421 0.055945 0.896227 0.089711 -0.055267 0.994433 67.605056
0.996067 0.003667 -0.088522 -22.180835 0.001074 0.998570 0.053446 0.907421 0.088591 -0.053331 0.994639 67.892074
0.995889 0.008104 -0.090223 -22.155709 -0.003340 0.998598 0.052833 0.900320 0.090524 -0.052314 0.994519 68.108815
0.995796 0.015111 -0.090343 -22.153462 -0.010672 0.998721 0.049419 0.909384 0.090974 -0.048247 0.994684 68.204259
0.995598 0.016515 -0.092261 -22.148494 -0.012292 0.998859 0.046152 0.910510 0.092918 -0.044814 0.994665 68.458981
0.995032 0.016516 -0.098177 -22.147997 -0.012418 0.999032 0.042202 0.918675 0.098779 -0.040774 0.994274 69.250278
0.994583 0.017451 -0.102475 -22.170591 -0.013518 0.999150 0.038951 0.915743 0.103068 -0.037354 0.993973 70.201407
0.994210 0.025936 -0.104279 -22.169749 -0.022189 0.999071 0.036936 0.939119 0.105140 -0.034409 0.993862 70.566074
0.993646 0.033715 -0.107381 -22.204163 -0.029867 0.998860 0.037246 0.965136 0.108514 -0.033802 0.993520 71.600426
0.993102 0.037655 -0.111040 -22.244425 -0.033011 0.998514 0.043366 0.969453 0.112508 -0.039401 0.992869 72.671926
0.992642 0.037274 -0.115203 -22.281971 -0.031825 0.998302 0.048787 0.976224 0.116826 -0.044762 0.992143 73.659185
0.992088 0.037343 -0.119866 -22.322482 -0.031190 0.998118 0.052804 0.986385 0.121612 -0.048648 0.991385 74.715537
0.991347 0.034352 -0.126696 -22.358149 -0.027728 0.998173 0.053676 1.004983 0.128308 -0.049698 0.990488 75.752741
0.990571 0.030150 -0.133645 -22.388632 -0.022670 0.998109 0.057137 1.020043 0.135115 -0.053569 0.989381 76.749037
0.989871 0.028653 -0.139050 -22.369678 -0.020909 0.998165 0.056833 1.028167 0.140424 -0.053350 0.988653 76.976685
0.988988 0.034228 -0.143982 -22.368274 -0.026348 0.998067 0.056280 1.028366 0.145630 -0.051867 0.987979 77.216519
0.988042 0.035043 -0.150147 -22.383400 -0.027818 0.998364 0.049951 1.042324 0.151652 -0.045177 0.987401 77.703611
0.987184 0.039342 -0.154659 -22.380278 -0.032548 0.998401 0.046217 1.052896 0.156230 -0.040590 0.986886 78.014648
0.986367 0.040537 -0.159487 -22.362167 -0.033641 0.998388 0.045705 1.055163 0.161082 -0.039716 0.986142 78.249981
0.985045 0.045439 -0.166195 -22.330620 -0.037692 0.998064 0.049478 1.072790 0.168121 -0.042474 0.984851 78.632407
0.983843 0.047714 -0.172555 -22.308831 -0.038977 0.997797 0.053678 1.072233 0.174736 -0.046085 0.983536 78.791037
0.982744 0.047151 -0.178859 -22.281264 -0.037582 0.997694 0.056521 1.069823 0.181111 -0.048824 0.982250 78.977741
0.980985 0.043578 -0.189130 -22.250878 -0.034130 0.998015 0.052928 1.074158 0.191061 -0.045466 0.980525 79.397852
0.978916 0.041128 -0.200080 -22.238210 -0.032487 0.998400 0.046284 1.076800 0.201663 -0.038808 0.978686 79.828148
0.976350 0.041244 -0.212226 -22.215951 -0.032667 0.998508 0.043764 1.085040 0.213714 -0.035796 0.976240 80.253019
0.973531 0.045781 -0.223924 -22.218084 -0.037022 0.998382 0.043163 1.101653 0.225537 -0.033730 0.973650 80.588926
0.970520 0.045886 -0.236612 -22.265501 -0.034613 0.998069 0.051582 1.108593 0.238522 -0.041872 0.970234 81.628296
0.967017 0.048874 -0.249977 -22.289677 -0.035748 0.997746 0.056786 1.119125 0.252189 -0.045977 0.966585 82.085944
0.963259 0.050760 -0.263736 -22.279941 -0.036326 0.997578 0.059323 1.130105 0.266108 -0.047563 0.962769 82.425148
0.959297 0.055276 -0.276935 -22.280870 -0.041664 0.997628 0.054802 1.134566 0.279307 -0.041033 0.959325 82.807204
0.955323 0.054479 -0.290498 -22.286524 -0.042403 0.997961 0.047707 1.133427 0.292505 -0.033258 0.955686 83.253500
0.951098 0.052376 -0.304415 -22.300018 -0.041038 0.998209 0.043530 1.138108 0.306150 -0.028909 0.951544 83.753741
0.946799 0.053183 -0.317402 -22.309279 -0.040102 0.998061 0.047609 1.150329 0.319318 -0.032348 0.947095 84.134074
0.942174 0.056860 -0.330265 -22.315700 -0.040525 0.997600 0.056142 1.149901 0.332665 -0.039512 0.942217 84.548556
0.937853 0.056680 -0.342373 -22.330291 -0.037385 0.997332 0.062700 1.144927 0.345013 -0.046004 0.937470 84.841833
0.933298 0.053196 -0.355140 -22.348138 -0.033598 0.997564 0.061129 1.144887 0.357527 -0.045120 0.932812 85.141296
0.929045 0.048566 -0.366766 -22.461597 -0.028748 0.997826 0.059307 1.155166 0.368848 -0.044555 0.928421 86.112370
0.925446 0.049621 -0.375617 -22.485789 -0.033171 0.998191 0.050139 1.163997 0.377426 -0.033941 0.925418 86.384963
0.922512 0.047017 -0.383094 -22.506773 -0.032366 0.998480 0.044602 1.163963 0.384609 -0.028747 0.922632 86.622296
0.918427 0.045780 -0.392933 -22.617851 -0.030391 0.998511 0.045299 1.168817 0.394422 -0.029662 0.918450 87.637537
0.914249 0.050505 -0.401993 -22.632923 -0.035115 0.998344 0.045567 1.169217 0.403628 -0.027544 0.914508 87.857944
0.909661 0.048413 -0.412521 -22.634964 -0.032141 0.998410 0.046298 1.187140 0.414107 -0.028857 0.909771 88.117778
0.905220 0.049882 -0.422005 -22.610308 -0.030601 0.998160 0.052344 1.191626 0.423840 -0.034469 0.905081 88.221537
0.900617 0.050997 -0.431611 -22.590247 -0.026889 0.997727 0.061780 1.192077 0.433781 -0.044034 0.899942 88.303481
0.895792 0.061290 -0.440227 -22.593940 -0.034475 0.997044 0.068661 1.196426 0.443134 -0.046329 0.895258 88.455667
0.892169 0.070576 -0.446153 -22.757792 -0.045632 0.996748 0.066422 1.208505 0.449390 -0.038901 0.892488 89.480222
0.888636 0.070076 -0.453228 -22.765914 -0.048904 0.997102 0.058281 1.214860 0.455998 -0.029626 0.889487 89.608630
0.885983 0.066552 -0.458917 -22.907831 -0.049101 0.997548 0.049868 1.238661 0.461110 -0.021649 0.887079 90.566463
0.881865 0.062858 -0.467292 -22.910656 -0.043096 0.997671 0.052873 1.230060 0.469527 -0.026489 0.882520 90.728148
0.878741 0.065617 -0.472767 -22.902982 -0.043595 0.997399 0.057402 1.230074 0.475304 -0.029831 0.879316 90.795037
0.874372 0.067628 -0.480521 -22.911498 -0.042899 0.997137 0.062275 1.234606 0.483357 -0.033837 0.874769 91.011630
0.870822 0.066163 -0.487126 -22.975720 -0.041441 0.997255 0.061367 1.239486 0.489849 -0.033252 0.871173 91.489426
0.868280 0.056959 -0.492794 -22.993281 -0.033646 0.997861 0.056053 1.238379 0.494932 -0.032089 0.868339 91.673370
0.865012 0.050414 -0.499211 -23.152673 -0.028847 0.998291 0.050830 1.252347 0.500921 -0.029568 0.864988 92.662037
0.862867 0.053623 -0.502578 -23.165546 -0.032469 0.998183 0.050757 1.248469 0.504387 -0.027479 0.863040 92.727056
0.860236 0.054712 -0.506953 -23.149795 -0.030029 0.997937 0.056745 1.241546 0.509011 -0.033590 0.860104 92.802593
0.856461 0.057946 -0.512949 -23.141349 -0.031412 0.997688 0.060258 1.238516 0.515254 -0.035496 0.856302 93.031630
0.852645 0.059307 -0.519114 -23.137796 -0.031326 0.997552 0.062514 1.234506 0.521551 -0.037040 0.852416 93.252741
0.848953 0.056931 -0.525393 -23.134901 -0.027728 0.997610 0.063295 1.228756 0.527741 -0.039167 0.848502 93.505222
0.845862 0.054768 -0.530582 -23.273622 -0.024726 0.997672 0.063563 1.241364 0.532828 -0.040646 0.845247 94.290352
0.842862 0.054284 -0.535384 -23.416393 -0.023530 0.997665 0.064112 1.253353 0.537614 -0.041440 0.842172 95.077407
0.839473 0.052209 -0.540888 -23.428532 -0.019848 0.997656 0.065493 1.251109 0.543039 -0.044244 0.838541 95.249296
0.836349 0.054868 -0.545444 -23.592049 -0.023068 0.997620 0.064982 1.264280 0.547711 -0.041766 0.835624 96.081907
0.833218 0.051285 -0.550562 -23.747666 -0.020628 0.997879 0.061734 1.277565 0.552560 -0.040081 0.832509 96.907259
0.829631 0.044916 -0.556503 -23.758812 -0.015365 0.998218 0.057661 1.277868 0.558101 -0.039287 0.828843 97.074204
0.826830 0.044860 -0.560660 -23.936094 -0.016502 0.998320 0.055542 1.293574 0.562210 -0.036672 0.826181 97.963389
0.824399 0.047697 -0.563995 -24.108462 -0.016726 0.998061 0.059957 1.303544 0.565761 -0.039995 0.823599 98.804519
0.820719 0.052492 -0.568916 -24.105335 -0.015461 0.997446 0.069726 1.298001 0.571123 -0.048430 0.819434 98.963519
0.818733 0.054498 -0.571582 -24.266396 -0.011657 0.996858 0.078347 1.313149 0.574056 -0.057482 0.816796 99.785648
0.818857 0.054473 -0.571407 -24.470656 -0.008153 0.996490 0.083314 1.328299 0.573940 -0.063564 0.816427 100.568667
0.816766 0.050915 -0.574718 -24.604398 -0.004373 0.996616 0.082077 1.344216 0.576952 -0.064524 0.814225 101.189778
0.813981 0.049119 -0.578811 -24.769984 -0.004276 0.996898 0.078586 1.362709 0.580876 -0.061492 0.811666 102.020685
0.811491 0.046826 -0.582486 -24.914315 -0.002956 0.997100 0.076039 1.377534 0.584357 -0.059983 0.809276 102.771722
0.810234 0.045010 -0.584375 -25.075948 -0.001949 0.997248 0.074109 1.393563 0.586103 -0.058907 0.808092 103.442278
0.808706 0.043107 -0.586631 -25.235404 -0.000014 0.997313 0.073265 1.412252 0.588213 -0.059242 0.806533 104.195852
0.807250 0.044145 -0.588556 -25.372964 -0.000215 0.997221 0.074503 1.419728 0.590209 -0.060016 0.805016 104.789907
0.805711 0.043596 -0.590703 -25.518224 0.001310 0.997154 0.075380 1.435304 0.592308 -0.061508 0.803361 105.443426
0.804126 0.043203 -0.592888 -25.647991 0.001896 0.997164 0.075234 1.449294 0.594457 -0.061622 0.801763 106.019778
0.802212 0.041669 -0.595583 -25.779584 0.004056 0.997158 0.075228 1.461380 0.597025 -0.062764 0.799764 106.623537
0.800149 0.040283 -0.598448 -25.912159 0.005304 0.997228 0.074217 1.472840 0.599779 -0.062559 0.797717 107.237204
0.797196 0.039490 -0.602428 -26.022443 0.003676 0.997522 0.070254 1.483644 0.603710 -0.058220 0.795076 107.791537
0.794314 0.036853 -0.606389 -26.132695 0.004364 0.997786 0.066357 1.492454 0.607492 -0.055354 0.792395 108.338407
0.790228 0.033295 -0.611908 -26.242823 0.007512 0.997922 0.064000 1.504437 0.612767 -0.055171 0.788336 108.923796
0.787993 0.029615 -0.614971 -26.367498 0.012628 0.997855 0.064235 1.515440 0.615554 -0.058383 0.785929 109.405630
0.783137 0.030480 -0.621101 -26.449529 0.012997 0.997778 0.065352 1.520996 0.621713 -0.059252 0.781001 109.800463
0.780152 0.034459 -0.624640 -26.570948 0.009500 0.997714 0.066904 1.529637 0.625518 -0.058130 0.778041 110.205741
0.776873 0.038987 -0.628449 -26.691385 0.006570 0.997525 0.070005 1.541254 0.629622 -0.058513 0.774695 110.615296
0.769680 0.046278 -0.636750 -26.757929 0.004051 0.996995 0.077357 1.544397 0.638417 -0.062120 0.767180 111.042519
0.764345 0.049012 -0.642942 -26.842898 0.004501 0.996677 0.081328 1.550420 0.644792 -0.065057 0.761584 111.369352
0.759542 0.047152 -0.648747 -26.947399 0.008397 0.996575 0.082264 1.560214 0.650404 -0.067930 0.756545 111.714278
0.754181 0.046236 -0.655037 -27.043659 0.011018 0.996487 0.083024 1.567040 0.656574 -0.069832 0.751022 111.983389
0.743590 0.044046 -0.667184 -27.111402 0.015754 0.996397 0.083338 1.574178 0.668450 -0.072481 0.740217 112.259222
0.729611 0.045488 -0.682348 -27.149996 0.016851 0.996287 0.084434 1.576147 0.683655 -0.073102 0.726135 112.508037
0.717766 0.043988 -0.694894 -27.246283 0.018229 0.996473 0.081907 1.587777 0.696046 -0.071457 0.714433 112.764241
0.700148 0.043595 -0.712666 -27.284186 0.018944 0.996649 0.079579 1.586750 0.713746 -0.069217 0.696975 112.963037
0.684047 0.040653 -0.728305 -27.361649 0.019210 0.997096 0.073699 1.593318 0.729185 -0.064404 0.681279 113.176352
0.669381 0.037363 -0.741979 -27.439814 0.019971 0.997469 0.068245 1.597868 0.742651 -0.060500 0.666941 113.326444
0.653290 0.034952 -0.756301 -27.511018 0.018320 0.997912 0.061943 1.609479 0.756887 -0.054321 0.651285 113.483333
0.635257 0.037724 -0.771379 -27.577913 0.012187 0.998192 0.058852 1.615731 0.772205 -0.046787 0.633649 113.655241
0.619090 0.036232 -0.784484 -27.672959 0.012926 0.998330 0.056309 1.627765 0.785214 -0.045000 0.617588 113.820278
0.600409 0.035094 -0.798923 -27.742716 0.017143 0.998242 0.056733 1.631457 0.799509 -0.047759 0.598752 113.943444
0.578820 0.034758 -0.814714 -27.815951 0.021484 0.998094 0.057845 1.634805 0.815172 -0.050985 0.576971 114.111037
0.557524 0.036163 -0.829372 -27.903204 0.023223 0.997980 0.059126 1.639153 0.829836 -0.052225 0.555559 114.238519
0.535763 0.037955 -0.843515 -27.996905 0.021798 0.998035 0.058753 1.651090 0.844087 -0.049865 0.533883 114.321685
0.510213 0.041652 -0.859039 -28.065312 0.020996 0.997926 0.060857 1.654884 0.859792 -0.049087 0.508280 114.422704
0.486399 0.043502 -0.872653 -28.155919 0.020760 0.997903 0.061316 1.662796 0.873490 -0.047940 0.484475 114.502519
0.458779 0.049041 -0.887196 -28.226653 0.016421 0.997837 0.063648 1.661258 0.888398 -0.043769 0.456982 114.606926
0.432332 0.052633 -0.900177 -28.296988 0.013622 0.997800 0.064884 1.664515 0.901612 -0.040314 0.430664 114.657667
0.406621 0.056001 -0.911879 -28.391407 0.012247 0.997696 0.066732 1.666238 0.913515 -0.038302 0.404998 114.694278
0.376901 0.053381 -0.924714 -28.475393 0.017765 0.997738 0.064838 1.671741 0.926083 -0.040865 0.375100 114.748981
0.330377 0.051703 -0.942432 -28.536230 0.017170 0.998004 0.060771 1.674835 0.943693 -0.036259 0.328830 115.079259
0.298154 0.046557 -0.953381 -28.649300 0.023547 0.998147 0.056107 1.676994 0.954227 -0.039178 0.296506 115.097648
0.263889 0.044074 -0.963545 -28.727411 0.023153 0.998378 0.052009 1.683816 0.964275 -0.036033 0.262441 115.079333
0.241441 0.039513 -0.969611 -28.851601 0.021823 0.998697 0.046132 1.703830 0.970170 -0.032298 0.240264 114.806259
0.191465 0.036553 -0.980819 -28.971718 0.022162 0.998891 0.041553 1.715901 0.981249 -0.029693 0.190442 114.956352
0.155159 0.032145 -0.987366 -29.092198 0.027552 0.998941 0.036852 1.722692 0.987505 -0.032922 0.154109 114.791963
0.117848 0.030145 -0.992574 -29.211613 0.022670 0.999197 0.033038 1.729993 0.992773 -0.026395 0.117070 114.576500
0.076253 0.029628 -0.996648 -29.349324 0.026624 0.999142 0.031739 1.731767 0.996733 -0.028955 0.075399 114.401926
0.037379 0.026187 -0.998958 -29.492154 0.023145 0.999366 0.027063 1.757247 0.999033 -0.024133 0.036749 114.116852
-0.003867 0.029463 -0.999559 -29.643354 0.026980 0.999205 0.029349 1.756856 0.999629 -0.026854 -0.004659 113.814352
-0.053103 0.030710 -0.998117 -29.780741 0.028463 0.999167 0.029228 1.763833 0.998183 -0.026858 -0.053933 113.654519
-0.100896 0.030243 -0.994437 -29.944517 0.028872 0.999206 0.027458 1.776542 0.994478 -0.025941 -0.101690 113.406593
-0.153364 0.033816 -0.987591 -30.129138 0.033292 0.999024 0.029037 1.768621 0.987609 -0.028426 -0.154340 113.261222
-0.204187 0.033627 -0.978354 -30.345700 0.033001 0.999078 0.027452 1.777329 0.978376 -0.026681 -0.205109 112.992648
-0.253081 0.033345 -0.966870 -30.538469 0.032995 0.999122 0.025821 1.781235 0.966882 -0.025367 -0.253959 112.763037
-0.301305 0.035443 -0.952869 -30.718559 0.038183 0.998956 0.025083 1.784832 0.952763 -0.028826 -0.302344 112.491000
-0.347871 0.036328 -0.936838 -30.896953 0.042210 0.998843 0.023059 1.787562 0.936592 -0.031523 -0.349002 112.219037
-0.391953 0.036007 -0.919280 -31.080251 0.043207 0.998852 0.020702 1.793172 0.918970 -0.031606 -0.393059 111.925741
-0.433547 0.036907 -0.900375 -31.256453 0.045700 0.998776 0.018935 1.794742 0.899972 -0.032938 -0.434703 111.599426
-0.470920 0.038496 -0.881336 -31.392333 0.048843 0.998653 0.017522 1.794917 0.880823 -0.034796 -0.472166 111.280556
-0.504580 0.035471 -0.862636 -31.546886 0.043770 0.998922 0.015473 1.794271 0.862255 -0.029951 -0.505589 111.054315
-0.531790 0.035549 -0.846130 -31.730956 0.043358 0.998951 0.014720 1.791719 0.845766 -0.028858 -0.532773 110.580556
-0.553304 0.034377 -0.832270 -31.929487 0.041519 0.999044 0.013663 1.790717 0.831944 -0.026995 -0.554202 110.027519
-0.570866 0.031813 -0.820426 -32.123650 0.038395 0.999190 0.012029 1.791435 0.820145 -0.024634 -0.571626 109.552685
-0.584384 0.031158 -0.810879 -32.294155 0.036935 0.999248 0.011778 1.791793 0.810636 -0.023067 -0.585095 109.084611
-0.595449 0.031020 -0.802794 -32.437757 0.036221 0.999275 0.011746 1.790464 0.802576 -0.022084 -0.596141 108.743870
-0.605478 0.031185 -0.795251 -32.614623 0.036315 0.999274 0.011537 1.792993 0.795033 -0.021894 -0.606171 108.245463
