1.000000 0.000000 0.000000 0.000000 0.000000 1.000000 0.000000 0.000000 0.000000 0.000000 1.000000 0.000000
0.999996 0.002142 0.001545 -0.056037 -0.002143 0.999997 0.000993 0.001526 -0.001542 -0.000996 0.999998 -0.088153
1.000000 -0.000413 0.000026 -0.019014 0.000413 1.000000 0.000069 -0.002445 -0.000026 -0.000069 1.000000 0.030288
0.999993 0.003156 -0.001861 0.073499 -0.003159 0.999994 -0.001586 -0.004393 0.001856 0.001592 0.999997 0.156862
0.999991 0.001007 -0.004116 0.115606 -0.001017 0.999996 -0.002483 -0.033727 0.004113 0.002488 0.999988 0.241379
0.999968 0.004148 -0.006892 0.214354 -0.004183 0.999978 -0.005122 -0.022111 0.006870 0.005151 0.999963 0.344730
0.999958 0.003732 -0.008433 0.293888 -0.003787 0.999972 -0.006431 -0.038393 0.008409 0.006462 0.999944 0.408860
0.999942 0.000862 -0.010769 0.387426 -0.000924 0.999983 -0.005781 -0.074117 0.010764 0.005791 0.999925 0.446041
0.999921 0.000337 -0.012554 0.475284 -0.000390 0.999991 -0.004184 -0.095667 0.012553 0.004189 0.999912 0.485899
0.999899 0.000377 -0.014193 0.560204 -0.000436 0.999991 -0.004155 -0.112027 0.014192 0.004161 0.999891 0.525034
0.999871 -0.002004 -0.015925 0.617399 0.001892 0.999973 -0.007061 -0.125568 0.015938 0.007030 0.999848 0.574015
0.999839 0.000800 -0.017896 0.710475 -0.000950 0.999964 -0.008388 -0.180693 0.017888 0.008404 0.999805 0.640034
0.999794 0.004914 -0.019715 0.782123 -0.005142 0.999920 -0.011527 -0.190661 0.019656 0.011626 0.999739 0.738246
0.999758 0.007685 -0.020632 0.762854 -0.007917 0.999906 -0.011195 -0.203283 0.020544 0.011356 0.999724 0.960987
0.999684 0.011830 -0.022182 0.756925 -0.011950 0.999915 -0.005281 -0.207132 0.022117 0.005544 0.999740 1.137273
0.999633 0.014555 -0.022870 0.747326 -0.014460 0.999886 0.004319 -0.212280 0.022930 -0.003987 0.999729 1.371954
0.999609 0.014619 -0.023858 0.795016 -0.014296 0.999804 0.013673 -0.269862 0.024053 -0.013327 0.999622 1.459792
0.999536 0.016710 -0.025486 0.824953 -0.016422 0.999799 0.011474 -0.243400 0.025673 -0.011050 0.999609 1.533443
0.999455 0.019309 -0.026786 0.882597 -0.019225 0.999809 0.003386 -0.214940 0.026846 -0.002869 0.999636 1.606109
0.999412 0.018830 -0.028652 0.937796 -0.018894 0.999820 -0.001949 -0.194577 0.028610 0.002490 0.999587 1.706184
0.999363 0.019357 -0.029985 0.987347 -0.019390 0.999812 -0.000801 -0.181313 0.029964 0.001382 0.999550 1.785192
0.999347 0.019514 -0.030415 1.033805 -0.019233 0.999770 0.009498 -0.206032 0.030593 -0.008907 0.999492 1.822962
0.999373 0.018432 -0.030218 1.030570 -0.017939 0.999703 0.016486 -0.188031 0.030513 -0.015933 0.999407 1.871178
0.999373 0.015858 -0.031643 1.038759 -0.015277 0.999712 0.018502 -0.166556 0.031928 -0.018007 0.999328 1.893666
0.999372 0.016135 -0.031546 1.042118 -0.015574 0.999717 0.017959 -0.147764 0.031827 -0.017456 0.999341 1.918627
0.999360 0.018863 -0.030398 1.042221 -0.018273 0.999642 0.019560 -0.189033 0.030756 -0.018992 0.999347 1.984368
0.999346 0.019732 -0.030299 1.053732 -0.019296 0.999707 0.014617 -0.154120 0.030578 -0.014023 0.999434 2.058559
0.999412 0.016534 -0.030051 1.059069 -0.016233 0.999816 0.010230 -0.147002 0.030215 -0.009736 0.999496 2.138907
0.999444 0.016247 -0.029120 1.080835 -0.016149 0.999863 0.003593 -0.121966 0.029175 -0.003121 0.999569 2.178740
0.999430 0.018266 -0.028379 1.124838 -0.018300 0.999832 -0.000920 -0.108657 0.028358 0.001439 0.999597 2.217860
0.999392 0.020825 -0.027970 1.124424 -0.020883 0.999780 -0.001785 -0.110802 0.027927 0.002368 0.999607 2.257230
0.999374 0.021094 -0.028409 1.143526 -0.021131 0.999776 -0.001007 -0.117730 0.028382 0.001606 0.999596 2.331350
0.999265 0.025582 -0.028544 1.162598 -0.025676 0.999666 -0.002959 -0.113978 0.028458 0.003690 0.999588 2.376037
0.999291 0.024861 -0.028274 1.148709 -0.024972 0.999682 -0.003604 -0.129693 0.028175 0.004308 0.999594 2.411293
0.999272 0.024688 -0.029089 1.148306 -0.024787 0.999688 -0.003041 -0.152795 0.029005 0.003760 0.999572 2.454731
0.999338 0.021829 -0.029111 1.129862 -0.021915 0.999756 -0.002641 -0.166132 0.029046 0.003277 0.999573 2.486666
0.999251 0.025719 -0.028906 1.116811 -0.025810 0.999663 -0.002764 -0.171416 0.028825 0.003508 0.999578 2.518226
0.999238 0.026748 -0.028440 1.072181 -0.026821 0.999638 -0.002172 -0.182570 0.028371 0.002933 0.999593 2.582083
0.999175 0.029524 -0.027900 0.993588 -0.029578 0.999561 -0.001519 -0.189903 0.027843 0.002343 0.999610 2.609055
0.999007 0.034527 -0.028170 0.969818 -0.034546 0.999403 -0.000184 -0.184136 0.028147 0.001157 0.999603 2.650641
0.998759 0.040912 -0.028408 0.969158 -0.040838 0.999161 0.003167 -0.215140 0.028513 -0.002003 0.999591 2.689945
0.998794 0.040042 -0.028398 0.999594 -0.040023 0.999198 0.001233 -0.218494 0.028424 -0.000094 0.999596 2.730887
0.998549 0.045626 -0.028594 1.045602 -0.045582 0.998958 0.002203 -0.253085 0.028665 -0.000896 0.999589 2.780468
0.998674 0.042261 -0.029412 1.063772 -0.042230 0.999107 0.001657 -0.249159 0.029456 -0.000413 0.999566 2.817812
0.998712 0.041020 -0.029863 1.078586 -0.040858 0.999147 0.006020 -0.277784 0.030085 -0.004792 0.999536 2.871442
0.998802 0.037773 -0.031100 1.036157 -0.037498 0.999253 0.009373 -0.288406 0.031431 -0.008195 0.999472 3.322026
0.998650 0.041642 -0.031038 0.967012 -0.041326 0.999088 0.010763 -0.291834 0.031458 -0.009466 0.999460 3.735585
0.998786 0.037223 -0.032273 0.909029 -0.036889 0.999260 0.010890 -0.294081 0.032655 -0.009686 0.999420 4.128070
0.998800 0.036134 -0.033063 0.847189 -0.035838 0.999313 0.009500 -0.297738 0.033383 -0.008304 0.999408 4.503272
0.998824 0.035291 -0.033235 0.771196 -0.035043 0.999354 0.008022 -0.300863 0.033496 -0.006848 0.999415 4.908768
0.998727 0.037427 -0.033813 0.695016 -0.037139 0.999269 0.009103 -0.303375 0.034129 -0.007835 0.999387 5.382125
0.998697 0.037718 -0.034365 0.627850 -0.037318 0.999229 0.012209 -0.331862 0.034799 -0.010911 0.999335 5.836217
0.998706 0.036691 -0.035216 0.580659 -0.036178 0.999231 0.015098 -0.344600 0.035743 -0.013805 0.999266 6.263006
0.998697 0.036108 -0.036072 0.536915 -0.035597 0.999258 0.014710 -0.359424 0.036576 -0.013407 0.999241 6.689585
0.998680 0.036097 -0.036551 0.455522 -0.035747 0.999309 0.010176 -0.360268 0.036893 -0.008856 0.999280 7.109305
0.998817 0.030883 -0.037570 0.381159 -0.030642 0.999506 0.006977 -0.379808 0.037767 -0.005818 0.999270 7.540965
0.998748 0.032470 -0.038046 0.454348 -0.032221 0.999455 0.007141 -0.387359 0.038257 -0.005906 0.999251 7.586449
0.998749 0.032075 -0.038359 0.488879 -0.031675 0.999438 0.010999 -0.407413 0.038690 -0.009770 0.999204 7.614972
0.998754 0.031593 -0.038630 0.487677 -0.031068 0.999418 0.014095 -0.413805 0.039053 -0.012877 0.999154 7.648846
0.998820 0.029676 -0.038444 0.447693 -0.029099 0.999457 0.015485 -0.399498 0.038882 -0.014348 0.999141 7.676543
0.998834 0.028767 -0.038772 0.433045 -0.028183 0.999482 0.015525 -0.410831 0.039199 -0.014414 0.999127 7.706486
0.998984 0.023190 -0.038633 0.330351 -0.022708 0.999659 0.012870 -0.399582 0.038919 -0.011980 0.999170 7.726363
0.999015 0.022601 -0.038199 0.239974 -0.022168 0.999686 0.011730 -0.404150 0.038452 -0.010872 0.999201 7.786292
0.998991 0.022719 -0.038745 0.159176 -0.022412 0.999714 0.008345 -0.402223 0.038923 -0.007468 0.999214 8.207222
0.999045 0.019105 -0.039289 0.133296 -0.018928 0.999809 0.004882 -0.411611 0.039375 -0.004133 0.999216 8.537751
0.999154 0.013250 -0.038932 0.095246 -0.013081 0.999904 0.004572 -0.424683 0.038989 -0.004059 0.999231 8.562046
0.999214 0.008967 -0.038617 0.078498 -0.008667 0.999931 0.007939 -0.443823 0.038686 -0.007598 0.999223 8.568650
0.999227 0.008406 -0.038412 0.049874 -0.007912 0.999884 0.012994 -0.455127 0.038517 -0.012680 0.999178 8.573650
0.999242 0.000684 -0.038918 0.017081 0.000036 0.999829 0.018518 -0.456757 0.038924 -0.018505 0.999071 8.572014
0.999253 0.003451 -0.038481 0.018058 -0.002627 0.999767 0.021438 -0.473897 0.038546 -0.021321 0.999029 8.602529
0.999266 0.001261 -0.038284 -0.007517 -0.000603 0.999852 0.017213 -0.456105 0.038300 -0.017177 0.999119 8.634832
0.999231 0.000806 -0.039211 -0.035750 -0.000230 0.999892 0.014689 -0.455188 0.039219 -0.014669 0.999123 8.732885
0.999184 -0.004889 -0.040105 -0.057204 0.005363 0.999917 0.011721 -0.464563 0.040044 -0.011926 0.999127 8.800888
0.999161 -0.007454 -0.040283 -0.116491 0.007782 0.999938 0.007990 -0.470034 0.040221 -0.008297 0.999156 8.833822
0.999194 0.002540 -0.040061 -0.157231 -0.002261 0.999973 0.007005 -0.474629 0.040077 -0.006909 0.999173 8.855309
0.999167 0.011601 -0.039128 -0.175380 -0.011108 0.999857 0.012788 -0.499902 0.039271 -0.012343 0.999152 8.884739
0.999130 0.012125 -0.039907 -0.185381 -0.011549 0.999826 0.014650 -0.505479 0.040077 -0.014176 0.999096 8.911366
0.999110 0.015622 -0.039180 -0.232044 -0.015057 0.999779 0.014678 -0.492983 0.039400 -0.014075 0.999124 8.981858
0.999108 0.015146 -0.039417 -0.264462 -0.014508 0.999760 0.016414 -0.506649 0.039656 -0.015827 0.999088 9.043947
0.999024 0.020779 -0.038977 -0.304358 -0.020114 0.999647 0.017358 -0.494110 0.039324 -0.016557 0.999089 9.081952
0.998932 0.024458 -0.039207 -0.323202 -0.023706 0.999528 0.019534 -0.499165 0.039666 -0.018583 0.999040 9.105334
0.998954 0.021800 -0.040191 -0.370249 -0.020916 0.999533 0.022303 -0.509841 0.040659 -0.021439 0.998943 9.184666
0.998891 0.024398 -0.040261 -0.434832 -0.023556 0.999497 0.021251 -0.523427 0.040759 -0.020279 0.998963 9.520157
0.998831 0.025547 -0.041029 -0.501815 -0.024911 0.999563 0.015916 -0.506809 0.041417 -0.014875 0.999031 9.941962
0.998762 0.026629 -0.042007 -0.564010 -0.026041 0.999556 0.014471 -0.513019 0.042373 -0.013360 0.999012 10.353658
0.998663 0.028539 -0.043091 -0.637894 -0.027874 0.999484 0.015940 -0.517607 0.043524 -0.014718 0.998944 10.778227
0.998470 0.035185 -0.042658 -0.736133 -0.034408 0.999231 0.018827 -0.504835 0.043288 -0.017330 0.998912 11.228080
0.998413 0.036506 -0.042886 -0.835994 -0.035573 0.999118 0.022318 -0.499383 0.043663 -0.020757 0.998831 11.677867
0.998466 0.034658 -0.043171 -0.916003 -0.033669 0.999158 0.023436 -0.505823 0.043947 -0.021946 0.998793 12.105407
0.998466 0.034679 -0.043153 -1.012984 -0.033793 0.999206 0.021109 -0.494955 0.043851 -0.019619 0.998846 12.525197
0.998403 0.034823 -0.044473 -1.078794 -0.033963 0.999224 0.019956 -0.488441 0.045133 -0.018414 0.998811 12.908927
0.998399 0.034408 -0.044903 -1.145310 -0.033550 0.999243 0.019721 -0.481490 0.045547 -0.018183 0.998797 13.257545
0.998437 0.032416 -0.045531 -1.142996 -0.031505 0.999291 0.020587 -0.483377 0.046166 -0.019120 0.998751 13.299217
0.998374 0.033620 -0.046039 -1.136322 -0.032617 0.999218 0.022358 -0.475263 0.046754 -0.020820 0.998689 13.349135
0.998450 0.030331 -0.046657 -1.178655 -0.029209 0.999272 0.024556 -0.463727 0.047368 -0.023155 0.998609 13.373300
0.998394 0.030452 -0.047770 -1.177235 -0.029234 0.999235 0.025992 -0.470576 0.048525 -0.024554 0.998520 13.396061
0.998327 0.028431 -0.050345 -1.182839 -0.027085 0.999263 0.027214 -0.478449 0.051081 -0.025804 0.998361 13.425577
0.998158 0.029122 -0.053214 -1.186721 -0.027761 0.999273 0.026126 -0.464314 0.053936 -0.024601 0.998241 13.462535
0.997920 0.031419 -0.056286 -1.200016 -0.030105 0.999258 0.024039 -0.438583 0.056999 -0.022294 0.998125 13.498099
0.997770 0.031149 -0.059030 -1.228759 -0.029706 0.999242 0.025165 -0.435281 0.059769 -0.023356 0.997939 13.538178
0.997535 0.032863 -0.061997 -1.235353 -0.031312 0.999176 0.025827 -0.424457 0.062795 -0.023822 0.997742 13.577555
0.997268 0.034282 -0.065433 -1.210974 -0.032581 0.999108 0.026880 -0.423153 0.066296 -0.024675 0.997495 13.611526
0.996985 0.037186 -0.068099 -1.212481 -0.035380 0.998994 0.027547 -0.406506 0.069055 -0.025054 0.997298 13.643726
0.996736 0.038838 -0.070771 -1.215345 -0.036844 0.998892 0.029267 -0.401304 0.071829 -0.026564 0.997063 13.675608
0.996426 0.042261 -0.073134 -1.224543 -0.040174 0.998749 0.029774 -0.393359 0.074301 -0.026729 0.996878 13.728442
0.996206 0.042881 -0.075723 -1.258767 -0.040797 0.998751 0.028848 -0.399178 0.076865 -0.025649 0.996711 13.767824
0.995920 0.043266 -0.079194 -1.274487 -0.041274 0.998793 0.026626 -0.418887 0.080250 -0.023249 0.996504 13.806715
0.995610 0.045737 -0.081658 -1.356517 -0.043986 0.998765 0.023113 -0.412897 0.082615 -0.019420 0.996392 13.857718
0.995369 0.048110 -0.083224 -1.477781 -0.046621 0.998717 0.019747 -0.395085 0.084068 -0.015775 0.996335 13.933561
0.995184 0.051484 -0.083414 -1.675551 -0.050099 0.998571 0.018616 -0.385269 0.084253 -0.014348 0.996341 13.992977
0.995204 0.052955 -0.082244 -1.820395 -0.051507 0.998480 0.019633 -0.383970 0.083158 -0.015303 0.996419 14.092655
0.995290 0.055446 -0.079522 -1.914987 -0.053882 0.998312 0.021690 -0.395456 0.080590 -0.017303 0.996597 14.279927
0.995553 0.057880 -0.074319 -1.958572 -0.056314 0.998148 0.022989 -0.397888 0.075512 -0.018701 0.996969 14.452517
0.996039 0.058446 -0.067016 -1.988433 -0.056927 0.998081 0.024348 -0.389567 0.068310 -0.020436 0.997455 14.597366
0.996620 0.059196 -0.056956 -2.050972 -0.057852 0.998013 0.024966 -0.371790 0.058320 -0.021587 0.998065 14.659088
0.997306 0.057833 -0.045126 -2.126778 -0.056667 0.998036 0.026701 -0.371793 0.046581 -0.024072 0.998624 14.722058
0.997853 0.056784 -0.032640 -2.097113 -0.055916 0.998073 0.026913 -0.376090 0.034106 -0.025030 0.999105 14.754463
0.998213 0.056917 -0.018177 -2.061830 -0.056442 0.998076 0.025668 -0.378555 0.019603 -0.024596 0.999505 14.780799
0.998383 0.056839 -0.001053 -2.044685 -0.056804 0.998160 0.021207 -0.371851 0.002257 -0.021113 0.999775 14.787079
0.998226 0.056352 0.019229 -1.999589 -0.056659 0.998268 0.015821 -0.365587 -0.018304 -0.016883 0.999690 14.779903
0.997787 0.051944 0.041515 -1.842251 -0.052468 0.998555 0.011626 -0.377643 -0.040851 -0.013779 0.999070 14.724391
0.996547 0.049503 0.066655 -1.718554 -0.050139 0.998711 0.007893 -0.371369 -0.066178 -0.011207 0.997745 14.652214
0.994420 0.046958 0.094470 -1.437456 -0.047725 0.998843 0.005873 -0.377478 -0.094085 -0.010349 0.995510 14.496241
0.991164 0.044508 0.124953 -1.240047 -0.045538 0.998948 0.005393 -0.419639 -0.124582 -0.011036 0.992148 14.358881
0.986330 0.043162 0.159026 -1.037543 -0.043947 0.999033 0.001422 -0.429472 -0.158810 -0.008392 0.987274 14.364778
0.979671 0.037276 0.197115 -0.911347 -0.038308 0.999265 0.001428 -0.460428 -0.196917 -0.008950 0.980379 14.466352
0.971035 0.036549 0.236127 -0.725430 -0.036849 0.999316 -0.003142 -0.448601 -0.236080 -0.005650 0.971717 14.607734
0.960171 0.037311 0.276910 -0.530496 -0.037492 0.999286 -0.004640 -0.477485 -0.276886 -0.005927 0.960885 14.771576
0.945840 0.043151 0.321753 -0.352003 -0.042036 0.999062 -0.010414 -0.456493 -0.321901 -0.003675 0.946766 14.909179
0.929330 0.043064 0.366730 -0.139665 -0.041410 0.999066 -0.012381 -0.462773 -0.366920 -0.003680 0.930245 15.041565
0.910378 0.037589 0.412067 0.068326 -0.036085 0.999283 -0.011434 -0.493677 -0.412202 -0.004461 0.911082 15.177807
0.888712 0.034490 0.457166 0.317978 -0.032317 0.999398 -0.012574 -0.516956 -0.457325 -0.003599 0.889292 15.315874
0.865212 0.026420 0.500709 0.589429 -0.023928 0.999649 -0.011399 -0.588031 -0.500834 -0.002118 0.865541 15.447461
0.839419 0.026368 0.542845 0.885835 -0.021301 0.999651 -0.015618 -0.601386 -0.543068 0.001546 0.839687 15.569696
0.811421 0.028682 0.583758 1.224187 -0.021397 0.999583 -0.019371 -0.647622 -0.584070 0.003227 0.811697 15.684100
0.786140 0.032537 0.617192 1.739306 -0.026131 0.999470 -0.019405 -0.731741 -0.617496 -0.000873 0.786574 15.747901
0.758131 0.035359 0.651143 2.219772 -0.022325 0.999351 -0.028275 -0.687638 -0.651720 0.006900 0.758428 15.813592
0.726538 0.033520 0.686308 2.699448 -0.020826 0.999425 -0.026766 -0.750025 -0.686810 0.005153 0.726819 15.877712
0.694580 0.028815 0.718838 3.228250 -0.012890 0.999536 -0.027613 -0.749073 -0.719300 0.009914 0.694629 15.929357
0.658061 0.024271 0.752574 3.705215 -0.010971 0.999683 -0.022647 -0.811199 -0.752885 0.006647 0.658119 15.983854
0.618832 0.020273 0.785262 4.292843 -0.004779 0.999746 -0.022044 -0.833112 -0.785509 0.009889 0.618771 16.056279
0.579698 0.015409 0.814685 4.922969 0.007816 0.999670 -0.024469 -0.772419 -0.814794 0.020552 0.579387 16.107044
0.533412 0.009617 0.845801 5.405250 0.015752 0.999649 -0.021300 -0.804627 -0.845709 0.024685 0.533073 16.185085
0.485428 0.009885 0.874221 5.851594 0.016644 0.999650 -0.020545 -0.807663 -0.874118 0.024524 0.485093 16.252175
0.436013 0.014589 0.899822 6.315789 0.011224 0.999703 -0.021647 -0.840933 -0.899870 0.019538 0.435719 16.318973
0.387479 0.019059 0.921682 6.831483 0.008833 0.999664 -0.024385 -0.828227 -0.921836 0.017590 0.387180 16.379329
0.342731 0.020984 0.939199 7.396261 0.012975 0.999549 -0.027068 -0.837143 -0.939344 0.021463 0.342304 16.446893
0.303494 0.019033 0.952643 8.033117 0.016743 0.999540 -0.025304 -0.918892 -0.952686 0.023630 0.303036 16.484866
0.269372 0.018085 0.962866 8.545931 0.019970 0.999504 -0.024360 -0.967245 -0.962829 0.025790 0.268878 16.521008
0.240870 0.018901 0.970373 9.017637 0.031957 0.999114 -0.027394 -0.944381 -0.970031 0.037609 0.240052 16.549358
0.214693 0.017354 0.976527 9.646044 0.036957 0.998982 -0.025878 -0.981238 -0.975982 0.041645 0.213833 16.583092
0.191274 0.015080 0.981421 10.329554 0.037006 0.999060 -0.022564 -0.982514 -0.980839 0.040634 0.190536 16.616308
0.168407 0.012724 0.985635 11.013698 0.033522 0.999264 -0.018628 -0.970526 -0.985147 0.036177 0.167857 16.641769
0.146702 0.009392 0.989136 11.730411 0.039497 0.999102 -0.015344 -0.975553 -0.988392 0.041319 0.146200 16.673364
0.127081 0.008255 0.991858 12.373013 0.051342 0.998570 -0.014889 -0.987194 -0.990563 0.052816 0.126475 16.694073
0.110162 0.010137 0.993862 12.900967 0.052359 0.998500 -0.015988 -1.025796 -0.992534 0.053799 0.109466 16.701741
0.096127 0.015197 0.995253 13.227104 0.052833 0.998396 -0.020348 -1.004826 -0.993966 0.054539 0.095170 16.716067
0.085688 0.020207 0.996117 13.351815 0.046701 0.998614 -0.024275 -1.018481 -0.995227 0.048600 0.084625 16.722607
0.079214 0.019472 0.996668 13.600133 0.047042 0.998622 -0.023249 -1.013367 -0.995747 0.048727 0.078189 16.730086
0.076604 0.015243 0.996945 14.361815 0.053156 0.998399 -0.019349 -1.036919 -0.995644 0.054476 0.075671 16.746642
0.076868 0.013309 0.996952 15.094781 0.054682 0.998350 -0.017544 -1.063513 -0.995541 0.055864 0.076014 16.765812
0.078390 0.012892 0.996839 15.203361 0.050614 0.998575 -0.016895 -1.084199 -0.995637 0.051778 0.077626 16.773934
0.080241 0.012954 0.996691 15.309376 0.045434 0.998829 -0.016640 -1.103652 -0.995740 0.046618 0.079559 16.780651
0.080599 0.013938 0.996649 15.518633 0.042269 0.998955 -0.017389 -1.134786 -0.995850 0.043529 0.079926 16.803893
0.081511 0.014423 0.996568 16.000872 0.042456 0.998937 -0.017930 -1.124023 -0.995768 0.043772 0.080812 16.822512
0.082420 0.013933 0.996500 16.821428 0.043360 0.998905 -0.017553 -1.144649 -0.995654 0.044655 0.081726 16.845694
0.082985 0.012899 0.996467 17.647367 0.042338 0.998968 -0.016457 -1.169699 -0.995651 0.043554 0.082353 16.872673
0.083749 0.012278 0.996411 18.473715 0.043737 0.998915 -0.015985 -1.188982 -0.995527 0.044919 0.083121 16.894877
0.082749 0.010240 0.996518 19.453907 0.042602 0.998997 -0.013803 -1.220591 -0.995660 0.043596 0.082230 16.925301
0.081696 0.008955 0.996617 20.415444 0.040908 0.999087 -0.012330 -1.238752 -0.995817 0.041777 0.081255 16.950875
0.081005 0.007606 0.996685 21.603667 0.040705 0.999111 -0.010932 -1.267968 -0.995882 0.041455 0.080624 16.982714
0.080269 0.005263 0.996759 22.365370 0.044051 0.998990 -0.008822 -1.277502 -0.995799 0.044617 0.079956 17.005637
0.078633 0.004208 0.996895 23.004833 0.041907 0.999093 -0.007523 -1.287365 -0.996023 0.042368 0.078385 17.026178
0.077440 0.002698 0.996993 24.161556 0.038488 0.999243 -0.005694 -1.325144 -0.996254 0.038813 0.077278 17.050462
0.076327 0.007564 0.997054 24.899796 0.034340 0.999358 -0.010210 -1.328666 -0.996491 0.035018 0.076018 17.074741
0.075603 0.012242 0.997063 25.712444 0.035068 0.999273 -0.014928 -1.338620 -0.996521 0.036093 0.075119 17.097253
0.074516 0.014928 0.997108 26.522463 0.035103 0.999229 -0.017583 -1.340430 -0.996602 0.036311 0.073934 17.118610
0.072736 0.012701 0.997270 27.446444 0.030163 0.999433 -0.014928 -1.369934 -0.996895 0.031166 0.072311 17.145902
0.071491 0.009469 0.997396 28.361130 0.025890 0.999600 -0.011346 -1.389045 -0.997105 0.026634 0.071217 17.169980
0.071091 0.004428 0.997460 29.328463 0.024069 0.999691 -0.006153 -1.415148 -0.997179 0.024445 0.070962 17.196295
0.070643 0.000039 0.997502 29.615537 0.019709 0.999805 -0.001435 -1.409073 -0.997307 0.019761 0.070628 17.213661
0.071110 -0.000940 0.997468 30.101685 0.016535 0.999863 -0.000237 -1.417268 -0.997331 0.016510 0.071115 17.231962
0.071593 0.005433 0.997419 31.035556 0.017244 0.999829 -0.006684 -1.445213 -0.997285 0.017678 0.071487 17.253940
0.072650 0.014975 0.997245 31.967815 0.017048 0.999722 -0.016254 -1.475211 -0.997212 0.018182 0.072375 17.273790
0.072792 0.020046 0.997146 33.046000 0.018015 0.999609 -0.021411 -1.494237 -0.997185 0.019522 0.072402 17.300326
0.074343 0.014889 0.997122 33.710593 0.019578 0.999674 -0.016387 -1.514162 -0.997041 0.020740 0.074027 17.320306
0.075636 0.005953 0.997118 34.930130 0.026513 0.999617 -0.007979 -1.560354 -0.996783 0.027040 0.075449 17.348575
0.076112 0.003663 0.997093 36.008667 0.024193 0.999692 -0.005519 -1.596160 -0.996806 0.024543 0.076000 17.375693
0.076541 0.003125 0.997062 37.077556 0.025209 0.999669 -0.005068 -1.636007 -0.996748 0.025523 0.076437 17.405312
0.075684 0.004926 0.997120 37.980648 0.020994 0.999758 -0.006533 -1.656209 -0.996911 0.021428 0.075562 17.432275
0.074269 0.005469 0.997223 38.887444 0.019377 0.999788 -0.006927 -1.675716 -0.997050 0.019838 0.074147 17.458745
0.072472 0.004962 0.997358 39.801852 0.018582 0.999807 -0.006324 -1.700321 -0.997197 0.018991 0.072366 17.484196
0.071039 0.005756 0.997457 40.081111 0.018536 0.999803 -0.007089 -1.711328 -0.997301 0.018993 0.070919 17.502820
0.069464 0.005719 0.997568 40.463944 0.017771 0.999818 -0.006970 -1.724343 -0.997426 0.018212 0.069349 17.533211
0.067447 0.004795 0.997711 41.498444 0.015133 0.999869 -0.005829 -1.751290 -0.997608 0.015492 0.067365 17.562847
0.065251 0.003808 0.997862 42.483278 0.013477 0.999898 -0.004697 -1.775496 -0.997778 0.013755 0.065193 17.583890
0.063960 0.003491 0.997946 43.387148 0.015759 0.999866 -0.004508 -1.803411 -0.997828 0.016015 0.063896 17.600301
0.062504 0.004252 0.998036 44.336778 0.017594 0.999831 -0.005362 -1.829376 -0.997890 0.017894 0.062419 17.621987
0.061423 0.004418 0.998102 44.678093 0.017042 0.999840 -0.005474 -1.836128 -0.997966 0.017346 0.061338 17.653248
0.060031 0.003740 0.998189 45.052426 0.018773 0.999812 -0.004875 -1.829135 -0.998020 0.019032 0.059949 17.676500
0.058133 0.002709 0.998305 45.809407 0.017692 0.999837 -0.003744 -1.853500 -0.998152 0.017880 0.058075 17.705639
0.057142 0.002637 0.998363 46.743407 0.016024 0.999865 -0.003558 -1.861880 -0.998238 0.016201 0.057092 17.724641
0.056374 0.002463 0.998407 47.670278 0.012598 0.999916 -0.003178 -1.884393 -0.998330 0.012757 0.056339 17.743693
0.056555 0.001513 0.998398 48.563944 0.013204 0.999910 -0.002263 -1.901202 -0.998312 0.013311 0.056530 17.762209
0.056024 0.000422 0.998429 49.467315 0.012686 0.999919 -0.001134 -1.930570 -0.998349 0.012730 0.056015 17.779970
0.054895 0.003101 0.998487 49.897981 0.010460 0.999938 -0.003680 -1.940663 -0.998437 0.010646 0.054859 17.809859
0.054364 0.006355 0.998501 50.200481 0.007733 0.999947 -0.006786 -1.944948 -0.998491 0.008090 0.054312 17.837145
0.054267 0.007848 0.998496 50.350333 0.000793 0.999969 -0.007902 -1.949361 -0.998526 0.001220 0.054259 17.855991
0.053991 0.008707 0.998503 50.607130 0.000621 0.999961 -0.008753 -1.956169 -0.998541 0.001093 0.053983 17.878498
0.053619 0.008183 0.998528 50.775741 -0.001901 0.999965 -0.008093 -1.955233 -0.998560 -0.001464 0.053633 17.894731
0.053125 0.006904 0.998564 50.913130 -0.005389 0.999964 -0.006627 -1.967809 -0.998573 -0.005029 0.053161 17.918393
0.053114 0.007466 0.998561 50.972296 -0.012693 0.999896 -0.006801 -1.977091 -0.998508 -0.012313 0.053203 17.938579
0.053111 0.007949 0.998557 51.036574 -0.019489 0.999786 -0.006922 -1.990765 -0.998398 -0.019094 0.053255 17.956814
0.052678 0.006090 0.998593 51.114333 -0.022466 0.999735 -0.004912 -2.001020 -0.998359 -0.022175 0.052801 17.989322
0.051875 0.004909 0.998642 51.219037 -0.023110 0.999726 -0.003714 -2.008998 -0.998386 -0.022886 0.051975 18.011387
0.048940 0.004007 0.998794 51.368093 -0.028456 0.999592 -0.002615 -2.027787 -0.998396 -0.028294 0.049035 18.033899
0.044186 0.004877 0.999012 51.582907 -0.029445 0.999560 -0.003577 -2.030635 -0.998589 -0.029258 0.044310 18.060694
0.038590 0.008075 0.999223 51.818463 -0.027778 0.999590 -0.007005 -2.034770 -0.998869 -0.027486 0.038798 18.082370
0.032186 0.010059 0.999431 52.147278 -0.026606 0.999604 -0.009204 -2.038628 -0.999128 -0.026294 0.032440 18.096804
0.025668 0.010370 0.999617 52.984259 -0.028330 0.999552 -0.009641 -2.071202 -0.999269 -0.028071 0.025951 18.102760
0.017629 0.010517 0.999789 53.605833 -0.042618 0.999044 -0.009758 -2.072728 -0.998936 -0.042437 0.018060 18.126682
0.013344 0.010437 0.999857 54.215426 -0.032845 0.999410 -0.009994 -2.086411 -0.999371 -0.032707 0.013678 18.138130
0.009444 0.011134 0.999893 55.126204 -0.034314 0.999353 -0.010804 -2.101089 -0.999367 -0.034209 0.009820 18.145274
0.005059 0.011352 0.999923 55.919241 -0.035346 0.999313 -0.011166 -2.111267 -0.999362 -0.035286 0.005456 18.152678
0.003314 0.007405 0.999967 56.901000 -0.035507 0.999343 -0.007282 -2.129924 -0.999364 -0.035482 0.003574 18.152608
0.002321 0.003887 0.999990 57.718611 -0.031012 0.999512 -0.003813 -2.148594 -0.999516 -0.031003 0.002441 18.155934
-0.001241 0.002030 0.999997 58.499778 -0.042318 0.999102 -0.002081 -2.159256 -0.999103 -0.042320 -0.001154 18.173187
-0.002250 0.000807 0.999997 59.512593 -0.045619 0.998958 -0.000909 -2.180296 -0.998956 -0.045620 -0.002211 18.174272
-0.002951 0.005464 0.999981 60.259389 -0.039145 0.999218 -0.005576 -2.186389 -0.999229 -0.039161 -0.002735 18.185618
-0.002800 0.009162 0.999954 61.243741 -0.029130 0.999533 -0.009240 -2.203339 -0.999572 -0.029154 -0.002532 18.184986
-0.003093 0.012655 0.999915 62.227315 -0.020920 0.999700 -0.012717 -2.230426 -0.999776 -0.020958 -0.002827 18.182691
-0.003046 0.014413 0.999892 63.232963 -0.018659 0.999721 -0.014468 -2.248057 -0.999821 -0.018701 -0.002777 18.184343
-0.003233 0.013662 0.999901 64.050370 -0.017704 0.999749 -0.013718 -2.257474 -0.999838 -0.017746 -0.002990 18.195332
-0.002851 0.007820 0.999965 64.979519 -0.016942 0.999826 -0.007868 -2.283896 -0.999852 -0.016964 -0.002718 18.196682
-0.002805 0.006864 0.999973 65.031741 -0.010996 0.999916 -0.006895 -2.280022 -0.999936 -0.011015 -0.002729 18.210550
-0.002699 0.006331 0.999977 65.151926 -0.006467 0.999959 -0.006348 -2.269750 -0.999976 -0.006484 -0.002658 18.210701
-0.003134 0.007370 0.999968 65.281815 -0.003785 0.999966 -0.007382 -2.256380 -0.999988 -0.003808 -0.003106 18.212629
-0.004227 0.008663 0.999954 65.562130 0.001018 0.999962 -0.008658 -2.250098 -0.999991 0.000981 -0.004236 18.211327
-0.006147 0.008798 0.999942 66.193889 0.000191 0.999961 -0.008797 -2.264456 -0.999981 0.000137 -0.006148 18.213741
-0.007631 0.009429 0.999926 67.035167 0.001952 0.999954 -0.009414 -2.280281 -0.999969 0.001880 -0.007649 18.213611
-0.009957 0.009574 0.999905 67.522815 0.001720 0.999953 -0.009558 -2.282881 -0.999949 0.001624 -0.009973 18.223191
-0.011220 0.009706 0.999890 68.696667 -0.001892 0.999951 -0.009728 -2.320741 -0.999935 -0.002001 -0.011202 18.219654
-0.012820 0.011422 0.999853 69.829074 -0.006093 0.999915 -0.011500 -2.354972 -0.999899 -0.006240 -0.012750 18.227635
-0.013327 0.012065 0.999838 71.368241 -0.006922 0.999902 -0.012158 -2.371233 -0.999887 -0.007083 -0.013242 18.224190
-0.014762 0.012981 0.999807 72.327204 -0.007864 0.999883 -0.013098 -2.389407 -0.999860 -0.008056 -0.014658 18.225821
-0.015254 0.011019 0.999823 73.450352 -0.007737 0.999908 -0.011137 -2.411893 -0.999854 -0.007905 -0.015167 18.221371
-0.015905 0.009615 0.999827 74.562074 -0.010251 0.999900 -0.009779 -2.441994 -0.999821 -0.010405 -0.015805 18.219449
-0.018055 0.009067 0.999796 75.521333 -0.013573 0.999865 -0.009313 -2.463957 -0.999745 -0.013739 -0.017929 18.223801
-0.019222 0.007629 0.999786 76.543130 -0.010617 0.999913 -0.007834 -2.472617 -0.999759 -0.010765 -0.019140 18.215226
-0.020864 0.009089 0.999741 76.650463 -0.010426 0.999902 -0.009308 -2.461526 -0.999728 -0.010618 -0.020767 18.213082
-0.022523 0.009984 0.999696 76.769648 -0.010874 0.999888 -0.010231 -2.462780 -0.999687 -0.011101 -0.022412 18.207067
-0.023186 0.012973 0.999647 76.907426 -0.012491 0.999834 -0.013265 -2.471704 -0.999653 -0.012794 -0.023020 18.198297
-0.022637 0.016232 0.999612 77.115574 -0.010374 0.999811 -0.016470 -2.470689 -0.999690 -0.010743 -0.022464 18.189452
-0.023411 0.020360 0.999519 77.308796 -0.008760 0.999750 -0.020570 -2.468709 -0.999687 -0.009238 -0.023227 18.188312
-0.022072 0.020770 0.999541 78.379704 -0.006436 0.999761 -0.020917 -2.496600 -0.999736 -0.006894 -0.021933 18.175315
-0.021685 0.021292 0.999538 79.336889 -0.002179 0.999770 -0.021344 -2.510431 -0.999762 -0.002641 -0.021634 18.173430
-0.020536 0.019454 0.999600 79.991130 -0.001588 0.999809 -0.019491 -2.525487 -0.999788 -0.001988 -0.020501 18.162862
-0.019091 0.017185 0.999670 81.191796 -0.002138 0.999849 -0.017229 -2.563328 -0.999816 -0.002466 -0.019051 18.157171
-0.017451 0.015489 0.999728 82.318278 -0.002105 0.999877 -0.015528 -2.591041 -0.999846 -0.002375 -0.017416 18.157381
-0.015461 0.012847 0.999798 83.439611 -0.001082 0.999917 -0.012865 -2.619165 -0.999880 -0.001280 -0.015446 18.156631
-0.012773 0.008862 0.999879 83.518944 -0.002576 0.999957 -0.008895 -2.620198 -0.999915 -0.002689 -0.012750 18.151306
-0.011613 0.009410 0.999888 83.673315 -0.003061 0.999951 -0.009446 -2.606411 -0.999928 -0.003170 -0.011583 18.159768
-0.009841 0.012752 0.999870 84.730074 -0.005920 0.999900 -0.012811 -2.628141 -0.999934 -0.006046 -0.009765 18.154260
-0.007224 0.019141 0.999791 84.909407 -0.001711 0.999815 -0.019154 -2.620328 -0.999973 -0.001849 -0.007190 18.155594
-0.004742 0.022953 0.999725 85.124037 -0.004379 0.999726 -0.022974 -2.604137 -0.999979 -0.004487 -0.004640 18.152834
-0.000793 0.019072 0.999818 86.463074 -0.006488 0.999797 -0.019077 -2.657100 -0.999979 -0.006502 -0.000669 18.145582
-0.000456 0.018043 0.999837 86.506333 -0.005437 0.999822 -0.018045 -2.654674 -0.999985 -0.005444 -0.000358 18.151479
0.000346 0.017138 0.999853 86.638907 -0.003992 0.999845 -0.017137 -2.639313 -0.999992 -0.003986 0.000415 18.157090
0.002288 0.017005 0.999853 86.713833 -0.003272 0.999850 -0.016997 -2.635806 -0.999992 -0.003233 0.002343 18.166999
0.004294 0.015966 0.999863 86.767407 -0.001945 0.999871 -0.015958 -2.644181 -0.999989 -0.001877 0.004324 18.159320
0.006700 0.014800 0.999868 86.878056 -0.003950 0.999883 -0.014774 -2.624161 -0.999970 -0.003850 0.006757 18.151123
0.010496 0.014773 0.999836 87.451389 -0.000864 0.999891 -0.014765 -2.624267 -0.999945 -0.000708 0.010508 18.152122
0.013330 0.015030 0.999798 87.701944 0.003703 0.999879 -0.015081 -2.634752 -0.999904 0.003903 0.013273 18.147677
0.013909 0.017114 0.999757 88.982778 0.004162 0.999844 -0.017173 -2.677022 -0.999895 0.004400 0.013836 18.159946
0.016285 0.018737 0.999692 90.301074 0.003933 0.999815 -0.018803 -2.709259 -0.999860 0.004238 0.016209 18.163618
0.021181 0.015621 0.999654 90.492889 0.005366 0.999862 -0.015738 -2.701865 -0.999761 0.005698 0.021094 18.157435
0.024049 0.014321 0.999608 90.863333 0.002343 0.999894 -0.014382 -2.705806 -0.999708 0.002688 0.024013 18.150253
0.023925 0.015720 0.999590 91.967370 0.001323 0.999875 -0.015756 -2.734744 -0.999713 0.001699 0.023901 18.161793
0.023217 0.021214 0.999505 92.990981 -0.002194 0.999773 -0.021169 -2.764678 -0.999728 -0.001701 0.023258 18.171405
0.023886 0.024711 0.999409 94.004963 -0.001156 0.999695 -0.024690 -2.784015 -0.999714 -0.000566 0.023908 18.170125
0.025804 0.025315 0.999346 95.008389 0.003026 0.999673 -0.025401 -2.805056 -0.999663 0.003680 0.025719 18.169402
0.025470 0.024472 0.999376 95.132722 -0.000495 0.999700 -0.024468 -2.823946 -0.999676 0.000129 0.025474 18.171243
0.027845 0.024657 0.999308 95.292111 0.008305 0.999656 -0.024897 -2.805881 -0.999578 0.008993 0.027631 18.172539
0.029695 0.029343 0.999128 95.664278 0.011409 0.999494 -0.029693 -2.776030 -0.999494 0.012281 0.029345 18.159061
0.030270 0.030785 0.999068 96.709389 0.011344 0.999451 -0.031141 -2.813141 -0.999477 0.012276 0.029904 18.167485
0.029478 0.032428 0.999039 97.720333 0.011556 0.999396 -0.032781 -2.847283 -0.999499 0.012511 0.029086 18.177113
0.028557 0.031923 0.999082 98.767667 0.012401 0.999402 -0.032288 -2.885252 -0.999515 0.013312 0.028144 18.183960
0.026235 0.033354 0.999099 99.721333 0.011359 0.999369 -0.033662 -2.935350 -0.999591 0.012232 0.025839 18.186968
0.023352 0.036541 0.999059 100.767870 0.008894 0.999285 -0.036757 -2.987744 -0.999688 0.009744 0.023011 18.195575
0.020471 0.038357 0.999054 101.052963 0.005989 0.999241 -0.038487 -2.984798 -0.999773 0.006771 0.020226 18.207369
0.015963 0.039132 0.999107 101.247148 0.005192 0.999217 -0.039219 -2.970496 -0.999859 0.005814 0.015748 18.237263
0.015808 0.037716 0.999164 101.355093 0.004800 0.999274 -0.037796 -2.951296 -0.999864 0.005394 0.015615 18.225567
0.013421 0.038856 0.999155 101.452463 0.004875 0.999230 -0.038925 -2.926694 -0.999898 0.005393 0.013221 18.234342
0.011828 0.044616 0.998934 101.602315 0.001816 0.999001 -0.044641 -2.915261 -0.999928 0.002342 0.011735 18.259409
0.009859 0.052074 0.998595 101.775685 -0.002014 0.998642 -0.052057 -2.908446 -0.999950 -0.001498 0.009951 18.274599
0.007904 0.054184 0.998500 102.745148 0.002397 0.998527 -0.054205 -2.962331 -0.999966 0.002822 0.007763 18.278093
0.005033 0.053484 0.998556 103.710741 0.003855 0.998560 -0.053504 -3.009600 -0.999980 0.004119 0.004820 18.280971
0.001429 0.045908 0.998945 104.606741 0.003318 0.998940 -0.045912 -3.089996 -0.999994 0.003380 0.001275 18.285890
0.000150 0.043007 0.999075 105.702167 0.002211 0.999072 -0.043007 -3.167407 -0.999998 0.002216 0.000055 18.287543
-0.002458 0.047547 0.998866 106.490963 -0.002512 0.998865 -0.047553 -3.200298 -0.999994 -0.002626 -0.002335 18.296464
-0.002929 0.053110 0.998584 107.211185 -0.002850 0.998584 -0.053119 -3.192902 -0.999992 -0.003002 -0.002774 18.290983
-0.004390 0.056446 0.998396 108.080037 -0.002853 0.998401 -0.056459 -3.234054 -0.999986 -0.003096 -0.004222 18.289028
-0.006599 0.060265 0.998161 108.965648 -0.001612 0.998180 -0.060277 -3.306693 -0.999977 -0.002007 -0.006490 18.285907
-0.008905 0.065731 0.997798 109.879463 -0.002160 0.997834 -0.065752 -3.370630 -0.999958 -0.002741 -0.008744 18.287311
-0.011221 0.068350 0.997598 110.802481 -0.001532 0.997659 -0.068371 -3.429411 -0.999936 -0.002295 -0.011090 18.285356
-0.011958 0.065121 0.997806 111.879241 -0.001877 0.997874 -0.065148 -3.518474 -0.999927 -0.002652 -0.011811 18.277979
-0.017849 0.062557 0.997882 111.966796 0.003731 0.998038 -0.062500 -3.503615 -0.999834 0.002608 -0.018048 18.289552
-0.021407 0.059802 0.997981 112.800167 0.003909 0.998207 -0.059732 -3.586393 -0.999763 0.002623 -0.021602 18.272072
-0.027862 0.059208 0.997857 113.072352 0.002752 0.998245 -0.059155 -3.590441 -0.999608 0.001098 -0.027976 18.271413
-0.036426 0.060737 0.997489 113.727389 0.001614 0.998154 -0.060718 -3.629420 -0.999335 -0.000602 -0.036457 18.267590
-0.046164 0.060163 0.997120 114.728778 -0.000616 0.998183 -0.060256 -3.729800 -0.998934 -0.003396 -0.046043 18.250353
-0.057411 0.061419 0.996460 115.702315 0.000968 0.998109 -0.061465 -3.791456 -0.998350 -0.002564 -0.057362 18.231750
-0.069835 0.062314 0.995610 116.628370 0.000848 0.998050 -0.062408 -3.868913 -0.997558 -0.003514 -0.069752 18.212337
-0.081181 0.061814 0.994781 117.500000 0.003822 0.998087 -0.061707 -3.929507 -0.996692 -0.001207 -0.081262 18.186871
-0.091788 0.060831 0.993919 118.497167 0.007827 0.998146 -0.060367 -4.017989 -0.995748 0.002238 -0.092093 18.157986
-0.102877 0.060750 0.992837 119.472037 0.011522 0.998139 -0.059881 -4.088185 -0.994627 0.005279 -0.103385 18.132547
-0.110280 0.059230 0.992134 120.473056 0.019184 0.998164 -0.057457 -4.175441 -0.993715 0.012697 -0.111214 18.090232
-0.117627 0.059133 0.991296 121.348926 0.023906 0.998105 -0.056703 -4.229424 -0.992770 0.017029 -0.118818 18.052481
-0.124912 0.059294 0.990394 122.282241 0.024332 0.998096 -0.056687 -4.302641 -0.991869 0.017017 -0.126116 18.021895
-0.129622 0.056996 0.989924 123.249500 0.028920 0.998139 -0.053682 -4.369102 -0.991142 0.021670 -0.131029 17.984959
-0.132158 0.052978 0.989812 124.116574 0.034234 0.998219 -0.048857 -4.434146 -0.990637 0.027429 -0.133737 17.945372
-0.132499 0.049726 0.989935 125.131630 0.043318 0.998077 -0.044337 -4.507611 -0.990236 0.037008 -0.134398 17.901875
-0.133391 0.047837 0.989908 126.109593 0.046621 0.998031 -0.041948 -4.580087 -0.989966 0.040556 -0.135359 17.865792
-0.133682 0.052758 0.989619 127.023019 0.049087 0.997709 -0.046559 -4.634052 -0.989808 0.042353 -0.135966 17.833743
-0.131896 0.055123 0.989730 127.972093 0.051569 0.997482 -0.048682 -4.700665 -0.989921 0.044618 -0.134407 17.797612
-0.131775 0.055271 0.989738 128.845519 0.052981 0.997410 -0.048646 -4.753700 -0.989863 0.046027 -0.134362 17.765552
-0.130263 0.054371 0.989988 129.711074 0.054291 0.997388 -0.047634 -4.801594 -0.989992 0.047542 -0.132875 17.732423
-0.130177 0.051829 0.990135 130.593648 0.055724 0.997437 -0.044885 -4.856013 -0.989924 0.049331 -0.132732 17.705072
-0.128386 0.049820 0.990472 131.474611 0.058731 0.997366 -0.042554 -4.939550 -0.989984 0.052708 -0.130973 17.673530
-0.125481 0.052290 0.990717 132.328648 0.060971 0.997129 -0.044906 -4.992517 -0.990221 0.054770 -0.128309 17.640482
-0.120865 0.054318 0.991182 133.158852 0.062175 0.996955 -0.047053 -5.034820 -0.990720 0.055940 -0.123875 17.608099
-0.115256 0.053386 0.991900 134.006685 0.063867 0.996887 -0.046233 -5.087885 -0.991281 0.058021 -0.118306 17.578787
-0.109630 0.050706 0.992678 134.880815 0.065703 0.996883 -0.043664 -5.146511 -0.991799 0.060436 -0.112620 17.550734
-0.104384 0.048308 0.993363 135.682111 0.066060 0.996951 -0.041540 -5.205907 -0.992341 0.061285 -0.107257 17.523011
-0.100473 0.049232 0.993721 136.001222 0.060928 0.997205 -0.043245 -5.196598 -0.993073 0.056201 -0.103192 17.508722
-0.096472 0.046467 0.994250 136.244315 0.060646 0.997328 -0.040727 -5.219213 -0.993486 0.056369 -0.099033 17.493084
-0.092012 0.044247 0.994775 136.444370 0.061176 0.997376 -0.038704 -5.211461 -0.993877 0.057295 -0.094478 17.473644
-0.087597 0.042375 0.995254 136.772370 0.062638 0.997352 -0.036951 -5.220748 -0.994185 0.059104 -0.090019 17.455608
-0.084267 0.042864 0.995521 137.022556 0.057344 0.997627 -0.038100 -5.211917 -0.994792 0.053876 -0.086525 17.448151
-0.079443 0.042941 0.995914 137.232074 0.054510 0.997764 -0.038673 -5.230939 -0.995348 0.051215 -0.081606 17.436254
-0.074656 0.044758 0.996204 137.519019 0.054153 0.997700 -0.040767 -5.247030 -0.995738 0.050904 -0.076908 17.420632
-0.068967 0.048826 0.996424 137.805241 0.055896 0.997422 -0.045006 -5.246287 -0.996052 0.052593 -0.071518 17.422614
-0.063448 0.051646 0.996648 138.065519 0.053701 0.997390 -0.048266 -5.226922 -0.996539 0.050458 -0.066056 17.431789
-0.054622 0.051013 0.997203 138.752370 0.050460 0.997559 -0.048267 -5.267261 -0.997231 0.047682 -0.057063 17.423186
-0.043346 0.048073 0.997903 139.544093 0.048580 0.997761 -0.045956 -5.332552 -0.997878 0.046486 -0.045584 17.414055
-0.030610 0.046217 0.998462 140.314407 0.050046 0.997748 -0.044650 -5.381559 -0.998278 0.048602 -0.032854 17.408795
-0.017374 0.045969 0.998792 141.065796 0.049564 0.997754 -0.045059 -5.420685 -0.998620 0.048721 -0.019613 17.411387
-0.001218 0.044159 0.999024 141.877685 0.050652 0.997745 -0.044041 -5.479139 -0.998716 0.050549 -0.003452 17.411598
0.017827 0.044168 0.998865 142.625296 0.048913 0.997789 -0.044994 -5.520604 -0.998644 0.049660 0.015627 17.416679
0.039300 0.044170 0.998251 143.364796 0.046981 0.997836 -0.046002 -5.558398 -0.998122 0.048707 0.037140 17.424299
