1.000000 0.000000 0.000000 0.000000 0.000000 1.000000 0.000000 0.000000 0.000000 0.000000 1.000000 0.000000
0.999992 -0.002595 -0.002883 -0.028281 0.002600 0.999995 0.001571 0.017737 0.002879 -0.001579 0.999995 -0.409693
1.000000 -0.001059 0.000049 -0.045571 0.001059 0.999999 -0.000169 0.004789 -0.000049 0.000169 1.000000 0.054322
0.999996 -0.000982 0.002607 -0.084944 0.000981 1.000000 0.000281 -0.028413 -0.002607 -0.000279 0.999996 0.509290
0.999982 -0.003346 0.004980 -0.112463 0.003337 0.999993 0.001794 -0.070594 -0.004986 -0.001777 0.999986 0.976601
0.999978 -0.003035 0.005951 -0.148991 0.003029 0.999995 0.001078 -0.093242 -0.005954 -0.001060 0.999982 1.468157
0.999969 -0.003535 0.006956 -0.164148 0.003529 0.999993 0.000840 -0.120505 -0.006959 -0.000815 0.999975 1.950210
0.999969 -0.002224 0.007594 -0.181040 0.002225 0.999997 -0.000073 -0.153353 -0.007594 0.000090 0.999971 2.417077
0.999961 -0.000775 0.008822 -0.199140 0.000784 0.999999 -0.001012 -0.169219 -0.008821 0.001019 0.999961 2.899251
0.999953 0.002619 0.009363 -0.177023 -0.002620 0.999996 0.000132 -0.190102 -0.009363 -0.000157 0.999956 3.374662
0.999961 0.001905 0.008623 -0.202041 -0.001907 0.999998 0.000184 -0.219786 -0.008623 -0.000200 0.999963 3.915077
0.999968 0.000812 0.007991 -0.304560 -0.000810 1.000000 -0.000239 -0.261020 -0.007991 0.000233 0.999968 4.426461
0.999984 0.000316 0.005603 -0.265267 -0.000311 1.000000 -0.000971 -0.287284 -0.005603 0.000969 0.999984 4.962113
0.999982 0.000022 0.005934 -0.382710 -0.000016 1.000000 -0.000909 -0.324745 -0.005934 0.000909 0.999982 5.398315
0.999987 0.000787 0.004957 -0.424541 -0.000780 0.999999 -0.001501 -0.355824 -0.004958 0.001497 0.999987 5.857542
0.999988 -0.000686 0.004929 -0.450702 0.000698 0.999996 -0.002541 -0.382520 -0.004928 0.002544 0.999985 6.392525
0.999986 -0.002580 0.004534 -0.559414 0.002596 0.999990 -0.003536 -0.406513 -0.004525 0.003548 0.999984 6.830908
0.999979 -0.003092 0.005737 -0.612825 0.003105 0.999993 -0.002245 -0.460571 -0.005730 0.002263 0.999981 7.343336
0.999969 -0.003544 0.007045 -0.703818 0.003563 0.999990 -0.002718 -0.498786 -0.007035 0.002743 0.999972 7.846951
0.999969 -0.002303 0.007513 -0.742088 0.002333 0.999989 -0.003974 -0.523929 -0.007504 0.003992 0.999964 8.327502
0.999977 0.000202 0.006726 -0.765129 -0.000171 0.999990 -0.004553 -0.544709 -0.006727 0.004552 0.999967 8.779244
0.999971 0.005085 0.005673 -0.680525 -0.005052 0.999970 -0.005858 -0.568009 -0.005703 0.005829 0.999967 9.424890
0.999972 0.004170 0.006191 -0.757525 -0.004135 0.999975 -0.005731 -0.622966 -0.006215 0.005705 0.999964 9.921895
0.999975 0.003439 0.006113 -0.777016 -0.003405 0.999978 -0.005615 -0.661193 -0.006132 0.005594 0.999965 10.413263
0.999987 0.001627 0.004887 -0.770866 -0.001609 0.999992 -0.003564 -0.706557 -0.004893 0.003556 0.999982 10.991479
0.999993 -0.000127 0.003738 -0.798957 0.000139 0.999995 -0.003264 -0.749586 -0.003738 0.003264 0.999988 11.429554
0.999991 -0.001243 0.004065 -0.804928 0.001259 0.999992 -0.003854 -0.799948 -0.004061 0.003859 0.999984 12.031394
0.999992 0.001554 0.003804 -0.801520 -0.001530 0.999978 -0.006463 -0.810192 -0.003814 0.006457 0.999972 12.622808
0.999994 0.000162 0.003588 -0.802707 -0.000140 0.999982 -0.006056 -0.867181 -0.003589 0.006056 0.999975 13.171923
0.999995 0.000109 0.003156 -0.851962 -0.000090 0.999982 -0.005953 -0.905823 -0.003157 0.005953 0.999977 13.660450
0.999996 -0.002037 0.002089 -0.824622 0.002049 0.999981 -0.005823 -0.943542 -0.002077 0.005827 0.999981 14.133884
0.999983 -0.005157 0.002563 -0.859394 0.005169 0.999976 -0.004715 -1.015424 -0.002539 0.004728 0.999986 14.767061
0.999966 -0.007058 0.004297 -0.944137 0.007076 0.999966 -0.004132 -1.069263 -0.004268 0.004162 0.999982 15.269839
0.999980 -0.001423 0.006170 -0.983849 0.001441 0.999995 -0.002954 -1.092486 -0.006166 0.002962 0.999977 15.822756
0.999972 -0.004096 0.006249 -0.985996 0.004112 0.999988 -0.002604 -1.137782 -0.006239 0.002629 0.999977 16.334093
0.999961 -0.005481 0.006928 -1.008281 0.005487 0.999985 -0.000895 -1.196512 -0.006923 0.000933 0.999976 16.814617
0.999962 -0.004921 0.007194 -1.025014 0.004944 0.999983 -0.003182 -1.212197 -0.007178 0.003217 0.999969 17.311817
0.999951 -0.005648 0.008119 -1.045435 0.005665 0.999982 -0.002142 -1.267164 -0.008107 0.002188 0.999965 17.811284
0.999951 -0.002334 0.009653 -1.136706 0.002357 0.999995 -0.002299 -1.279084 -0.009647 0.002321 0.999951 18.321174
0.999923 -0.000372 0.012403 -1.113411 0.000367 1.000000 0.000373 -1.299502 -0.012403 -0.000369 0.999923 18.852755
0.999850 -0.005765 0.016332 -1.247667 0.005697 0.999975 0.004195 -1.361296 -0.016356 -0.004101 0.999858 19.314504
0.999805 -0.004392 0.019255 -1.317480 0.004269 0.999970 0.006468 -1.374474 -0.019283 -0.006385 0.999794 19.795568
0.999740 -0.008485 0.021163 -1.321287 0.008301 0.999927 0.008760 -1.420267 -0.021235 -0.008582 0.999738 20.272734
0.999666 -0.010772 0.023484 -1.335596 0.010588 0.999912 0.007940 -1.445421 -0.023568 -0.007689 0.999693 20.736707
0.999683 -0.004352 0.024789 -1.289275 0.004219 0.999976 0.005433 -1.449994 -0.024812 -0.005327 0.999678 21.217729
0.999625 -0.005100 0.026899 -1.299008 0.004946 0.999971 0.005807 -1.482000 -0.026928 -0.005672 0.999621 21.711996
0.999598 -0.005841 0.027752 -1.274862 0.005699 0.999970 0.005180 -1.499510 -0.027781 -0.005020 0.999601 22.225790
0.999641 -0.007518 0.025699 -1.208580 0.007392 0.999960 0.004978 -1.552255 -0.025735 -0.004786 0.999657 22.755497
0.999680 -0.005713 0.024656 -1.152640 0.005638 0.999979 0.003102 -1.533381 -0.024673 -0.002962 0.999691 23.259911
0.999716 -0.004654 0.023361 -1.103629 0.004562 0.999981 0.004027 -1.557195 -0.023379 -0.003919 0.999719 23.775136
0.999711 -0.007874 0.022700 -1.083275 0.007723 0.999947 0.006761 -1.617708 -0.022752 -0.006584 0.999719 24.271175
0.999735 -0.007248 0.021844 -1.097433 0.007151 0.999964 0.004495 -1.622189 -0.021875 -0.004337 0.999751 24.759718
0.999710 -0.010652 0.021600 -1.099221 0.010497 0.999918 0.007304 -1.692165 -0.021676 -0.007076 0.999740 25.264289
0.999695 -0.010222 0.022479 -1.103936 0.010095 0.999933 0.005726 -1.693971 -0.022536 -0.005498 0.999731 25.752292
0.999665 -0.012499 0.022656 -1.102124 0.012390 0.999911 0.004937 -1.717619 -0.022716 -0.004655 0.999731 26.234102
0.999667 -0.012690 0.022464 -1.078953 0.012541 0.999898 0.006776 -1.752085 -0.022548 -0.006492 0.999725 26.703032
0.999666 -0.010465 0.023642 -1.083717 0.010295 0.999921 0.007265 -1.761430 -0.023717 -0.007019 0.999694 27.195912
0.999676 -0.008579 0.023973 -1.072401 0.008461 0.999952 0.005012 -1.779709 -0.024015 -0.004807 0.999700 27.685303
0.999649 -0.007968 0.025274 -1.094430 0.007865 0.999960 0.004178 -1.816777 -0.025306 -0.003978 0.999672 28.166211
0.999619 -0.006612 0.026803 -1.120599 0.006510 0.999971 0.003892 -1.843489 -0.026828 -0.003716 0.999633 28.626977
0.999623 -0.004334 0.027128 -1.114857 0.004230 0.999984 0.003889 -1.879556 -0.027145 -0.003773 0.999624 29.114381
0.999639 -0.005040 0.026381 -1.099814 0.004911 0.999976 0.004952 -1.921261 -0.026406 -0.004820 0.999640 29.578306
0.999563 -0.002566 0.029442 -1.067650 0.002386 0.999978 0.006136 -1.936789 -0.029458 -0.006063 0.999548 30.113062
0.999559 -0.001601 0.029654 -1.051767 0.001415 0.999979 0.006288 -1.972900 -0.029663 -0.006243 0.999540 30.561057
0.999451 -0.006285 0.032542 -1.023904 0.006126 0.999969 0.005004 -2.015978 -0.032573 -0.004802 0.999458 31.035825
0.999318 -0.009641 0.035634 -0.995411 0.009613 0.999953 0.000960 -2.050622 -0.035641 -0.000617 0.999364 31.503244
0.999195 -0.011530 0.038427 -0.971047 0.011452 0.999932 0.002226 -2.119615 -0.038450 -0.001784 0.999259 31.957794
0.999088 -0.010167 0.041468 -0.937478 0.009981 0.999939 0.004668 -2.139244 -0.041513 -0.004250 0.999129 32.412128
0.998946 -0.006910 0.045368 -0.893851 0.006656 0.999961 0.005744 -2.163152 -0.045406 -0.005436 0.998954 32.861376
0.998724 -0.010892 0.049318 -0.817368 0.010697 0.999934 0.004232 -2.187569 -0.049361 -0.003699 0.998774 33.428165
0.998544 -0.009225 0.053143 -0.744349 0.009180 0.999957 0.001101 -2.215941 -0.053151 -0.000612 0.998586 33.967561
0.998336 -0.009280 0.056915 -0.699790 0.009456 0.999951 -0.002814 -2.223493 -0.056886 0.003347 0.998375 34.149206
0.998080 -0.010650 0.061015 -0.722933 0.010873 0.999935 -0.003327 -2.248346 -0.060975 0.003984 0.998131 34.298753
0.997735 -0.014869 0.065601 -0.613906 0.014911 0.999889 -0.000152 -2.302628 -0.065591 0.001130 0.997846 34.754071
0.997394 -0.012482 0.071055 -0.988818 0.012608 0.999920 -0.001329 -2.301391 -0.071032 0.002222 0.997471 34.854602
0.996972 -0.011996 0.076835 -1.196109 0.012276 0.999920 -0.003176 -2.316031 -0.076791 0.004110 0.997039 34.994813
0.996716 -0.009724 0.080391 -1.308096 0.010228 0.999931 -0.005863 -2.329363 -0.080328 0.006666 0.996746 35.125018
0.996367 -0.011380 0.084397 -1.287644 0.011791 0.999921 -0.004370 -2.363470 -0.084340 0.005350 0.996423 35.249434
0.995988 -0.013391 0.088481 -1.289842 0.013666 0.999903 -0.002499 -2.410215 -0.088439 0.003698 0.996075 35.680819
0.995548 -0.013382 0.093300 -1.490633 0.013546 0.999908 -0.001128 -2.447656 -0.093276 0.002387 0.995637 36.079587
0.995123 -0.016049 0.097325 -1.415325 0.016050 0.999871 0.000766 -2.481967 -0.097325 0.000800 0.995252 36.522355
0.994828 -0.020770 0.099423 -1.251517 0.020568 0.999784 0.003057 -2.542941 -0.099465 -0.000996 0.995040 36.967001
0.994394 -0.020595 0.103709 -1.324942 0.020644 0.999787 0.000606 -2.571063 -0.103700 0.001538 0.994607 37.427665
0.993794 -0.022568 0.108923 -1.453960 0.022997 0.999732 -0.002686 -2.609031 -0.108833 0.005174 0.994047 37.877101
0.993202 -0.023959 0.113910 -1.764115 0.024745 0.999679 -0.005485 -2.653344 -0.113742 0.008266 0.993476 38.175289
0.993101 -0.021894 0.115201 -1.546739 0.022668 0.999728 -0.005413 -2.693052 -0.115052 0.007987 0.993327 38.628122
0.993068 -0.023358 0.115200 -1.356294 0.024113 0.999696 -0.005158 -2.734743 -0.115045 0.007900 0.993329 39.118399
0.993049 -0.022972 0.115442 -1.248639 0.023528 0.999717 -0.003453 -2.763341 -0.115330 0.006145 0.993308 39.535776
0.993186 -0.025131 0.113796 -1.134183 0.025582 0.999670 -0.002507 -2.792615 -0.113696 0.005401 0.993501 39.960157
0.993313 -0.024746 0.112772 -0.999929 0.025112 0.999683 -0.001825 -2.816033 -0.112691 0.004645 0.993619 40.393658
0.993561 -0.025309 0.110439 -0.840954 0.025662 0.999669 -0.001778 -2.845924 -0.110357 0.004601 0.993881 40.885614
0.993800 -0.021040 0.109173 -0.657875 0.021344 0.999771 -0.001618 -2.876009 -0.109114 0.003939 0.994021 41.429934
0.994260 -0.018260 0.105421 -0.536455 0.018683 0.999821 -0.003029 -2.895739 -0.105347 0.004981 0.994423 41.930093
0.994634 -0.017901 0.101897 -0.423682 0.018293 0.999828 -0.002915 -2.922202 -0.101827 0.004763 0.994791 42.352643
0.995020 -0.017109 0.098197 -0.276891 0.017415 0.999846 -0.002258 -2.947331 -0.098143 0.003956 0.995165 42.822329
0.995368 -0.017250 0.094574 -0.186205 0.017499 0.999845 -0.001807 -2.972824 -0.094528 0.003453 0.995516 43.259481
0.995801 -0.015315 0.090259 -0.027342 0.015420 0.999881 -0.000465 -3.013485 -0.090241 0.001854 0.995918 43.616167
0.996186 -0.015148 0.085934 0.110880 0.015238 0.999884 -0.000382 -3.048783 -0.085918 0.001690 0.996301 44.111720
0.996587 -0.013895 0.081374 0.208729 0.014042 0.999901 -0.001229 -3.062728 -0.081349 0.002368 0.996683 44.598843
0.996960 -0.012773 0.076861 0.320386 0.012866 0.999917 -0.000719 -3.107556 -0.076845 0.001705 0.997042 45.084406
0.997301 -0.011987 0.072436 0.408017 0.012262 0.999919 -0.003361 -3.119104 -0.072390 0.004240 0.997367 45.593399
0.997551 -0.010376 0.069167 0.511133 0.010640 0.999937 -0.003450 -3.158163 -0.069127 0.004178 0.997599 46.168655
0.997655 -0.007395 0.068041 0.552165 0.007650 0.999965 -0.003484 -3.204952 -0.068013 0.003996 0.997676 46.624718
0.997712 -0.007835 0.067145 0.680501 0.008098 0.999961 -0.003654 -3.241939 -0.067114 0.004189 0.997737 47.071519
0.997673 -0.009283 0.067553 0.681330 0.009386 0.999955 -0.001221 -3.322939 -0.067538 0.001852 0.997715 47.643887
0.997737 -0.007175 0.066861 0.737130 0.007196 0.999974 -0.000072 -3.371865 -0.066859 0.000553 0.997762 48.131485
0.997679 -0.012154 0.067002 0.854681 0.012076 0.999926 0.001572 -3.421654 -0.067016 -0.000760 0.997752 48.642304
0.997700 -0.003801 0.067679 0.834281 0.003631 0.999990 0.002643 -3.442798 -0.067688 -0.002391 0.997704 49.123989
0.997743 -0.000689 0.067140 0.963314 0.000117 0.999964 0.008515 -3.523180 -0.067144 -0.008488 0.997707 49.643075
0.997755 -0.000202 0.066969 1.014080 -0.000279 0.999974 0.007177 -3.532650 -0.066969 -0.007180 0.997729 50.100687
0.997779 0.000453 0.066607 1.127243 -0.000852 0.999982 0.005958 -3.555681 -0.066603 -0.006002 0.997761 50.611694
0.997802 -0.005340 0.066047 1.199394 0.004967 0.999971 0.005812 -3.576874 -0.066076 -0.005471 0.997800 51.137984
0.997847 -0.009208 0.064937 1.261451 0.008683 0.999927 0.008361 -3.623709 -0.065009 -0.007779 0.997854 51.602762
0.997798 -0.011655 0.065296 1.341097 0.011070 0.999895 0.009310 -3.620039 -0.065398 -0.008567 0.997822 52.132421
0.997791 -0.011917 0.065360 1.363122 0.011289 0.999887 0.009973 -3.633494 -0.065472 -0.009214 0.997812 52.618702
0.997606 -0.016830 0.067069 1.407212 0.016234 0.999824 0.009419 -3.668456 -0.067216 -0.008308 0.997704 53.148609
0.997546 -0.018562 0.067504 1.453486 0.018100 0.999808 0.007460 -3.689852 -0.067629 -0.006219 0.997691 53.724605
0.997493 -0.019089 0.068147 1.508611 0.018707 0.999806 0.006236 -3.700487 -0.068252 -0.004946 0.997656 54.258768
0.997311 -0.021435 0.070086 1.525073 0.020886 0.999745 0.008547 -3.763894 -0.070251 -0.007060 0.997504 54.751248
0.997294 -0.018487 0.071154 1.485531 0.017891 0.999799 0.009006 -3.772911 -0.071306 -0.007709 0.997425 55.188864
0.997248 -0.013988 0.072806 1.609218 0.013192 0.999848 0.011412 -3.803424 -0.072955 -0.010420 0.997281 55.787886
0.997173 -0.013189 0.073976 1.703152 0.012554 0.999880 0.009049 -3.812031 -0.074087 -0.008095 0.997219 56.349486
0.997086 -0.013319 0.075115 1.807795 0.012777 0.999889 0.007694 -3.836091 -0.075209 -0.006712 0.997145 56.902392
0.997039 -0.009884 0.076254 1.923526 0.009584 0.999945 0.004304 -3.839207 -0.076292 -0.003561 0.997079 57.424572
0.997010 -0.013438 0.076100 2.063430 0.013352 0.999910 0.001644 -3.900456 -0.076115 -0.000623 0.997099 57.957444
0.996981 -0.013967 0.076376 2.208343 0.013963 0.999902 0.000584 -3.980052 -0.076377 0.000484 0.997079 58.507974
0.996881 -0.015630 0.077357 2.285046 0.015709 0.999876 -0.000418 -4.022578 -0.077340 0.001631 0.997003 59.050026
0.996800 -0.016473 0.078224 2.382637 0.016469 0.999864 0.000689 -4.070246 -0.078225 0.000602 0.996935 59.585598
0.996745 -0.016308 0.078956 2.455165 0.016215 0.999867 0.001826 -4.127044 -0.078975 -0.000540 0.996876 60.115662
0.996744 -0.015343 0.079163 2.545054 0.015236 0.999882 0.001946 -4.149793 -0.079183 -0.000733 0.996860 60.635466
0.996830 -0.014562 0.078223 2.692120 0.014585 0.999894 0.000283 -4.136739 -0.078219 0.000859 0.996936 61.169634
0.996764 -0.014768 0.079017 2.742480 0.014745 0.999891 0.000873 -4.198637 -0.079021 0.000295 0.996873 61.692246
0.996676 -0.015301 0.080022 2.803361 0.015277 0.999883 0.000918 -4.243941 -0.080027 0.000307 0.996793 62.250444
0.996704 -0.013217 0.080034 2.893220 0.013197 0.999913 0.000778 -4.247133 -0.080037 0.000281 0.996792 62.806914
0.996671 -0.015358 0.080066 2.957072 0.015142 0.999880 0.003305 -4.331157 -0.080107 -0.002082 0.996784 63.312246
0.996727 -0.010909 0.080098 3.022169 0.011004 0.999939 -0.000743 -4.312048 -0.080085 0.001622 0.996787 63.824490
0.996783 -0.009252 0.079617 3.133365 0.009536 0.999950 -0.003187 -4.318969 -0.079583 0.003936 0.996820 64.375452
0.996801 -0.007509 0.079567 3.168457 0.007852 0.999961 -0.004003 -4.355106 -0.079534 0.004615 0.996822 64.881000
0.996793 -0.009392 0.079468 3.274872 0.009682 0.999948 -0.003274 -4.436993 -0.079433 0.004033 0.996832 65.445570
0.996824 -0.008181 0.079216 3.370285 0.008591 0.999951 -0.004838 -4.466343 -0.079172 0.005503 0.996846 65.973528
0.996872 -0.009795 0.078422 3.458381 0.010057 0.999945 -0.002947 -4.538646 -0.078389 0.003726 0.996916 66.446460
0.996898 -0.008397 0.078250 3.547350 0.008604 0.999960 -0.002304 -4.575772 -0.078228 0.002970 0.996931 66.952332
0.996948 -0.004471 0.077939 3.624469 0.004724 0.999984 -0.003066 -4.603033 -0.077924 0.003425 0.996953 67.426398
0.996924 -0.001604 0.078363 3.713998 0.001862 0.999993 -0.003213 -4.631774 -0.078357 0.003349 0.996920 67.934160
0.996978 -0.000298 0.077689 3.859061 0.000622 0.999991 -0.004145 -4.665715 -0.077687 0.004181 0.996969 68.480640
0.996948 -0.005712 0.077857 3.975380 0.005785 0.999983 -0.000713 -4.772735 -0.077852 0.001161 0.996964 69.049962
0.996925 -0.006586 0.078079 4.072372 0.006576 0.999978 0.000377 -4.839052 -0.078080 0.000138 0.996947 69.588882
0.996868 -0.005701 0.078879 4.158385 0.005732 0.999984 -0.000174 -4.865467 -0.078877 0.000625 0.996884 70.113762
0.996816 -0.009238 0.079202 4.254539 0.009240 0.999957 0.000333 -4.924791 -0.079202 0.000400 0.996858 70.666560
0.996842 -0.009984 0.078782 4.410074 0.010203 0.999945 -0.002377 -4.955189 -0.078754 0.003173 0.996889 71.203320
0.997009 -0.006598 0.077002 4.588731 0.006590 0.999978 0.000360 -5.019061 -0.077003 0.000149 0.997031 71.669016
0.996965 -0.009743 0.077234 4.713031 0.009325 0.999940 0.005774 -5.077963 -0.077285 -0.005036 0.996996 72.212796
0.996863 -0.007627 0.078773 4.778104 0.006830 0.999923 0.010382 -5.112315 -0.078846 -0.009811 0.996838 72.729036
0.996798 -0.012706 0.078943 4.915180 0.011579 0.999825 0.014722 -5.190565 -0.079116 -0.013761 0.996770 73.251810
0.996847 -0.011376 0.078526 5.039144 0.010473 0.999874 0.011901 -5.201756 -0.078651 -0.011041 0.996841 73.750770
0.996749 -0.020533 0.077910 5.141444 0.019655 0.999735 0.012018 -5.250270 -0.078136 -0.010447 0.996888 74.221596
0.996750 -0.017831 0.078554 5.209426 0.017046 0.999798 0.010655 -5.267278 -0.078728 -0.009281 0.996853 74.688912
0.996722 -0.021008 0.078122 5.388417 0.020001 0.999707 0.013651 -5.302348 -0.078386 -0.012044 0.996850 75.356730
0.996697 -0.018783 0.079013 5.495913 0.017699 0.999740 0.014396 -5.308233 -0.079263 -0.012950 0.996770 75.839544
0.996647 -0.018631 0.079675 5.574820 0.017568 0.999747 0.014021 -5.310606 -0.079916 -0.012574 0.996722 76.362912
0.996567 -0.012094 0.081908 5.651104 0.011265 0.999881 0.010574 -5.283528 -0.082026 -0.009615 0.996584 76.849830
0.996387 -0.016152 0.083376 5.762394 0.015334 0.999828 0.010432 -5.329411 -0.083530 -0.009116 0.996464 77.335992
0.996295 -0.011815 0.085191 5.884659 0.011200 0.999908 0.007698 -5.333928 -0.085275 -0.006715 0.996335 77.844024
0.996082 -0.007884 0.088078 5.944763 0.007450 0.999958 0.005254 -5.344198 -0.088116 -0.004577 0.996100 78.312798
0.995956 -0.008962 0.089391 6.073774 0.008468 0.999947 0.005910 -5.372417 -0.089440 -0.005130 0.995979 78.792912
0.995831 -0.008826 0.090788 6.168217 0.008204 0.999940 0.007220 -5.396250 -0.090846 -0.006445 0.995844 79.249212
0.995663 -0.006910 0.092776 6.169970 0.006351 0.999960 0.006316 -5.432259 -0.092816 -0.005699 0.995667 79.652808
0.995458 -0.005865 0.095022 6.257844 0.005294 0.999966 0.006257 -5.457372 -0.095055 -0.005726 0.995456 80.101872
0.995295 -0.005781 0.096713 6.395902 0.005150 0.999964 0.006779 -5.492919 -0.096748 -0.006249 0.995289 80.635284
0.995143 -0.005045 0.098312 6.542894 0.004337 0.999963 0.007421 -5.521656 -0.098346 -0.006958 0.995128 81.101196
0.995005 -0.001507 0.099817 6.678193 0.000960 0.999984 0.005534 -5.516443 -0.099823 -0.005410 0.994990 81.589842
0.994924 -0.003865 0.100558 6.825663 0.003319 0.999979 0.005595 -5.554774 -0.100578 -0.005233 0.994915 82.081080
0.994651 -0.003132 0.103242 6.927298 0.002660 0.999985 0.004713 -5.573043 -0.103255 -0.004413 0.994645 82.530576
0.994660 -0.003290 0.103155 7.087844 0.002764 0.999982 0.005240 -5.600900 -0.103170 -0.004927 0.994652 82.999674
0.994625 -0.004602 0.103442 7.292857 0.003863 0.999965 0.007348 -5.637544 -0.103472 -0.006909 0.994608 83.481408
0.994657 -0.004062 0.103154 7.451022 0.003268 0.999964 0.007872 -5.669557 -0.103182 -0.007492 0.994634 83.943540
0.994708 -0.004042 0.102662 7.577031 0.003393 0.999973 0.006503 -5.690098 -0.102685 -0.006120 0.994695 84.369762
0.994690 -0.005140 0.102785 7.734252 0.004461 0.999967 0.006838 -5.729359 -0.102817 -0.006343 0.994680 84.828492
0.994734 -0.004073 0.102404 7.888822 0.003439 0.999974 0.006376 -5.746546 -0.102427 -0.005991 0.994722 85.290354
0.994856 -0.006557 0.101086 7.997567 0.005862 0.999957 0.007171 -5.785644 -0.101129 -0.006541 0.994852 85.699242
0.994961 -0.008918 0.099864 8.129122 0.008141 0.999933 0.008179 -5.809963 -0.099930 -0.007325 0.994968 86.137668
0.995188 -0.009003 0.097570 8.295033 0.008066 0.999918 0.009990 -5.836844 -0.097652 -0.009155 0.995178 86.566914
0.995277 -0.008304 0.096726 8.385428 0.007317 0.999918 0.010549 -5.841924 -0.096805 -0.009791 0.995255 86.982984
0.995510 -0.008360 0.094290 8.523985 0.007369 0.999914 0.010854 -5.862770 -0.094373 -0.010110 0.995486 87.356232
0.995681 -0.009405 0.092359 8.601061 0.008450 0.999907 0.010721 -5.886841 -0.092451 -0.009894 0.995668 87.726294
0.995789 -0.011645 0.090929 8.672489 0.010600 0.999872 0.011970 -5.932150 -0.091057 -0.010955 0.995785 88.097976
0.996069 -0.011356 0.087855 8.733935 0.010384 0.999880 0.011513 -5.935641 -0.087975 -0.010555 0.996067 88.449408
0.996210 -0.014244 0.085805 8.792354 0.013253 0.999839 0.012100 -5.972317 -0.085964 -0.010917 0.996239 88.805700
0.996467 -0.015097 0.082620 8.895098 0.014231 0.999838 0.011059 -5.976009 -0.082773 -0.009844 0.996520 89.145846
0.996661 -0.016075 0.080047 8.972724 0.015178 0.999815 0.011794 -6.005459 -0.080222 -0.010540 0.996721 89.464824
0.996832 -0.014873 0.078136 9.008511 0.013967 0.999829 0.012135 -6.026250 -0.078303 -0.011006 0.996869 89.785260
0.997090 -0.013154 0.075093 9.099109 0.012327 0.999858 0.011468 -6.045946 -0.075233 -0.010509 0.997111 90.113256
0.997272 -0.008791 0.073287 9.151761 0.008101 0.999920 0.009711 -6.038257 -0.073367 -0.009091 0.997264 90.390600
0.997294 -0.009213 0.072930 9.209363 0.008504 0.999914 0.010037 -6.056926 -0.073016 -0.009390 0.997287 90.713466
0.997228 -0.008557 0.073917 9.273430 0.007788 0.999913 0.010690 -6.069880 -0.074002 -0.010085 0.997207 91.010034
0.997149 -0.007419 0.075092 9.339006 0.006590 0.999915 0.011272 -6.077352 -0.075170 -0.010745 0.997113 91.302336
0.997118 -0.006293 0.075608 9.403870 0.005525 0.999931 0.010356 -6.082676 -0.075668 -0.009909 0.997084 91.594530
0.997095 -0.004168 0.076048 9.467024 0.003537 0.999958 0.008434 -6.095752 -0.076080 -0.008140 0.997069 91.850868
0.996924 0.002156 0.078344 9.508665 -0.002568 0.999983 0.005161 -6.091535 -0.078332 -0.005346 0.996913 92.125944
0.996766 0.002294 0.080320 9.567291 -0.002631 0.999988 0.004093 -6.105878 -0.080310 -0.004291 0.996761 92.331198
0.996546 0.001993 0.083014 9.600969 -0.002346 0.999989 0.004153 -6.129970 -0.083005 -0.004334 0.996540 92.577006
0.996412 0.000268 0.084634 9.704048 -0.000547 0.999995 0.003272 -6.131437 -0.084633 -0.003307 0.996407 92.865096
0.996127 0.000246 0.087929 9.742554 -0.000520 0.999995 0.003088 -6.144456 -0.087927 -0.003122 0.996122 93.121596
0.995827 0.000949 0.091253 9.787661 -0.001210 0.999995 0.002807 -6.154265 -0.091250 -0.002906 0.995824 93.372912
0.995591 0.000590 0.093793 9.875067 -0.000815 0.999997 0.002365 -6.164515 -0.093791 -0.002431 0.995589 93.622554
0.995316 -0.000720 0.096671 10.000709 0.000443 0.999996 0.002888 -6.171748 -0.096672 -0.002832 0.995312 93.797514
0.994880 -0.004727 0.100953 10.146541 0.004306 0.999981 0.004393 -6.183176 -0.100972 -0.003936 0.994881 93.954492
0.994622 0.000478 0.103565 10.204657 -0.000694 0.999998 0.002050 -6.170228 -0.103564 -0.002111 0.994621 94.228596
0.994264 -0.000858 0.106947 10.326907 0.000568 0.999996 0.002737 -6.188294 -0.106949 -0.002660 0.994261 94.472028
0.993823 -0.001157 0.110976 10.424180 0.000984 0.999998 0.001614 -6.181402 -0.110978 -0.001495 0.993822 94.716648
0.993417 -0.004568 0.114463 10.533252 0.004452 0.999989 0.001273 -6.190831 -0.114468 -0.000755 0.993427 94.950576
0.993055 -0.003992 0.117585 10.624522 0.004013 0.999992 0.000056 -6.196641 -0.117584 0.000416 0.993063 95.200002
0.992632 -0.002397 0.121147 10.713765 0.002443 0.999997 -0.000233 -6.222761 -0.121147 0.000528 0.992634 95.461902
0.992180 -0.005818 0.124677 10.804467 0.005801 0.999983 0.000503 -6.231191 -0.124678 0.000224 0.992197 95.688810
0.991839 -0.000337 0.127497 10.881317 0.000424 1.000000 -0.000654 -6.232946 -0.127497 0.000703 0.991839 95.948604
0.991522 -0.000495 0.129935 11.023850 0.000565 1.000000 -0.000505 -6.245124 -0.129935 0.000574 0.991522 96.232806
0.991208 0.004149 0.132245 11.112361 -0.003822 0.999989 -0.002721 -6.261441 -0.132255 0.002191 0.991213 96.513336
0.990980 -0.000157 0.134012 11.229178 0.000634 0.999994 -0.003522 -6.304124 -0.134010 0.003575 0.990973 96.790788
0.990676 -0.002411 0.136216 11.356752 0.003029 0.999986 -0.004329 -6.328956 -0.136204 0.004701 0.990670 97.075152
0.990703 -0.003638 0.135990 11.476354 0.004270 0.999981 -0.004360 -6.354907 -0.135972 0.004900 0.990700 97.358922
0.990509 -0.002586 0.137423 11.589741 0.003318 0.999981 -0.005101 -6.376006 -0.137407 0.005508 0.990499 97.637400
0.990588 0.000580 0.136877 11.740339 0.000439 0.999972 -0.007418 -6.375850 -0.136877 0.007408 0.990560 97.958160
0.990300 0.002473 0.138926 11.853409 -0.001532 0.999975 -0.006880 -6.409452 -0.138940 0.006601 0.990279 98.228322
0.990226 -0.001500 0.139462 11.956915 0.002731 0.999959 -0.008638 -6.447143 -0.139444 0.008935 0.990190 98.472024
0.990170 -0.004091 0.139807 12.061730 0.005636 0.999927 -0.010655 -6.478000 -0.139753 0.011338 0.990121 98.714214
0.990147 0.000648 0.140031 12.227061 0.000936 0.999936 -0.011245 -6.491891 -0.140030 0.011265 0.990083 99.024120
0.990178 0.001865 0.139801 12.562131 -0.000766 0.999968 -0.007909 -6.518865 -0.139811 0.007724 0.990148 99.356976
0.990424 -0.002034 0.138042 12.550983 0.002234 0.999997 -0.001288 -6.556937 -0.138039 0.001584 0.990426 99.450936
0.990420 -0.008101 0.137848 12.717913 0.007583 0.999962 0.004287 -6.615274 -0.137877 -0.003201 0.990444 99.761922
0.989978 -0.003397 0.141179 12.797319 0.003419 0.999994 0.000084 -6.590180 -0.141178 0.000399 0.989984 100.078092
0.989332 -0.002953 0.145647 12.943957 0.003890 0.999973 -0.006148 -6.612404 -0.145625 0.006649 0.989317 100.404468
0.988812 -0.002556 0.149144 13.127339 0.004087 0.999942 -0.009957 -6.625354 -0.149110 0.010456 0.988765 100.711512
0.988186 -0.004223 0.153197 13.255007 0.005802 0.999935 -0.009862 -6.659376 -0.153146 0.010634 0.988146 101.029410
0.987644 -0.007575 0.156532 13.453609 0.008700 0.999941 -0.006504 -6.697350 -0.156474 0.007785 0.987651 101.385000
0.987017 -0.008824 0.160371 13.573693 0.009669 0.999943 -0.004488 -6.706274 -0.160323 0.005981 0.987047 101.694312
0.986392 -0.005409 0.164324 13.734952 0.006367 0.999966 -0.005306 -6.708326 -0.164290 0.006280 0.986392 102.024036
0.985701 -0.005114 0.168424 13.892844 0.005831 0.999976 -0.003762 -6.751920 -0.168401 0.004690 0.985707 102.345714
0.985368 -0.002936 0.170413 14.072489 0.004011 0.999974 -0.005961 -6.778533 -0.170391 0.006557 0.985355 102.683214
0.984692 0.002728 0.174280 14.217867 -0.001172 0.999959 -0.009029 -6.786248 -0.174297 0.008686 0.984655 103.000842
0.984039 0.007256 0.177808 14.378565 -0.005773 0.999944 -0.008856 -6.815691 -0.177862 0.007688 0.984025 103.325922
0.983445 0.013106 0.180735 14.599663 -0.011745 0.999894 -0.008597 -6.834378 -0.180828 0.006332 0.983494 103.646898
0.983328 0.005738 0.181753 14.856550 -0.004645 0.999969 -0.006440 -6.857209 -0.181784 0.005488 0.983323 103.854636
0.982369 0.011491 0.186598 14.894346 -0.010398 0.999923 -0.006838 -6.863824 -0.186662 0.004778 0.982413 103.880178
0.981833 0.004936 0.189685 14.984728 -0.003942 0.999977 -0.005617 -6.886669 -0.189708 0.004767 0.981829 103.897296
0.981027 0.000144 0.193874 15.030783 0.000967 0.999984 -0.005637 -6.895120 -0.193871 0.005717 0.981010 103.921056
0.980599 0.000176 0.196022 15.060076 0.001115 0.999978 -0.006472 -6.879178 -0.196019 0.006565 0.980578 103.940226
0.979778 0.009229 0.199875 15.172237 -0.007810 0.999938 -0.007891 -6.893628 -0.199935 0.006170 0.979790 104.007510
0.979471 0.005475 0.201511 15.166811 -0.004319 0.999972 -0.006177 -6.907717 -0.201539 0.005180 0.979467 104.028354
0.979411 0.002635 0.201860 15.232322 -0.001763 0.999988 -0.004499 -6.922276 -0.201869 0.004051 0.979404 104.046876
0.979151 0.007388 0.203000 15.325306 -0.006718 0.999969 -0.003992 -6.936717 -0.203023 0.002545 0.979171 104.072310
0.978988 0.004706 0.203865 15.386619 -0.004440 0.999989 -0.001762 -6.957815 -0.203871 0.000820 0.978997 104.099472
0.979111 0.008251 0.203157 15.563656 -0.007911 0.999966 -0.002486 -6.951285 -0.203170 0.000827 0.979143 104.135112
0.979216 0.004785 0.202766 15.519020 -0.004538 0.999988 -0.001685 -6.967428 -0.202771 0.000730 0.979226 104.171724
0.979160 0.003639 0.203055 15.457313 -0.003450 0.999993 -0.001286 -6.989876 -0.203059 0.000559 0.979166 104.204718
0.979368 0.009090 0.201882 15.598987 -0.008844 0.999959 -0.002118 -6.992919 -0.201893 0.000288 0.979408 104.226534
0.979486 0.012138 0.201145 15.738206 -0.011728 0.999926 -0.003228 -6.992346 -0.201170 0.000803 0.979556 104.250618
0.979832 0.007461 0.199684 15.856848 -0.007579 0.999971 -0.000173 -7.026324 -0.199679 -0.001344 0.979860 104.266872
0.980296 0.005615 0.197455 15.853907 -0.006344 0.999975 0.003060 -7.048348 -0.197432 -0.004252 0.980307 104.281182
0.981039 -0.003960 0.193768 15.868130 0.002412 0.999963 0.008223 -7.078800 -0.193794 -0.007599 0.981013 104.306832
0.981999 -0.001705 0.188878 16.185263 -0.000408 0.999938 0.011146 -7.101674 -0.188886 -0.011022 0.981937 104.339556
0.982660 -0.010547 0.185117 16.262206 0.007838 0.999851 0.015361 -7.132161 -0.185252 -0.013644 0.982596 104.400630
0.983486 -0.007175 0.180843 16.418402 0.004638 0.999885 0.014449 -7.119206 -0.180926 -0.013372 0.983406 104.459004
0.984365 -0.010590 0.175821 16.479681 0.007900 0.999841 0.015993 -7.118761 -0.175962 -0.014354 0.984292 104.515974
0.985205 -0.012428 0.170930 16.640680 0.009717 0.999814 0.016688 -7.124274 -0.171105 -0.014780 0.985142 104.566410
0.985832 -0.012366 0.167279 16.729250 0.009765 0.999818 0.016364 -7.115630 -0.167451 -0.014499 0.985774 104.656968
0.986507 -0.011138 0.163340 16.905887 0.008872 0.999854 0.014599 -7.094741 -0.163479 -0.012953 0.986462 104.747040
0.987202 -0.010004 0.159162 17.069283 0.007548 0.999843 0.016028 -7.131698 -0.159298 -0.014622 0.987122 104.986638
0.987850 -0.016528 0.154529 17.216909 0.014140 0.999763 0.016537 -7.142174 -0.154766 -0.014151 0.987850 105.299892
0.988495 -0.015604 0.150446 17.324052 0.013377 0.999786 0.015804 -7.148443 -0.150660 -0.013610 0.988492 105.480036
0.989227 -0.014400 0.145679 17.477374 0.012481 0.999823 0.014081 -7.157944 -0.145856 -0.012111 0.989232 105.778656
0.990399 -0.011872 0.137724 17.674346 0.010304 0.999874 0.012092 -7.165209 -0.137850 -0.010557 0.990397 106.046928
0.991547 -0.011910 0.129201 17.784302 0.010570 0.999883 0.011053 -7.191124 -0.129318 -0.009593 0.991557 106.341984
0.992924 -0.011360 0.118211 17.947198 0.010165 0.999891 0.010702 -7.209763 -0.118319 -0.009424 0.992931 106.616412
0.994275 -0.011313 0.106252 18.004559 0.010240 0.999891 0.010638 -7.218224 -0.106361 -0.009489 0.994282 106.957692
0.995927 -0.010725 0.089525 18.037207 0.009747 0.999888 0.011352 -7.239591 -0.089636 -0.010433 0.995920 107.169372
0.997621 -0.006755 0.068600 18.165533 0.005976 0.999915 0.011555 -7.246761 -0.068673 -0.011117 0.997577 107.378136
0.998904 -0.005380 0.046495 18.144730 0.004847 0.999921 0.011569 -7.261224 -0.046554 -0.011331 0.998852 107.663472
0.999756 -0.005276 0.021459 18.094156 0.005008 0.999909 0.012532 -7.276276 -0.021523 -0.012421 0.999691 108.001188
0.999972 -0.002443 -0.007130 18.107598 0.002532 0.999918 0.012543 -7.289670 0.007099 -0.012560 0.999896 108.237870
0.999288 -0.002654 -0.037632 18.011496 0.003169 0.999902 0.013643 -7.293872 0.037592 -0.013753 0.999199 108.539838
0.997297 -0.003386 -0.073395 18.091693 0.004563 0.999864 0.015866 -7.323700 0.073331 -0.016158 0.997177 108.675540
0.994006 -0.004651 -0.109231 17.834006 0.006621 0.999822 0.017679 -7.325365 0.109129 -0.018296 0.993859 109.035936
0.988792 -0.000507 -0.149297 17.888519 0.003353 0.999817 0.018812 -7.329650 0.149260 -0.019102 0.988613 109.150740
0.981842 0.001753 -0.189695 17.777596 0.002350 0.999768 0.021402 -7.342457 0.189689 -0.021459 0.981610 109.380618
0.972647 -0.001380 -0.232286 17.505078 0.006931 0.999710 0.023085 -7.337248 0.232187 -0.024063 0.972374 109.709154
0.961330 -0.001896 -0.275391 17.282339 0.008760 0.999681 0.023698 -7.334298 0.275259 -0.025194 0.961040 109.909494
0.947519 0.000085 -0.319700 17.038244 0.008226 0.999662 0.024646 -7.341617 0.319595 -0.025982 0.947198 110.148228
0.930626 -0.002255 -0.365964 16.753844 0.012210 0.999616 0.024888 -7.339387 0.365767 -0.027630 0.930296 110.389014
0.910533 -0.001252 -0.413434 16.517619 0.012802 0.999601 0.025167 -7.336185 0.413238 -0.028208 0.910186 110.659230
0.886904 0.000047 -0.461954 16.221483 0.013297 0.999583 0.025630 -7.322506 0.461763 -0.028874 0.886533 110.905632
0.861238 -0.000588 -0.508202 15.897130 0.014424 0.999625 0.023287 -7.301483 0.507998 -0.027386 0.860923 111.062286
0.828696 -0.001923 -0.559696 15.579730 0.017028 0.999618 0.021777 -7.287567 0.559440 -0.027577 0.828412 111.320946
0.795103 -0.001567 -0.606472 15.153006 0.019663 0.999537 0.023197 -7.286996 0.606155 -0.030369 0.794767 111.497742
0.759337 -0.003014 -0.650691 14.704681 0.024671 0.999404 0.024161 -7.265644 0.650230 -0.034400 0.758958 111.626748
0.718637 -0.001399 -0.695384 14.140819 0.026612 0.999321 0.025491 -7.249852 0.694876 -0.036825 0.718186 111.789504
0.674590 -0.000600 -0.738192 13.674385 0.027590 0.999321 0.024400 -7.222569 0.737677 -0.036827 0.674149 111.904470
0.628278 0.007566 -0.777952 13.189519 0.020066 0.999462 0.025926 -7.217781 0.777730 -0.031899 0.627789 111.995784
0.579540 0.012717 -0.814844 12.723839 0.016400 0.999494 0.027262 -7.228254 0.814779 -0.029163 0.579038 112.068198
0.529411 0.015088 -0.848231 12.088337 0.013055 0.999579 0.025929 -7.183180 0.848265 -0.024801 0.528991 112.156110
0.475301 0.016247 -0.879673 11.610744 0.014706 0.999543 0.026407 -7.177711 0.879700 -0.025488 0.474845 112.219614
0.422429 0.023064 -0.906103 11.061657 0.015135 0.999357 0.032494 -7.223731 0.906270 -0.027440 0.421808 112.269942
0.373678 0.022197 -0.927293 10.132491 0.017984 0.999352 0.031169 -7.138348 0.927384 -0.028324 0.373036 112.297968
0.317333 0.023140 -0.948032 9.566422 0.017719 0.999383 0.030325 -7.093839 0.948149 -0.026421 0.316727 112.323024
0.265418 0.026806 -0.963761 8.867704 0.015511 0.999365 0.032068 -7.062954 0.964009 -0.023460 0.264834 112.281228
0.208837 0.031354 -0.977448 8.262781 0.017568 0.999204 0.035806 -7.049900 0.977793 -0.024650 0.208120 112.264164
0.160452 0.041853 -0.986156 7.533400 0.011718 0.998950 0.044302 -7.046172 0.986974 -0.018664 0.159793 112.159836
0.119382 0.046566 -0.991756 6.561506 0.012174 0.998756 0.048360 -6.985252 0.992774 -0.017847 0.118666 112.010202
0.063747 0.052113 -0.996605 5.771119 0.012395 0.998517 0.053006 -6.943867 0.997889 -0.015732 0.063006 111.932064
0.019446 0.056623 -0.998206 5.071448 0.015745 0.998254 0.056932 -6.910539 0.999687 -0.016824 0.018521 111.778326
-0.012083 0.057347 -0.998281 4.432094 0.026768 0.998015 0.057008 -6.865639 0.999569 -0.026033 -0.013594 111.540780
-0.044660 0.058692 -0.997277 3.802372 0.034262 0.997775 0.057187 -6.832741 0.998415 -0.031615 -0.046571 111.304260
-0.071220 0.072290 -0.994838 3.148896 0.034113 0.996963 0.070002 -6.992765 0.996877 -0.028951 -0.073470 110.994624
-0.111067 0.069137 -0.991405 2.679906 0.033892 0.997260 0.065748 -6.915054 0.993235 -0.026298 -0.113106 110.824848
-0.156184 0.067815 -0.985397 1.999276 0.032472 0.997454 0.063498 -6.852274 0.987194 -0.022081 -0.157989 110.680992
-0.198858 0.069289 -0.977576 1.349206 0.034383 0.997377 0.063698 -6.821169 0.979425 -0.020945 -0.200719 110.545398
-0.243844 0.073206 -0.967047 0.559061 0.034225 0.997175 0.066857 -6.812143 0.969210 -0.016795 -0.245661 110.444850
-0.281069 0.072337 -0.956957 -0.200848 0.030029 0.997330 0.066569 -6.759270 0.959217 -0.010026 -0.282491 110.302344
-0.319616 0.071637 -0.944835 -0.982447 0.029531 0.997407 0.065633 -6.671881 0.947087 -0.006925 -0.320903 110.152764
-0.361019 0.069250 -0.929984 -1.776282 0.027137 0.997597 0.063750 -6.554220 0.932164 -0.002222 -0.362031 110.007126
-0.400637 0.071178 -0.913468 -2.565130 0.028508 0.997464 0.065220 -6.517735 0.915793 0.000088 -0.401650 109.859004
-0.439882 0.068611 -0.895431 -3.389644 0.025695 0.997631 0.063819 -6.472680 0.897688 0.005065 -0.440603 109.692630
-0.477969 0.062737 -0.876134 -4.204574 0.023565 0.998003 0.058608 -6.407243 0.878061 0.007366 -0.478492 109.536462
-0.513351 0.058925 -0.856154 -5.034052 0.022906 0.998225 0.054968 -6.356957 0.857873 0.008606 -0.513789 109.355994
-0.546033 0.056851 -0.835833 -5.880217 0.023284 0.998339 0.052693 -6.310506 0.837440 0.009311 -0.546450 109.151388
-0.578553 0.055298 -0.813768 -6.679933 0.021604 0.998388 0.052484 -6.257356 0.815358 0.012784 -0.578816 108.962064
-0.611684 0.050325 -0.789500 -7.649043 0.015426 0.998544 0.051698 -6.189948 0.790952 0.019444 -0.611570 108.733536
-0.642412 0.051676 -0.764616 -8.547744 0.017371 0.998449 0.052886 -6.158754 0.766163 0.020693 -0.642313 108.490428
-0.672443 0.051127 -0.738381 -9.385681 0.018447 0.998459 0.052336 -6.092076 0.739919 0.021572 -0.672350 108.236952
-0.699728 0.055492 -0.712251 -10.217448 0.024365 0.998252 0.053837 -6.043535 0.713993 0.020317 -0.699858 107.953182
-0.725788 0.058588 -0.685419 -11.006472 0.026770 0.998017 0.056962 -5.992156 0.687398 0.022994 -0.725917 107.669574
-0.750140 0.062565 -0.658313 -11.750602 0.031257 0.997756 0.059208 -5.955444 0.660540 0.023838 -0.750413 107.384346
-0.772733 0.060453 -0.631846 -12.647000 0.029977 0.997819 0.058807 -5.873998 0.634023 0.026501 -0.772860 107.021628
-0.793284 0.057932 -0.606089 -13.770798 0.029930 0.997970 0.056215 -5.777517 0.608115 0.026454 -0.793408 106.538490
-0.812535 0.051348 -0.580647 -14.601685 0.025292 0.998280 0.052888 -5.694257 0.582364 0.028288 -0.812436 106.171506
-0.829133 0.051528 -0.556672 -15.366757 0.026828 0.998263 0.052444 -5.614563 0.558407 0.028549 -0.829075 105.794478
-0.845430 0.050966 -0.531649 -16.249424 0.026090 0.998189 0.054203 -5.548907 0.533448 0.031955 -0.845229 105.374088
-0.860156 0.047469 -0.507817 -17.072706 0.022850 0.998246 0.054608 -5.472657 0.509519 0.035368 -0.859732 104.937714
-0.869382 0.050881 -0.491514 -17.532622 0.028497 0.998192 0.052927 -5.410681 0.493318 0.032007 -0.869260 104.569542
-0.881696 0.049316 -0.469234 -18.333094 0.026812 0.998152 0.054525 -5.322652 0.471056 0.035493 -0.881389 104.126364
-0.891690 0.054565 -0.449346 -19.015037 0.031520 0.997783 0.058615 -5.293443 0.451549 0.038103 -0.891433 103.698306
-0.899782 0.052064 -0.433223 -19.614185 0.029663 0.997858 0.058312 -5.227202 0.435331 0.039618 -0.899399 103.279536
-0.906654 0.047428 -0.419202 -20.251426 0.026306 0.998083 0.056026 -5.155683 0.421055 0.039768 -0.906163 102.845538
-0.912095 0.048390 -0.407113 -21.050444 0.026726 0.997916 0.058737 -5.110963 0.409107 0.042694 -0.911487 102.327246
-0.914883 0.045611 -0.401135 -21.638056 0.023448 0.997924 0.059990 -5.046706 0.403038 0.045478 -0.914053 101.901078
-0.916166 0.042223 -0.398569 -22.295963 0.019863 0.997997 0.060067 -4.945172 0.400307 0.047115 -0.915169 101.455362
-0.916279 0.039334 -0.398604 -22.946704 0.016799 0.998065 0.059872 -4.878254 0.400187 0.048163 -0.915167 100.984590
-0.915793 0.036636 -0.399976 -23.667426 0.014467 0.998194 0.058305 -4.794006 0.401390 0.047609 -0.914669 100.541682
-0.915181 0.043158 -0.400726 -24.439519 0.020442 0.997941 0.060790 -4.735320 0.402525 0.047442 -0.914179 100.037106
-0.913916 0.042829 -0.403638 -25.035074 0.019887 0.997948 0.060863 -4.684596 0.405416 0.047597 -0.912892 99.625572
-0.912427 0.044848 -0.406776 -25.809426 0.020878 0.997784 0.063178 -4.616111 0.408708 0.049152 -0.911341 99.113814
-0.910321 0.041932 -0.411774 -26.531537 0.017352 0.997847 0.063251 -4.507372 0.413539 0.050434 -0.909088 98.627598
