1.000000 0.000000 0.000000 0.000000 0.000000 1.000000 0.000000 0.000000 0.000000 0.000000 1.000000 0.000000
0.999925 0.002595 -0.011971 0.091890 -0.002622 0.999994 -0.002182 0.018984 0.011965 0.002213 0.999926 -0.102750
0.999999 -0.000381 -0.001095 0.044598 0.000380 1.000000 -0.000366 0.003454 0.001095 0.000365 0.999999 0.019754
0.999983 -0.002619 0.005177 0.103492 0.002620 0.999996 -0.000293 -0.001404 -0.005176 0.000306 0.999987 0.121586
0.999959 -0.004593 0.007782 0.066613 0.004601 0.999989 -0.000953 -0.013003 -0.007777 0.000988 0.999969 0.269121
0.999968 -0.005836 0.005575 0.103032 0.005857 0.999976 -0.003784 -0.001159 -0.005552 0.003816 0.999977 0.404404
0.999949 -0.010079 -0.001181 0.147595 0.010072 0.999931 -0.006002 -0.017965 0.001242 0.005990 0.999981 0.544887
0.999883 -0.010694 -0.010940 -0.001265 0.010623 0.999922 -0.006536 -0.036512 0.011009 0.006419 0.999919 0.631842
0.999604 -0.009601 -0.026453 -0.047375 0.009392 0.999924 -0.008015 -0.036066 0.026528 0.007764 0.999618 0.795119
0.998731 -0.006308 -0.049960 0.162646 0.005855 0.999940 -0.009217 -0.059374 0.050015 0.008913 0.998709 1.001170
0.997703 -0.000587 -0.067741 0.028614 -0.000130 0.999944 -0.010589 -0.066036 0.067743 0.010573 0.997647 1.144167
0.996292 -0.001087 -0.086033 -0.138787 0.000162 0.999942 -0.010755 -0.075111 0.086040 0.010702 0.996234 1.296797
0.994426 -0.002378 -0.105411 -0.325299 0.001257 0.999942 -0.010696 -0.076479 0.105430 0.010504 0.994371 1.486885
0.992191 -0.005336 -0.124614 -0.486485 0.004183 0.999946 -0.009510 -0.124808 0.124658 0.008915 0.992160 1.672708
0.989932 -0.003385 -0.141501 -0.683752 0.002108 0.999956 -0.009171 -0.130267 0.141526 0.008781 0.989896 1.849664
0.987735 -0.001687 -0.156128 -0.805973 0.000240 0.999957 -0.009282 -0.123588 0.156137 0.009130 0.987693 2.003588
0.985353 -0.003449 -0.170491 -0.879317 0.002106 0.999965 -0.008056 -0.161844 0.170513 0.007579 0.985326 2.163314
0.983147 -0.004808 -0.182754 -1.004779 0.003162 0.999952 -0.009297 -0.170973 0.182790 0.008563 0.983115 2.316672
0.981379 -0.009080 -0.191865 -1.088937 0.007148 0.999917 -0.010759 -0.180058 0.191947 0.009187 0.981362 2.461436
0.979310 -0.009489 -0.202145 -1.058015 0.006987 0.999890 -0.013087 -0.159769 0.202246 0.011404 0.979268 2.599234
0.978026 -0.012266 -0.208123 -1.353706 0.009583 0.999858 -0.013892 -0.171542 0.208264 0.011592 0.978004 2.725488
0.976031 -0.014397 -0.217155 -1.406543 0.010987 0.999797 -0.016903 -0.161151 0.217354 0.014112 0.975991 2.874946
0.973955 -0.018719 -0.225966 -1.420898 0.015102 0.999729 -0.017729 -0.167455 0.226236 0.013855 0.973974 3.009742
0.972210 -0.024140 -0.232863 -1.506595 0.020217 0.999611 -0.019216 -0.153071 0.233237 0.013974 0.972320 3.130609
0.970150 -0.026806 -0.241019 -1.570936 0.022320 0.999524 -0.021323 -0.147437 0.241476 0.015307 0.970286 3.260380
0.967910 -0.024387 -0.250110 -1.640011 0.018705 0.999511 -0.025070 -0.145088 0.250599 0.019587 0.967893 3.387736
0.965540 -0.022334 -0.259295 -1.720051 0.015429 0.999471 -0.028634 -0.137591 0.259798 0.023646 0.965373 3.514067
0.963622 -0.025258 -0.266071 -1.816866 0.017760 0.999375 -0.030550 -0.112439 0.266677 0.024713 0.963469 3.640170
0.961784 -0.027977 -0.272377 -1.946885 0.019667 0.999255 -0.033192 -0.103917 0.273103 0.026567 0.961618 3.761313
0.959899 -0.028833 -0.278858 -2.126835 0.019421 0.999147 -0.036454 -0.077525 0.279671 0.029576 0.959640 3.876250
0.957387 -0.029306 -0.287317 -2.222550 0.018660 0.999036 -0.039725 -0.082939 0.288205 0.032671 0.957011 4.016489
0.955304 -0.030066 -0.294092 -2.389644 0.017455 0.998816 -0.045415 -0.088064 0.295109 0.038252 0.954697 4.184119
0.953632 -0.031764 -0.299294 -2.532557 0.016446 0.998429 -0.053563 -0.080965 0.300526 0.046157 0.952656 4.327076
0.951981 -0.033502 -0.304319 -2.616652 0.015505 0.997995 -0.061366 -0.096414 0.305764 0.053701 0.950592 4.456354
0.949863 -0.042678 -0.309740 -3.755543 0.022687 0.997437 -0.067860 -0.308744 0.311842 0.057431 0.948397 5.084783
0.948411 -0.042372 -0.314201 -3.842009 0.019080 0.996861 -0.076840 -0.324594 0.316470 0.066881 0.946242 5.220674
0.947751 -0.041146 -0.316345 -3.940165 0.015258 0.996359 -0.083879 -0.337424 0.318645 0.074669 0.944929 5.326009
0.946404 -0.041456 -0.320312 -4.060146 0.012982 0.995810 -0.090524 -0.367631 0.322723 0.081514 0.942977 5.427065
0.945070 -0.041591 -0.324213 -4.181702 0.010772 0.995296 -0.096280 -0.411022 0.326692 0.087499 0.941072 5.546923
0.943820 -0.039678 -0.328070 -4.339054 0.006341 0.994757 -0.102069 -0.445794 0.330400 0.094255 0.939123 5.643135
0.941642 -0.037990 -0.334466 -4.333752 0.002805 0.994462 -0.105061 -0.506694 0.336605 0.097991 0.936533 5.788373
0.941411 -0.038680 -0.335036 -4.632737 0.003237 0.994392 -0.105709 -0.552646 0.337246 0.098431 0.936257 5.840273
0.939863 -0.040262 -0.339171 -4.777648 0.004940 0.994526 -0.104369 -0.638954 0.341517 0.096417 0.934917 5.888927
0.938101 -0.040426 -0.343996 -4.906556 0.004910 0.994618 -0.103498 -0.669075 0.346328 0.095402 0.933250 5.983610
0.936438 -0.040165 -0.348527 -4.960070 0.004785 0.994795 -0.101785 -0.715190 0.350802 0.093648 0.931755 6.050290
0.934179 -0.040716 -0.354474 -5.055911 0.006073 0.995138 -0.098302 -0.772794 0.356753 0.089679 0.929884 6.106466
0.930744 -0.039600 -0.363521 -5.032000 0.006486 0.995750 -0.091867 -0.840101 0.365614 0.083147 0.927045 6.172821
0.927855 -0.038593 -0.370938 -5.175030 0.006727 0.996201 -0.086819 -0.895187 0.372880 0.078060 0.924590 6.245969
0.925230 -0.036880 -0.377610 -5.258906 0.006020 0.996566 -0.082581 -0.949340 0.379359 0.074134 0.922275 6.295606
0.922473 -0.035074 -0.384464 -5.441661 0.004044 0.996688 -0.081224 -0.990581 0.386039 0.073373 0.919560 6.380267
0.919290 -0.034666 -0.392051 -5.796744 0.003087 0.996718 -0.080895 -1.074354 0.393568 0.073155 0.916380 6.611020
0.915896 -0.034767 -0.399906 -6.261607 0.002875 0.996785 -0.080074 -1.157632 0.401405 0.072190 0.913052 6.886026
0.912507 -0.034291 -0.407620 -6.726174 0.002325 0.996899 -0.078661 -1.252871 0.409054 0.070831 0.909757 7.150534
0.909504 -0.034838 -0.414233 -7.227078 0.003173 0.997035 -0.076887 -1.340700 0.415683 0.068615 0.906918 7.422948
0.905908 -0.034406 -0.422075 -7.695561 0.003838 0.997320 -0.073060 -1.432267 0.423458 0.064566 0.903612 7.711362
0.902020 -0.034037 -0.430350 -8.206030 0.005083 0.997655 -0.068252 -1.527218 0.431664 0.059378 0.900078 8.024810
0.899227 -0.033753 -0.436178 -8.819431 0.006228 0.997906 -0.064382 -1.617729 0.437438 0.055177 0.897554 8.338070
0.896130 -0.035618 -0.442361 -8.904169 0.008862 0.998012 -0.062406 -1.652929 0.443704 0.052004 0.894663 8.393609
0.894241 -0.035269 -0.446194 -8.987291 0.008768 0.998080 -0.061319 -1.672880 0.447500 0.050922 0.892833 8.454915
0.892529 -0.034790 -0.449646 -9.095713 0.008953 0.998190 -0.059460 -1.695344 0.450901 0.049044 0.891226 8.507587
0.890669 -0.034868 -0.453314 -9.165354 0.009452 0.998259 -0.058213 -1.715125 0.454554 0.047564 0.889448 8.549258
0.888652 -0.036135 -0.457157 -9.290626 0.010823 0.998266 -0.057869 -1.739939 0.458455 0.046477 0.887502 8.608405
0.887747 -0.038049 -0.458756 -9.455283 0.012926 0.998246 -0.057781 -1.768140 0.460150 0.045365 0.886682 8.692061
0.886774 -0.037811 -0.460654 -9.977209 0.011795 0.998175 -0.059224 -1.814928 0.462052 0.047085 0.885602 8.964443
0.886644 -0.037386 -0.460938 -10.526311 0.011948 0.998246 -0.057983 -1.890324 0.462297 0.045903 0.885536 9.270493
0.887938 -0.036023 -0.458549 -11.240593 0.011260 0.998332 -0.056625 -1.960491 0.459824 0.045116 0.886863 9.559615
0.887964 -0.039021 -0.458254 -11.839476 0.015112 0.998332 -0.055726 -2.053676 0.459664 0.042558 0.887072 9.872658
0.887819 -0.039798 -0.458469 -11.829039 0.015335 0.998259 -0.056958 -2.045994 0.459937 0.043537 0.886883 9.923499
0.887010 -0.042694 -0.459772 -11.856902 0.018629 0.998214 -0.056755 -2.072311 0.461375 0.041777 0.886221 9.996718
0.886322 -0.044487 -0.460928 -11.892857 0.021665 0.998268 -0.054688 -2.089119 0.462563 0.038485 0.885751 10.067490
0.885388 -0.043012 -0.462858 -11.831404 0.021984 0.998470 -0.050732 -2.097074 0.464332 0.034742 0.884979 10.129223
0.883494 -0.044579 -0.466316 -11.828119 0.026381 0.998617 -0.045484 -2.127078 0.467699 0.027883 0.883448 10.180426
0.880092 -0.045163 -0.472650 -11.795680 0.028280 0.998685 -0.042768 -2.151559 0.473960 0.024273 0.880212 10.270341
0.874078 -0.056018 -0.482545 -13.622381 0.039093 0.998219 -0.045068 -2.319237 0.484210 0.020528 0.874711 10.970872
0.869003 -0.059486 -0.491219 -14.278689 0.040961 0.997988 -0.048392 -2.389343 0.493109 0.021932 0.869691 11.292102
0.862951 -0.063824 -0.501241 -14.426261 0.047108 0.997832 -0.045954 -2.462619 0.503088 0.016043 0.864086 11.399848
0.858270 -0.058706 -0.509829 -14.455096 0.043699 0.998188 -0.041374 -2.455607 0.511334 0.013231 0.859280 11.493819
0.853288 -0.054717 -0.518561 -14.515128 0.041786 0.998456 -0.036595 -2.488580 0.519763 0.009558 0.854257 11.578556
0.848833 -0.056457 -0.525638 -14.628869 0.043141 0.998363 -0.037565 -2.517444 0.526898 0.009210 0.849879 11.669535
0.848942 -0.057200 -0.525381 -15.928204 0.041474 0.998270 -0.041669 -2.614572 0.526856 0.013585 0.849846 12.136786
0.845589 -0.060480 -0.530398 -16.096865 0.040847 0.997979 -0.048677 -2.644228 0.532270 0.019495 0.846350 12.241195
0.845260 -0.061047 -0.530857 -17.303133 0.041705 0.997959 -0.048357 -2.770922 0.532725 0.018734 0.846081 12.724673
0.840151 -0.062460 -0.538745 -17.271161 0.045522 0.997962 -0.044709 -2.785996 0.540439 0.013037 0.841282 12.791979
0.838110 -0.059474 -0.542249 -18.015556 0.045365 0.998194 -0.039366 -2.858341 0.543611 0.008394 0.839295 13.110012
0.835237 -0.058764 -0.546740 -18.747259 0.046111 0.998256 -0.036851 -2.924013 0.547953 0.005568 0.836491 13.431782
0.832096 -0.057086 -0.551686 -19.346444 0.043240 0.998339 -0.038085 -2.971400 0.552944 0.007836 0.833182 13.681705
0.830503 -0.057074 -0.554082 -20.344833 0.041948 0.998320 -0.039959 -3.057200 0.555432 0.009944 0.831503 14.082665
0.827026 -0.058568 -0.559104 -21.200037 0.041776 0.998211 -0.042771 -3.135011 0.560609 0.012015 0.827994 14.428935
0.823534 -0.058970 -0.564194 -22.038741 0.041189 0.998173 -0.044208 -3.195633 0.565770 0.013168 0.824458 14.766484
0.819160 -0.059573 -0.570463 -22.244204 0.042387 0.998159 -0.043371 -3.225926 0.571997 0.011348 0.820177 14.879182
0.814444 -0.060558 -0.577073 -23.138852 0.043886 0.998119 -0.042805 -3.315226 0.578580 0.009537 0.815570 15.260427
0.809677 -0.060755 -0.583722 -24.070648 0.042492 0.998085 -0.044942 -3.393580 0.585335 0.011585 0.810709 15.624538
0.804607 -0.060901 -0.590677 -24.822074 0.041344 0.998058 -0.046585 -3.461596 0.592367 0.013061 0.805563 15.953382
0.800145 -0.061979 -0.596596 -25.689944 0.042031 0.997996 -0.047310 -3.541078 0.598333 0.012779 0.801146 16.257526
0.796508 -0.065802 -0.601036 -26.764352 0.045926 0.997773 -0.048374 -3.642711 0.602881 0.010927 0.797757 16.513362
0.790892 -0.067581 -0.608213 -26.925241 0.047399 0.997663 -0.049219 -3.671067 0.610117 0.010099 0.792247 16.617852
0.785991 -0.066732 -0.614626 -27.070593 0.046173 0.997717 -0.049279 -3.685039 0.616511 0.010354 0.787278 16.695407
0.779966 -0.065984 -0.622334 -27.106704 0.046344 0.997786 -0.047709 -3.710106 0.624104 0.008370 0.781297 16.809557
0.775301 -0.065594 -0.628177 -27.259556 0.047335 0.997830 -0.045772 -3.746841 0.629816 0.005752 0.776723 16.863266
0.770093 -0.066773 -0.634428 -27.408019 0.049073 0.997761 -0.045447 -3.776230 0.636042 0.003865 0.771645 16.920722
0.765810 -0.067005 -0.639567 -27.627796 0.048587 0.997743 -0.046353 -3.802819 0.641229 0.004423 0.767337 16.999184
0.760847 -0.066975 -0.645466 -27.792019 0.048743 0.997748 -0.046071 -3.815067 0.647098 0.003591 0.762398 17.046077
0.758074 -0.067734 -0.648641 -28.093481 0.051650 0.997703 -0.043822 -3.855413 0.650120 -0.000282 0.759832 17.120797
0.753764 -0.067522 -0.653667 -29.054815 0.051589 0.997717 -0.043573 -3.944144 0.655117 -0.000879 0.755527 17.434931
0.749542 -0.068687 -0.658383 -30.136352 0.051538 0.997638 -0.045407 -4.018100 0.659947 0.000102 0.751312 17.781152
0.745385 -0.070022 -0.662946 -31.184000 0.049556 0.997537 -0.049644 -4.095224 0.664790 0.004151 0.747019 18.105109
0.739139 -0.096103 -0.666662 -37.464352 0.086981 0.995100 -0.047012 -4.717876 0.667913 -0.023239 0.743876 19.361387
0.734713 -0.097069 -0.671397 -38.325722 0.086728 0.995029 -0.048952 -4.786630 0.672811 -0.022263 0.739479 19.644822
0.730974 -0.096268 -0.675581 -39.466722 0.087157 0.995062 -0.047489 -4.886994 0.676817 -0.024168 0.735755 20.002226
0.726995 -0.094957 -0.680045 -40.538204 0.085234 0.995212 -0.047847 -4.967033 0.681333 -0.023179 0.731607 20.323003
0.722963 -0.097477 -0.683976 -41.655056 0.087198 0.994954 -0.049627 -5.058148 0.685362 -0.023763 0.727814 20.646290
0.719245 -0.097873 -0.687828 -42.773556 0.087020 0.994922 -0.050575 -5.142044 0.689285 -0.023480 0.724109 20.968427
0.716033 -0.098483 -0.691084 -43.899148 0.086659 0.994881 -0.051988 -5.228946 0.692666 -0.022664 0.720902 21.291844
0.712942 -0.098940 -0.694207 -45.013759 0.086697 0.994837 -0.052750 -5.322994 0.695843 -0.022577 0.717839 21.612231
0.709477 -0.101972 -0.697312 -46.173241 0.089199 0.994512 -0.054679 -5.425769 0.699061 -0.023406 0.714679 21.940961
0.706096 -0.108512 -0.699752 -47.738852 0.095445 0.993756 -0.057794 -5.563217 0.701654 -0.025980 0.712044 22.326829
0.701079 -0.110926 -0.704403 -49.141389 0.098138 0.993436 -0.058767 -5.697372 0.706298 -0.027928 0.707364 22.734329
0.695508 -0.116883 -0.708948 -50.316778 0.104464 0.992646 -0.061172 -5.800087 0.710884 -0.031514 0.702603 23.041503
0.687483 -0.120112 -0.716199 -51.533222 0.108041 0.992168 -0.062685 -5.912561 0.718119 -0.034284 0.695076 23.379295
0.679129 -0.120924 -0.723990 -52.784167 0.109903 0.991970 -0.062590 -6.038289 0.725745 -0.037061 0.686965 23.718361
0.670794 -0.119955 -0.731878 -54.018278 0.110911 0.991961 -0.060928 -6.164585 0.733303 -0.040304 0.678706 24.049397
0.662164 -0.119843 -0.739714 -55.386315 0.110856 0.991934 -0.061472 -6.300017 0.741114 -0.041297 0.670108 24.398107
0.654159 -0.121581 -0.746521 -56.640426 0.109988 0.991796 -0.065148 -6.419354 0.748317 -0.039491 0.662165 24.700216
0.646762 -0.124866 -0.752401 -57.876944 0.110714 0.991429 -0.069365 -6.537269 0.754614 -0.038438 0.655043 24.977349
0.639952 -0.127551 -0.757755 -59.115148 0.110913 0.991133 -0.073164 -6.640831 0.760369 -0.037223 0.648424 25.238855
0.628460 -0.127083 -0.767390 -60.523722 0.112343 0.991049 -0.072118 -6.799148 0.769687 -0.040888 0.637111 25.607405
0.619389 -0.127008 -0.774743 -61.863185 0.112797 0.990986 -0.072280 -6.942844 0.776939 -0.042620 0.628132 25.920940
0.608822 -0.127199 -0.783043 -63.272481 0.113039 0.990900 -0.073075 -7.092728 0.785212 -0.044025 0.617660 26.247780
0.599368 -0.129095 -0.789995 -64.573648 0.113117 0.990666 -0.076066 -7.234076 0.792440 -0.043771 0.608377 26.539418
0.590241 -0.130224 -0.796654 -65.894778 0.111573 0.990590 -0.079261 -7.368293 0.799479 -0.042102 0.599216 26.825548
0.581558 -0.131210 -0.802854 -67.293426 0.110922 0.990480 -0.081526 -7.531059 0.805907 -0.041643 0.590575 27.110819
0.572202 -0.131388 -0.809519 -68.661574 0.110306 0.990444 -0.082784 -7.692413 0.812660 -0.041926 0.581227 27.398120
0.563562 -0.129624 -0.815841 -70.137259 0.109600 0.990614 -0.081684 -7.860067 0.818771 -0.043382 0.572479 27.693452
0.555878 -0.127360 -0.821449 -71.494944 0.108540 0.990854 -0.080176 -8.019863 0.824147 -0.044592 0.564618 27.974749
0.549273 -0.127439 -0.825868 -72.724093 0.105695 0.990961 -0.082618 -8.137507 0.828932 -0.041911 0.557778 28.227814
0.542456 -0.130769 -0.829844 -74.224648 0.107615 0.990489 -0.085737 -8.309087 0.833163 -0.042794 0.551369 28.496594
0.534483 -0.133776 -0.834525 -75.509685 0.108352 0.990092 -0.089318 -8.451946 0.838205 -0.042684 0.543682 28.781309
0.529916 -0.136789 -0.836945 -76.997963 0.109433 0.989684 -0.092464 -8.631856 0.840959 -0.042591 0.539419 29.025092
0.524219 -0.140424 -0.839926 -78.460815 0.110111 0.989208 -0.096659 -8.805365 0.844434 -0.041815 0.534024 29.302987
0.515597 -0.139350 -0.845424 -79.724981 0.108909 0.989342 -0.096652 -8.975226 0.849882 -0.042240 0.525278 29.617169
0.509768 -0.137192 -0.849303 -81.352815 0.112673 0.989347 -0.092186 -9.209607 0.852902 -0.048700 0.519795 29.900043
0.506902 -0.137169 -0.851020 -82.752481 0.116991 0.989071 -0.089736 -9.390835 0.854028 -0.054074 0.517409 30.136417
0.502831 -0.136510 -0.853538 -84.259222 0.117407 0.989086 -0.089023 -9.561587 0.856374 -0.055448 0.513370 30.405802
0.500664 -0.136635 -0.854790 -85.690685 0.120601 0.988844 -0.087424 -9.759380 0.857199 -0.059319 0.511557 30.638785
0.496841 -0.135032 -0.857272 -86.970556 0.119375 0.989065 -0.086606 -9.898146 0.859592 -0.059307 0.507528 30.898811
0.496309 -0.138048 -0.857100 -89.095074 0.126260 0.988257 -0.086062 -10.152057 0.858916 -0.065504 0.507911 31.173277
0.499477 -0.127122 -0.856950 -88.152407 0.094893 0.991252 -0.091736 -9.909409 0.861115 -0.035498 0.507170 31.050151
0.497262 -0.128494 -0.858033 -89.839315 0.098557 0.990936 -0.091279 -10.096561 0.861984 -0.039175 0.505419 31.325022
0.494782 -0.127625 -0.859594 -91.342389 0.102092 0.990844 -0.088348 -10.300030 0.862999 -0.044044 0.503282 31.578196
0.493837 -0.127693 -0.860128 -92.746907 0.103096 0.990780 -0.087897 -10.452794 0.863421 -0.045269 0.502449 31.807199
0.493879 -0.128899 -0.859924 -94.181741 0.105285 0.990540 -0.088010 -10.636526 0.863133 -0.047071 0.502778 32.024921
0.489365 -0.129783 -0.862368 -95.640130 0.104948 0.990442 -0.089503 -10.797511 0.865741 -0.046704 0.498308 32.302006
0.491273 -0.130896 -0.861114 -97.073778 0.104181 0.990376 -0.091109 -10.969633 0.864753 -0.044952 0.500182 32.520955
0.490383 -0.131942 -0.861461 -98.482907 0.101939 0.990372 -0.093658 -11.132020 0.865525 -0.041889 0.499111 32.759224
0.493509 -0.131388 -0.859759 -99.894130 0.099999 0.990540 -0.093974 -11.312937 0.863973 -0.039598 0.501979 32.986672
0.497377 -0.131747 -0.857472 -101.319000 0.098187 0.990599 -0.095248 -11.491872 0.861960 -0.036818 0.505638 33.217231
0.502222 -0.132867 -0.854470 -102.674722 0.095799 0.990592 -0.097727 -11.640731 0.859416 -0.032776 0.510225 33.444905
0.506981 -0.132143 -0.851768 -103.994278 0.093702 0.990772 -0.097936 -11.803554 0.856849 -0.030160 0.514685 33.678461
0.515199 -0.130860 -0.847022 -105.305278 0.094453 0.990924 -0.095641 -11.991969 0.851850 -0.030730 0.522884 33.886480
0.525526 -0.130074 -0.840775 -106.590963 0.094581 0.991050 -0.094205 -12.165685 0.845504 -0.030014 0.533125 34.077343
0.534982 -0.129990 -0.834803 -107.870907 0.093885 0.991120 -0.094164 -12.306152 0.839631 -0.027999 0.542436 34.305827
0.545349 -0.129527 -0.828141 -109.162130 0.094443 0.991192 -0.092837 -12.477811 0.832871 -0.027583 0.552779 34.535516
0.555474 -0.130809 -0.821180 -110.363741 0.093698 0.991106 -0.094497 -12.620643 0.826238 -0.024452 0.562790 34.768521
0.564129 -0.134291 -0.814693 -111.727704 0.097563 0.990614 -0.095732 -12.814531 0.819902 -0.025479 0.571937 35.023774
0.575603 -0.133447 -0.806767 -112.940759 0.095396 0.990816 -0.095829 -12.985781 0.812145 -0.021803 0.583047 35.263901
0.586491 -0.131927 -0.799139 -114.073889 0.093592 0.991075 -0.094925 -13.123457 0.804530 -0.019120 0.593604 35.504249
0.598694 -0.130313 -0.790307 -115.192648 0.092986 0.991313 -0.093015 -13.261476 0.795562 -0.017800 0.605610 35.737243
0.610632 -0.127190 -0.781633 -116.204704 0.091455 0.991740 -0.089933 -13.391957 0.786616 -0.016568 0.617221 35.956575
0.620341 -0.126528 -0.774059 -117.116815 0.092063 0.991826 -0.088344 -13.522415 0.778910 -0.016459 0.626919 36.171230
0.627957 -0.128796 -0.767517 -118.090185 0.095545 0.991509 -0.088213 -13.646609 0.772361 -0.017938 0.634930 36.392944
0.635648 -0.129752 -0.760996 -118.423630 0.094843 0.991432 -0.089821 -13.694941 0.766131 -0.015080 0.642508 36.503590
0.642715 -0.130323 -0.754939 -118.745556 0.095119 0.991375 -0.090159 -13.734689 0.760177 -0.013863 0.649568 36.615704
0.648639 -0.133382 -0.749317 -119.107556 0.099478 0.990936 -0.090279 -13.781219 0.754567 -0.015982 0.656028 36.713893
0.653772 -0.129982 -0.745444 -119.005556 0.095870 0.991426 -0.088793 -13.783298 0.750594 -0.013415 0.660628 36.787262
0.658172 -0.128789 -0.741771 -118.879407 0.097156 0.991551 -0.085951 -13.750109 0.746573 -0.015497 0.665123 36.857479
0.663560 -0.127594 -0.737162 -118.705574 0.096786 0.991709 -0.084531 -13.732772 0.741836 -0.015255 0.670408 36.911284
0.669396 -0.125327 -0.732259 -118.718167 0.093025 0.992050 -0.084751 -13.735280 0.737059 -0.011387 0.675732 36.976338
0.673401 -0.123730 -0.728850 -118.455981 0.089624 0.992286 -0.085647 -13.707311 0.733825 -0.007648 0.679296 37.045307
0.678351 -0.125245 -0.723984 -118.580481 0.091914 0.992089 -0.085505 -13.699330 0.728966 -0.008542 0.684497 37.033546
0.678950 -0.132125 -0.722198 -118.414000 0.100985 0.991130 -0.086388 -13.682500 0.727206 -0.014278 0.686271 37.103130
0.682648 -0.127947 -0.719459 -118.341185 0.099255 0.991663 -0.082179 -13.684304 0.723975 -0.015310 0.689657 37.153193
0.685630 -0.121576 -0.717727 -117.988685 0.093903 0.992488 -0.078415 -13.680419 0.721869 -0.013634 0.691896 37.284370
0.689011 -0.120800 -0.714613 -117.873037 0.092438 0.992606 -0.078666 -13.689380 0.718832 -0.011855 0.695083 37.349705
0.694350 -0.119010 -0.709729 -118.012056 0.091034 0.992834 -0.077421 -13.721707 0.713857 -0.010852 0.700208 37.423096
0.697325 -0.114449 -0.707558 -117.731667 0.088332 0.993366 -0.073625 -13.732706 0.711291 -0.011160 0.702809 37.503238
0.699663 -0.107967 -0.706268 -117.372000 0.083536 0.994098 -0.069213 -13.737624 0.709573 -0.010573 0.704553 37.621184
0.704735 -0.105372 -0.701602 -117.354204 0.081540 0.994386 -0.067441 -13.750228 0.704769 -0.009681 0.709371 37.743224
0.708532 -0.105237 -0.697788 -116.927426 0.081490 0.994404 -0.067227 -13.789876 0.700958 -0.009230 0.713143 37.848875
0.715603 -0.104388 -0.690663 -117.216907 0.081735 0.994491 -0.065623 -13.792133 0.693709 -0.009491 0.720193 37.878127
0.721751 -0.101593 -0.684656 -116.940481 0.080877 0.994772 -0.062351 -13.805365 0.687411 -0.010371 0.726194 37.971034
0.729757 -0.101127 -0.676186 -117.165519 0.083681 0.994776 -0.058463 -13.841037 0.678566 -0.013920 0.734407 38.013359
0.738582 -0.098066 -0.666993 -117.372389 0.081742 0.995091 -0.055789 -13.885131 0.669190 -0.013317 0.742972 38.034479
0.742625 -0.096824 -0.662671 -116.518741 0.079940 0.995235 -0.055830 -13.838954 0.664919 -0.011513 0.746826 38.301579
0.750828 -0.099183 -0.653008 -116.484204 0.081834 0.995013 -0.057036 -13.854348 0.655408 -0.010614 0.755200 38.371466
0.751604 -0.099610 -0.652050 -115.370241 0.082606 0.994964 -0.056776 -13.761313 0.654422 -0.011190 0.756047 38.627005
0.752265 -0.097897 -0.651547 -114.436389 0.083399 0.995094 -0.053225 -13.690850 0.653561 -0.014299 0.756739 38.953316
0.752580 -0.099040 -0.651011 -113.192704 0.086625 0.994923 -0.051221 -13.566781 0.652778 -0.017846 0.757339 39.261235
0.753551 -0.096085 -0.650329 -111.804204 0.085650 0.995178 -0.047791 -13.438143 0.651786 -0.019688 0.758148 39.563181
0.753647 -0.097335 -0.650032 -110.914370 0.089947 0.994943 -0.044697 -13.348631 0.651096 -0.024783 0.758591 39.822959
0.753221 -0.093691 -0.651061 -110.543907 0.090344 0.995159 -0.038689 -13.342804 0.651534 -0.029678 0.758039 40.058032
0.753891 -0.093697 -0.650285 -109.552704 0.091862 0.995089 -0.036880 -13.232574 0.650546 -0.031932 0.758795 40.301140
0.754770 -0.088293 -0.650021 -108.637630 0.087215 0.995610 -0.033965 -13.156780 0.650166 -0.031056 0.759157 40.556462
0.754949 -0.089741 -0.649614 -107.774389 0.089529 0.995422 -0.033465 -13.070661 0.649643 -0.032895 0.759527 40.780066
0.755207 -0.091087 -0.649127 -106.909611 0.090813 0.995287 -0.034008 -12.952556 0.649166 -0.033266 0.759919 41.027953
0.761375 -0.090751 -0.641929 -106.818796 0.091112 0.995305 -0.032642 -12.946030 0.641877 -0.033634 0.766069 41.127723
0.761433 -0.095034 -0.641240 -106.047204 0.096276 0.994804 -0.033111 -12.838263 0.641054 -0.036524 0.766626 41.350565
0.763231 -0.099787 -0.638373 -105.342407 0.100264 0.994325 -0.035553 -12.728631 0.638298 -0.036871 0.768905 41.551223
0.768286 -0.100316 -0.632197 -105.515926 0.101382 0.994247 -0.034560 -12.740211 0.632027 -0.037541 0.774037 41.587657
0.772503 -0.097324 -0.627509 -105.745852 0.099266 0.994545 -0.032047 -12.779522 0.627205 -0.037534 0.777949 41.623367
0.773818 -0.096180 -0.626063 -105.287407 0.099989 0.994560 -0.029203 -12.739159 0.625466 -0.040002 0.779226 41.753810
0.778204 -0.091678 -0.621283 -105.414204 0.098511 0.994861 -0.023412 -12.779157 0.620236 -0.042984 0.783236 41.737205
0.780104 -0.091024 -0.618993 -105.148759 0.101471 0.994669 -0.018386 -12.768369 0.617366 -0.048467 0.785181 41.826650
0.782992 -0.088086 -0.615763 -104.801722 0.100066 0.994866 -0.015076 -12.740556 0.613930 -0.049813 0.787787 41.921323
0.785575 -0.084799 -0.612929 -104.460463 0.097820 0.995128 -0.012303 -12.671844 0.610986 -0.050291 0.790042 42.033913
0.789030 -0.078318 -0.609342 -104.225870 0.093017 0.995636 -0.007521 -12.670444 0.607272 -0.050745 0.792872 42.080769
0.790331 -0.077971 -0.607698 -103.771278 0.096163 0.995362 -0.002648 -12.636911 0.605086 -0.056345 0.794164 42.232045
0.792025 -0.079938 -0.605233 -103.341889 0.102371 0.994743 0.002582 -12.646102 0.601845 -0.064003 0.796045 42.374615
0.793911 -0.083538 -0.602268 -102.956815 0.106774 0.994279 0.002839 -12.582789 0.598585 -0.066561 0.798289 42.510706
0.796686 -0.086251 -0.598207 -102.538870 0.110514 0.993867 0.003883 -12.516017 0.594203 -0.069204 0.801332 42.631229
0.799777 -0.090319 -0.593463 -102.187407 0.114063 0.993470 0.002522 -12.484228 0.589360 -0.069709 0.804857 42.736561
0.804572 -0.093865 -0.586391 -101.959407 0.118861 0.992902 0.004150 -12.487661 0.581839 -0.073038 0.810018 42.805438
0.812471 -0.093915 -0.575387 -101.965500 0.117772 0.993032 0.004215 -12.547359 0.570982 -0.071189 0.817870 42.748933
0.820486 -0.090185 -0.564508 -101.553611 0.112943 0.993587 0.005424 -12.506359 0.560399 -0.068207 0.825410 42.756514
0.829836 -0.087351 -0.551128 -101.259722 0.113768 0.993411 0.013851 -12.515852 0.546287 -0.074195 0.834306 42.814834
0.839575 -0.086845 -0.536257 -100.978352 0.112720 0.993505 0.015582 -12.507072 0.531420 -0.073529 0.843911 42.777617
0.849275 -0.087005 -0.520733 -100.689778 0.112329 0.993522 0.017200 -12.513767 0.515863 -0.073101 0.853547 42.739186
0.857638 -0.080484 -0.507916 -99.831667 0.108301 0.993794 0.025395 -12.488565 0.502720 -0.076788 0.861032 42.808489
0.868935 -0.083898 -0.487764 -100.151426 0.111880 0.993314 0.028454 -12.564494 0.482115 -0.079296 0.872512 42.722262
0.878599 -0.079464 -0.470902 -100.054667 0.110599 0.993109 0.038769 -12.604796 0.464577 -0.086143 0.881333 42.825521
0.887853 -0.079091 -0.453278 -100.056352 0.111516 0.992734 0.045212 -12.627944 0.446408 -0.090690 0.890222 42.798607
0.896614 -0.077288 -0.436015 -100.268352 0.110967 0.992449 0.052270 -12.565922 0.428683 -0.095249 0.898420 43.174307
0.906544 -0.069806 -0.416299 -101.030963 0.103818 0.992809 0.059602 -12.566357 0.409144 -0.097251 0.907272 43.636050
0.914819 -0.073366 -0.397143 -101.771130 0.105689 0.992582 0.060090 -12.495798 0.389789 -0.096945 0.915787 44.120948
0.921591 -0.075376 -0.380773 -101.269130 0.107120 0.992258 0.062841 -12.476502 0.373088 -0.098702 0.922531 44.124080
0.927490 -0.074813 -0.366285 -100.589389 0.107062 0.991889 0.068508 -12.429737 0.358189 -0.102755 0.927977 44.138180
0.933681 -0.076820 -0.349769 -101.051574 0.109309 0.991243 0.074083 -12.418567 0.341015 -0.107402 0.933902 44.482095
0.940316 -0.077071 -0.331459 -101.566093 0.108875 0.990955 0.078450 -12.343706 0.322414 -0.109855 0.940203 44.912902
0.946923 -0.073827 -0.312869 -102.060519 0.104376 0.991150 0.082023 -12.247150 0.304044 -0.110325 0.946248 45.363143
0.953324 -0.075816 -0.292277 -102.556148 0.105038 0.990777 0.085599 -12.149598 0.283091 -0.112304 0.952495 45.715941
0.959344 -0.074210 -0.272309 -103.064389 0.101721 0.990884 0.088323 -12.049139 0.263272 -0.112432 0.958148 46.144971
0.964981 -0.071259 -0.252455 -103.552019 0.096799 0.991206 0.090222 -11.951978 0.243805 -0.111500 0.963393 46.585627
0.969831 -0.074091 -0.232246 -104.205944 0.097316 0.991159 0.090183 -11.757283 0.223511 -0.110063 0.968467 47.324212
0.974781 -0.073753 -0.210624 -104.899685 0.094496 0.991433 0.090169 -11.625091 0.202169 -0.107798 0.973400 47.891320
0.978800 -0.073031 -0.191353 -105.382889 0.091748 0.991630 0.090844 -11.474344 0.183117 -0.106475 0.977308 48.476167
0.981886 -0.074695 -0.174126 -105.592574 0.091315 0.991795 0.089466 -11.332572 0.166015 -0.103745 0.980651 48.939887
0.984995 -0.073254 -0.156267 -105.864500 0.087822 0.992201 0.088450 -11.212715 0.148569 -0.100847 0.983746 49.500223
0.987573 -0.074810 -0.138211 -106.294667 0.086997 0.992632 0.084340 -11.072235 0.130883 -0.095316 0.986805 50.125651
0.990291 -0.072730 -0.118467 -106.651370 0.082666 0.993261 0.081233 -10.965311 0.111761 -0.090238 0.989630 50.559417
0.992435 -0.070918 -0.100219 -106.912296 0.078933 0.993792 0.078410 -10.846459 0.094036 -0.085727 0.991871 51.065759
0.994244 -0.069764 -0.081317 -107.247593 0.076116 0.994058 0.077817 -10.736061 0.075405 -0.083559 0.993646 51.659710
0.995404 -0.071261 -0.063976 -107.436556 0.076331 0.993815 0.080655 -10.612674 0.057833 -0.085168 0.994687 52.247970
0.996266 -0.072971 -0.046143 -107.575111 0.076534 0.993783 0.080858 -10.490811 0.039956 -0.084087 0.995657 52.770539
0.996838 -0.074666 -0.027196 -107.774037 0.076594 0.993964 0.078544 -10.395281 0.021167 -0.080379 0.996540 53.327435
0.997136 -0.074803 -0.011107 -107.712537 0.075433 0.994254 0.075948 -10.315061 0.005362 -0.076568 0.997050 53.696434
0.997150 -0.075241 0.005626 -108.000481 0.074572 0.994135 0.078323 -10.312643 -0.011486 -0.077680 0.996912 53.853779
0.997099 -0.072547 0.023043 -107.955667 0.070462 0.994209 0.081140 -10.211081 -0.028796 -0.079281 0.996436 54.438912
0.996832 -0.068399 0.040599 -107.872926 0.064960 0.994619 0.080708 -10.078778 -0.045901 -0.077815 0.995911 55.058022
0.995838 -0.069141 0.059381 -107.797963 0.064387 0.994828 0.078555 -9.935665 -0.064506 -0.074405 0.995140 55.667628
0.994618 -0.069515 0.076833 -107.567704 0.063423 0.994849 0.079074 -9.797713 -0.081934 -0.073776 0.993903 56.341386
0.992571 -0.072177 0.097942 -107.911611 0.064722 0.994907 0.077273 -9.798407 -0.103020 -0.070360 0.992188 56.391552
0.990334 -0.071936 0.118594 -108.155389 0.063381 0.995213 0.074396 -9.768913 -0.123378 -0.066160 0.990152 56.536542
0.987688 -0.065647 0.141997 -107.914593 0.055706 0.995783 0.072887 -9.613850 -0.146183 -0.064079 0.987180 57.302964
0.983773 -0.062934 0.168018 -107.612241 0.051147 0.995977 0.073585 -9.465067 -0.171974 -0.063798 0.983034 58.023810
0.979076 -0.059531 0.194594 -107.238093 0.045839 0.996195 0.074127 -9.348543 -0.198266 -0.063656 0.978079 58.663710
0.973852 -0.057117 0.219888 -106.634241 0.041739 0.996387 0.073961 -9.234369 -0.223318 -0.062849 0.972717 59.219424
0.967549 -0.053128 0.247034 -106.190796 0.035951 0.996645 0.073534 -9.105365 -0.250111 -0.062267 0.966213 59.904360
0.960319 -0.054470 0.273533 -105.742741 0.035446 0.996627 0.074019 -8.989883 -0.276642 -0.061386 0.959010 60.495174
0.952419 -0.052597 0.300219 -105.238444 0.031757 0.996761 0.073882 -8.880741 -0.303133 -0.060832 0.951005 61.081506
0.943947 -0.054330 0.325596 -104.444019 0.032296 0.996830 0.072706 -8.761411 -0.328514 -0.058116 0.942710 61.735176
0.934804 -0.055141 0.350858 -103.754815 0.032438 0.997001 0.070261 -8.656924 -0.353680 -0.054299 0.933789 62.392680
0.925387 -0.055628 0.374919 -103.040056 0.032618 0.997189 0.067448 -8.549000 -0.377617 -0.050187 0.924601 62.977770
0.916181 -0.055422 0.396915 -101.987019 0.030933 0.997216 0.067842 -8.428087 -0.399570 -0.049878 0.915345 63.694620
0.907173 -0.054199 0.417252 -100.942852 0.028541 0.997312 0.067493 -8.305539 -0.419789 -0.049319 0.906281 64.287108
0.898016 -0.053128 0.436743 -99.978241 0.025948 0.997350 0.067969 -8.200676 -0.439196 -0.049705 0.897015 64.873818
0.887997 -0.054048 0.456662 -98.867130 0.025431 0.997321 0.068585 -8.077913 -0.459146 -0.049289 0.886992 65.586402
0.879107 -0.053270 0.473638 -97.818167 0.024117 0.997433 0.067418 -7.981330 -0.476014 -0.047845 0.878135 66.116034
0.869009 -0.051280 0.492131 -96.743370 0.022154 0.997650 0.064837 -7.856441 -0.494300 -0.045441 0.868103 66.717972
0.859203 -0.048500 0.509331 -95.688574 0.018935 0.997829 0.063074 -7.743276 -0.511285 -0.044549 0.858256 67.265856
0.848674 -0.048122 0.526723 -94.610259 0.017640 0.997874 0.062744 -7.626922 -0.528622 -0.043958 0.847718 67.807152
0.837679 -0.047243 0.544116 -93.518222 0.015062 0.997871 0.063452 -7.507513 -0.545955 -0.044957 0.836607 68.343156
0.826303 -0.045843 0.561358 -92.407833 0.011093 0.997813 0.065157 -7.401859 -0.563117 -0.047612 0.825004 68.839254
0.815008 -0.044752 0.577719 -91.253667 0.008135 0.997799 0.065816 -7.272693 -0.579393 -0.048941 0.813578 69.325416
0.803332 -0.042462 0.594016 -89.978593 0.003882 0.997807 0.066077 -7.156594 -0.595519 -0.050776 0.801735 69.835500
0.791154 -0.037412 0.610472 -88.643574 -0.002617 0.997911 0.064547 -7.041046 -0.611611 -0.052664 0.789404 70.347204
0.779731 -0.031703 0.625311 -87.255630 -0.010090 0.997951 0.063177 -6.950252 -0.626033 -0.055570 0.777814 70.828398
0.766549 -0.028518 0.641552 -85.940278 -0.016906 0.997771 0.064552 -6.858263 -0.641963 -0.060329 0.764358 71.277516
0.751933 -0.026542 0.658705 -84.561296 -0.023705 0.997454 0.067252 -6.763417 -0.658813 -0.066184 0.749390 71.742078
0.738308 -0.028579 0.673858 -83.108370 -0.025187 0.997237 0.069891 -6.661941 -0.673994 -0.068573 0.735548 72.169974
0.722542 -0.032328 0.690571 -81.673630 -0.025000 0.997031 0.072832 -6.546609 -0.690875 -0.069888 0.719588 72.635778
0.706733 -0.030974 0.706802 -80.253963 -0.030339 0.996795 0.074019 -6.444894 -0.706829 -0.073755 0.703529 73.053684
0.691751 -0.028852 0.721560 -78.684981 -0.037482 0.996420 0.075775 -6.344876 -0.721163 -0.079463 0.688193 73.476018
0.676979 -0.030148 0.735385 -77.235000 -0.037323 0.996469 0.075210 -6.236733 -0.735056 -0.078363 0.673463 73.860552
0.660829 -0.030541 0.749915 -75.736185 -0.037801 0.996549 0.073896 -6.116898 -0.749584 -0.077180 0.657394 74.249460
0.644185 -0.035406 0.764050 -74.133037 -0.031698 0.996834 0.072917 -5.989020 -0.764213 -0.071191 0.641023 74.662884
0.627660 -0.037908 0.777564 -72.473759 -0.032077 0.996706 0.074485 -5.884056 -0.777826 -0.071693 0.624377 75.024468
0.611424 -0.036884 0.790443 -71.291111 -0.034476 0.996723 0.073177 -5.787896 -0.790552 -0.071993 0.608149 75.307536
0.596354 -0.029465 0.802180 -69.894574 -0.041965 0.996815 0.067812 -5.700107 -0.801624 -0.074104 0.593218 75.566628
0.580246 -0.021222 0.814165 -68.349963 -0.045447 0.997259 0.058384 -5.608878 -0.813172 -0.070878 0.577691 75.917844
0.564009 -0.015127 0.825630 -66.876074 -0.049234 0.997437 0.051907 -5.539589 -0.824300 -0.069925 0.561819 76.238388
0.547401 -0.012057 0.836784 -65.868130 -0.053619 0.997336 0.049447 -5.516522 -0.835151 -0.071935 0.545296 76.462488
0.529969 -0.006869 0.847989 -65.297241 -0.060759 0.997090 0.046049 -5.460211 -0.845838 -0.075928 0.528009 76.612284
0.511893 0.000469 0.859049 -63.872093 -0.075744 0.996130 0.044591 -5.403554 -0.855703 -0.087893 0.509948 76.854042
0.493914 0.000398 0.869511 -62.195315 -0.076963 0.996095 0.043262 -5.320669 -0.866098 -0.088288 0.492015 77.183550
0.476824 0.003409 0.878992 -60.714389 -0.084896 0.995496 0.042192 -5.258031 -0.874889 -0.094742 0.474966 77.413536
0.461046 0.003626 0.887369 -59.129574 -0.087133 0.995344 0.041204 -5.210433 -0.883088 -0.096316 0.459216 77.642064
0.445478 0.002500 0.895289 -57.803056 -0.087788 0.995299 0.040902 -5.200711 -0.890979 -0.096816 0.443603 77.847804
0.427829 0.005970 0.903840 -55.990852 -0.089857 0.995305 0.035959 -5.136354 -0.899382 -0.096601 0.426357 78.153498
0.413571 0.006225 0.910451 -54.491574 -0.084198 0.995953 0.031437 -5.101980 -0.906570 -0.089660 0.412422 78.330348
0.395195 0.002581 0.918594 -54.447463 -0.080992 0.996200 0.032045 -5.072254 -0.915020 -0.087063 0.393902 78.447582
0.387397 -0.001050 0.921913 -52.360167 -0.081826 0.996013 0.035518 -5.058776 -0.918275 -0.089196 0.385766 78.501528
0.374341 -0.001163 0.927290 -50.531481 -0.089248 0.995312 0.037277 -5.001846 -0.922986 -0.096713 0.372482 78.689610
0.361574 -0.003596 0.932336 -48.967556 -0.091589 0.995019 0.039357 -4.971609 -0.927834 -0.099622 0.359444 78.858144
0.347036 -0.004176 0.937843 -49.003444 -0.089141 0.995316 0.037417 -4.921767 -0.933606 -0.096585 0.345038 78.985260
0.337114 -0.003558 0.941457 -48.918593 -0.090662 0.995223 0.036225 -4.939689 -0.937088 -0.097566 0.335181 79.012530
0.326541 -0.001348 0.945182 -48.928778 -0.095753 0.994807 0.034499 -4.919148 -0.940320 -0.101769 0.324717 79.082784
0.322057 0.001009 0.946720 -48.590222 -0.091357 0.995366 0.030017 -4.943054 -0.942302 -0.096157 0.320657 79.068636
0.317362 0.009550 0.948256 -46.817852 -0.094615 0.995279 0.021642 -4.920759 -0.943573 -0.096588 0.316767 79.233768
0.313060 0.012074 0.949657 -45.336778 -0.094611 0.995342 0.018534 -4.903006 -0.945009 -0.095651 0.312744 79.375410
0.309995 0.004810 0.950726 -43.770389 -0.096588 0.994973 0.026460 -4.884956 -0.945819 -0.100031 0.308901 79.512840
0.306004 -0.003988 0.952022 -42.476611 -0.095666 0.994801 0.034917 -4.853489 -0.947211 -0.101760 0.304032 79.662204
0.304576 -0.008090 0.952454 -40.998815 -0.094502 0.994773 0.038669 -4.822880 -0.947789 -0.101786 0.302220 79.799472
0.304070 -0.006216 0.952629 -39.676778 -0.093443 0.994962 0.036318 -4.789215 -0.948056 -0.100060 0.301957 79.934742
0.303109 -0.003562 0.952950 -38.285278 -0.094724 0.994928 0.033848 -4.751235 -0.948237 -0.100527 0.301234 80.073360
0.304724 -0.000575 0.952441 -36.983259 -0.095854 0.994904 0.031268 -4.722191 -0.947605 -0.100823 0.303116 80.199180
0.307293 0.000001 0.951615 -35.569148 -0.097142 0.994776 0.031367 -4.695983 -0.946644 -0.102081 0.305688 80.335152
0.310748 0.000459 0.950492 -34.356963 -0.094193 0.995092 0.030314 -4.670243 -0.945814 -0.098949 0.309266 80.455626
0.313535 0.002966 0.949572 -33.161667 -0.096568 0.994910 0.028777 -4.635667 -0.944654 -0.100721 0.312226 80.580204
0.316961 0.004010 0.948430 -31.816241 -0.097928 0.994785 0.028521 -4.607589 -0.943369 -0.101918 0.315701 80.722386
0.323435 0.003630 0.946244 -30.538111 -0.096427 0.994913 0.029143 -4.582213 -0.941325 -0.100670 0.322139 80.845452
0.327489 0.000208 0.944855 -29.145463 -0.092638 0.995189 0.031889 -4.549391 -0.940303 -0.097973 0.325933 81.026946
0.332236 -0.002547 0.943193 -27.773796 -0.088795 0.995471 0.033966 -4.514854 -0.939008 -0.095036 0.330504 81.188892
0.338866 -0.000984 0.940834 -26.424185 -0.088745 0.995507 0.033005 -4.477365 -0.936640 -0.094678 0.337256 81.322758
0.344828 -0.000408 0.938666 -25.171926 -0.090903 0.995285 0.033827 -4.441104 -0.934254 -0.096992 0.343166 81.467640
0.348231 -0.004295 0.937399 -24.841944 -0.084363 0.995788 0.035902 -4.425957 -0.933605 -0.091584 0.346402 81.529092
0.355686 -0.006130 0.934586 -24.118185 -0.084138 0.995708 0.038552 -4.434033 -0.930811 -0.092347 0.353643 81.510030
0.365577 -0.007105 0.930754 -23.360963 -0.083333 0.995705 0.040332 -4.430974 -0.927043 -0.092307 0.363415 81.480978
0.373244 -0.008684 0.927693 -22.767333 -0.079735 0.995956 0.041403 -4.431691 -0.924301 -0.089423 0.371042 81.499230
0.375927 -0.005984 0.926630 -21.862611 -0.079013 0.996130 0.038488 -4.363259 -0.923274 -0.087685 0.374000 81.691848
0.383734 -0.001530 0.923442 -20.939167 -0.084206 0.995774 0.036642 -4.352587 -0.919596 -0.091820 0.381984 81.724950
0.389977 0.000267 0.920824 -19.526537 -0.085108 0.995730 0.035755 -4.312181 -0.916883 -0.092314 0.388335 81.891702
0.395727 -0.000918 0.918368 -18.279765 -0.082040 0.995966 0.036347 -4.284094 -0.914697 -0.089726 0.394055 82.059966
0.401614 -0.000962 0.915808 -17.061420 -0.081345 0.996009 0.036719 -4.245772 -0.912189 -0.089243 0.399933 82.224234
0.407292 -0.003008 0.913293 -15.843778 -0.081168 0.995918 0.039478 -4.207154 -0.909684 -0.090209 0.405385 82.389150
0.413250 -0.003513 0.910611 -14.717791 -0.081355 0.995851 0.040762 -4.167417 -0.906976 -0.090928 0.411250 82.537164
0.418119 -0.004643 0.908380 -13.466248 -0.082670 0.995643 0.043142 -4.138022 -0.904623 -0.093134 0.415914 82.708776
