1.000000 0.000000 0.000000 0.000000 0.000000 1.000000 0.000000 0.000000 0.000000 0.000000 1.000000 0.000000
0.999920 -0.000004 -0.012615 -0.185102 0.000007 1.000000 0.000241 -0.003183 0.012615 -0.000242 0.999920 0.013405
0.999999 -0.001181 0.000453 -0.063821 0.001181 0.999999 0.000847 -0.010175 -0.000454 -0.000846 1.000000 0.011264
0.999759 0.002561 0.021792 -0.188031 -0.002585 0.999996 0.001043 -0.012936 -0.021789 -0.001099 0.999762 0.120046
0.998804 0.003553 0.048769 -0.385729 -0.003630 0.999992 0.001493 0.006464 -0.048763 -0.001668 0.998809 0.252642
0.996582 -0.000291 0.082612 -0.339786 -0.000041 0.999992 0.004019 -0.003590 -0.082612 -0.004008 0.996574 0.326839
0.992686 -0.003921 0.120663 -0.315526 0.002944 0.999961 0.008273 -0.051515 -0.120691 -0.007857 0.992659 0.396052
0.986998 -0.006732 0.160594 -0.386171 0.005290 0.999942 0.009404 -0.022582 -0.160648 -0.008432 0.986976 0.446864
0.978965 -0.010802 0.203741 -0.281699 0.008834 0.999905 0.010569 -0.043452 -0.203836 -0.008547 0.978968 0.557173
0.967783 -0.011602 0.251518 -0.124380 0.008199 0.999860 0.014576 0.018853 -0.251652 -0.012044 0.967743 0.715547
0.954167 -0.016539 0.298818 -0.098411 0.010466 0.999705 0.021912 0.021204 -0.299092 -0.017780 0.954059 0.788768
0.939156 -0.032587 0.341941 0.204880 0.022707 0.999202 0.032860 -0.068767 -0.342739 -0.023096 0.939147 0.904450
0.920076 -0.038990 0.389794 0.633094 0.024032 0.998778 0.043179 -0.121558 -0.391001 -0.030361 0.919889 1.033261
0.896613 -0.044912 0.440532 0.868506 0.024671 0.998365 0.051568 -0.171291 -0.442127 -0.035368 0.896255 1.138343
0.869734 -0.055675 0.490369 1.037029 0.031622 0.997861 0.057208 -0.193105 -0.492506 -0.034249 0.869635 1.193110
0.839930 -0.066610 0.538591 1.340043 0.036954 0.997155 0.065692 -0.231172 -0.541434 -0.035274 0.840003 1.275665
0.807130 -0.075377 0.585542 1.701955 0.041248 0.996592 0.071435 -0.230556 -0.588931 -0.033505 0.807489 1.356886
0.771443 -0.082498 0.630928 2.113891 0.044407 0.996122 0.075953 -0.210398 -0.634747 -0.030576 0.772115 1.446411
0.732522 -0.091846 0.674519 2.551081 0.049953 0.995438 0.081294 -0.225650 -0.678908 -0.025856 0.733768 1.575066
0.693801 -0.094784 0.713902 3.064141 0.050318 0.995259 0.083238 -0.159236 -0.718407 -0.021828 0.695280 1.679431
0.654377 -0.099871 0.749544 3.662041 0.049552 0.994773 0.089286 -0.147468 -0.754543 -0.021285 0.655905 1.806977
0.616670 -0.101850 0.780605 4.286113 0.048861 0.994635 0.091176 -0.077225 -0.785704 -0.018084 0.618339 1.903415
0.585328 -0.104832 0.803991 5.059798 0.048044 0.994348 0.094675 -0.021154 -0.809372 -0.016789 0.587056 1.936005
0.548125 -0.107081 0.829514 5.605576 0.044964 0.994109 0.098617 0.033668 -0.835187 -0.016756 0.549711 2.039938
0.512360 -0.103505 0.852510 6.210446 0.036646 0.994441 0.098713 0.133721 -0.857989 -0.019335 0.513305 2.145816
0.477098 -0.102379 0.872866 6.841896 0.031679 0.994550 0.099336 0.199460 -0.878279 -0.019742 0.477741 2.231012
0.452937 -0.100262 0.885887 7.752983 0.029890 0.994806 0.097307 0.292788 -0.891041 -0.017594 0.453582 2.259285
0.425650 -0.100404 0.899300 8.383702 0.034760 0.994906 0.094626 0.355600 -0.904220 -0.009018 0.426971 2.325778
0.401271 -0.098703 0.910626 9.103035 0.034190 0.995098 0.092794 0.427714 -0.915321 -0.006101 0.402678 2.410843
0.384831 -0.097285 0.917846 9.918020 0.032097 0.995239 0.092030 0.508684 -0.922429 -0.005956 0.386122 2.481667
0.372811 -0.099153 0.922594 10.543828 0.036300 0.995072 0.092274 0.560401 -0.927197 -0.000910 0.374573 2.534938
0.362254 -0.100629 0.926632 11.430826 0.036016 0.994924 0.093965 0.644358 -0.931383 -0.000666 0.364039 2.630939
0.355259 -0.101296 0.929263 12.405774 0.033889 0.994853 0.095490 0.743416 -0.934153 -0.002432 0.356864 2.708802
0.345858 -0.103110 0.932604 13.400089 0.033506 0.994667 0.097545 0.849050 -0.937689 -0.002489 0.347468 2.819159
0.337181 -0.104812 0.935587 14.379574 0.032762 0.994488 0.099603 0.941523 -0.940870 -0.002932 0.338756 2.921587
0.328394 -0.106649 0.938500 15.360143 0.031994 0.994291 0.101794 1.034546 -0.943999 -0.003403 0.329932 3.009780
0.318494 -0.107610 0.941797 16.351013 0.030595 0.994185 0.103249 1.131139 -0.947431 -0.004070 0.319934 3.111446
0.308457 -0.108978 0.944975 17.392433 0.029736 0.994035 0.104930 1.234740 -0.950773 -0.004267 0.309858 3.211895
0.300050 -0.111848 0.947344 18.519870 0.028513 0.993710 0.108292 1.340481 -0.953497 -0.005481 0.301351 3.304429
0.292324 -0.114710 0.949415 19.423852 0.037045 0.993393 0.108617 1.481352 -0.955602 0.003419 0.294642 3.361079
0.281574 -0.118522 0.952192 20.599574 0.035274 0.992950 0.113164 1.594481 -0.958891 0.001723 0.283769 3.456018
0.269974 -0.120278 0.955326 21.738630 0.033961 0.992739 0.115391 1.706086 -0.962269 0.001291 0.272098 3.547406
0.255412 -0.120250 0.959325 22.806000 0.033189 0.992741 0.115602 1.817584 -0.966263 0.002313 0.257549 3.637057
0.242625 -0.119322 0.962754 23.977111 0.031041 0.992854 0.115230 1.930833 -0.969623 0.001928 0.244595 3.733061
0.226662 -0.118304 0.966762 25.199500 0.029332 0.992975 0.114634 2.045606 -0.973532 0.002374 0.228539 3.822196
0.207282 -0.115677 0.971418 26.305815 0.026168 0.993285 0.112697 2.156828 -0.977931 0.002060 0.208917 3.888954
0.183556 -0.113803 0.976400 27.485296 0.020968 0.993503 0.111855 2.269765 -0.982786 -0.000058 0.184750 3.945076
0.155989 -0.113394 0.981228 28.713722 0.015770 0.993548 0.112310 2.382144 -0.987633 -0.002045 0.156771 3.992378
0.124183 -0.112675 0.985841 29.880815 0.012781 0.993631 0.111955 2.498189 -0.992177 -0.001303 0.124832 4.042350
0.091160 -0.111382 0.989588 31.008815 0.013295 0.993773 0.110629 2.620652 -0.995748 0.003072 0.092073 4.069611
0.058648 -0.109845 0.992217 32.133963 0.011973 0.993934 0.109327 2.729859 -0.998207 0.005468 0.059608 4.083823
0.027076 -0.108604 0.993716 33.242111 0.008593 0.994069 0.108409 2.825989 -0.999596 0.005603 0.027848 4.094179
-0.004785 -0.105051 0.994456 34.323426 0.005532 0.994449 0.105077 2.928954 -0.999973 0.006004 -0.004177 4.099688
-0.036584 -0.101838 0.994128 35.440722 0.006524 0.994749 0.102142 3.022476 -0.999309 0.010222 -0.035727 4.084132
-0.067603 -0.096573 0.993027 36.554056 0.010232 0.995185 0.097479 3.114535 -0.997660 0.016751 -0.066289 4.055116
-0.097894 -0.090911 0.991036 37.643741 0.014469 0.995584 0.092758 3.206115 -0.995092 0.023420 -0.096146 4.008167
-0.127167 -0.086196 0.988129 38.833037 0.019190 0.995817 0.089336 3.292150 -0.991696 0.030323 -0.124981 3.960614
-0.155282 -0.080683 0.984570 39.992074 0.026367 0.995965 0.085775 3.371607 -0.987518 0.039279 -0.152528 3.898660
-0.182353 -0.071216 0.980651 41.138370 0.030529 0.996483 0.078043 3.442239 -0.982759 0.044169 -0.179537 3.834705
-0.208862 -0.057000 0.976283 42.268056 0.032564 0.997341 0.065196 3.497261 -0.977403 0.045408 -0.206451 3.764413
-0.234141 -0.039703 0.971391 43.168815 0.031826 0.998317 0.048475 3.548898 -0.971681 0.042265 -0.232484 3.711803
-0.260431 -0.024556 0.965180 44.152315 0.030639 0.998963 0.033683 3.586526 -0.965006 0.038344 -0.259409 3.647159
-0.286726 -0.013690 0.957915 44.752852 0.034430 0.999105 0.024584 3.589554 -0.957394 0.040030 -0.285998 3.634827
-0.310667 -0.007787 0.950487 45.346630 0.037924 0.999069 0.020581 3.604165 -0.949762 0.042440 -0.310082 3.601122
-0.333569 -0.011148 0.942660 46.477648 0.038122 0.998953 0.025304 3.608154 -0.941955 0.044376 -0.332794 3.465330
-0.354211 -0.014287 0.935056 46.816944 0.043253 0.998563 0.031643 3.596131 -0.934165 0.051652 -0.353084 3.443121
-0.374644 -0.017536 0.927003 47.842093 0.048096 0.998107 0.038319 3.608774 -0.925921 0.058941 -0.373092 3.327183
-0.388024 -0.014421 0.921536 48.011389 0.056603 0.997617 0.039444 3.601359 -0.919910 0.067467 -0.386283 3.283569
-0.400295 -0.010710 0.916324 48.157019 0.060415 0.997448 0.038051 3.592493 -0.914393 0.070591 -0.398627 3.265629
-0.412056 -0.008398 0.911120 48.298741 0.060561 0.997494 0.036583 3.598226 -0.909144 0.070253 -0.410515 3.245824
-0.424628 -0.010302 0.905309 48.311407 0.052538 0.997970 0.035999 3.583246 -0.903842 0.062850 -0.423225 3.237387
-0.437015 -0.009975 0.899399 48.262500 0.055241 0.997753 0.037908 3.571672 -0.897756 0.066250 -0.435482 3.247070
-0.447179 -0.008078 0.894408 48.246759 0.059431 0.997481 0.038723 3.563119 -0.892468 0.070472 -0.445573 3.246944
-0.458546 -0.006472 0.888647 48.331111 0.061611 0.997336 0.039055 3.557815 -0.886532 0.072659 -0.456925 3.230082
-0.464983 -0.004055 0.885311 48.429259 0.063044 0.997299 0.037680 3.553009 -0.883072 0.073334 -0.463471 3.227813
-0.467321 -0.002660 0.884084 48.508556 0.063366 0.997323 0.036496 3.548613 -0.881814 0.073076 -0.465902 3.208976
-0.467718 -0.003687 0.883870 48.678833 0.064316 0.997198 0.038194 3.557789 -0.881535 0.074712 -0.466171 3.183910
-0.466395 -0.005360 0.884560 48.893389 0.062238 0.997305 0.038859 3.560400 -0.882384 0.073177 -0.464804 3.167453
-0.462950 -0.007225 0.886355 49.137463 0.060111 0.997409 0.039527 3.564428 -0.884344 0.071579 -0.461316 3.148934
-0.459733 -0.008496 0.888017 49.365815 0.057532 0.997569 0.039329 3.572533 -0.886192 0.069171 -0.458126 3.132538
-0.457278 -0.009668 0.889271 49.593000 0.057526 0.997525 0.040426 3.564970 -0.887461 0.069642 -0.455591 3.123495
-0.456601 -0.012339 0.889586 49.767815 0.052788 0.997766 0.040934 3.562994 -0.888104 0.065650 -0.454930 3.116720
-0.458690 -0.015991 0.888453 50.223093 0.047379 0.997976 0.042423 3.574539 -0.887333 0.061553 -0.457004 3.058593
-0.463072 -0.019363 0.886109 50.403481 0.042979 0.998095 0.044271 3.574757 -0.885278 0.058584 -0.461358 3.037236
-0.466888 -0.020971 0.884068 50.562889 0.041711 0.998084 0.045704 3.573363 -0.883333 0.058214 -0.465118 3.011768
-0.469117 -0.022197 0.882857 51.585611 0.039626 0.998148 0.046151 3.611385 -0.882247 0.056635 -0.467369 2.864850
-0.473007 -0.023225 0.880753 51.919407 0.038456 0.998156 0.046974 3.627572 -0.880219 0.056089 -0.471241 2.807026
-0.476891 -0.025214 0.878601 52.007222 0.038048 0.998059 0.049293 3.605759 -0.878139 0.056936 -0.475006 2.808866
-0.482699 -0.028259 0.875330 52.188611 0.033646 0.998143 0.050778 3.593030 -0.875140 0.053962 -0.480852 2.803917
-0.488240 -0.031433 0.872143 52.374704 0.029109 0.998209 0.052272 3.587567 -0.872224 0.050909 -0.486450 2.799818
-0.490468 -0.032739 0.870844 53.629648 0.029511 0.998097 0.054144 3.627509 -0.870959 0.052256 -0.488569 2.608845
-0.491356 -0.032466 0.870353 54.844019 0.029364 0.998119 0.053810 3.679537 -0.870463 0.051997 -0.489479 2.422140
-0.491671 -0.032851 0.870161 56.056185 0.029632 0.998078 0.054423 3.744504 -0.870277 0.052543 -0.489753 2.237882
-0.491300 -0.035229 0.870278 57.279093 0.028647 0.997987 0.056571 3.800943 -0.870519 0.052725 -0.489302 2.056362
-0.496322 -0.038368 0.867291 57.466667 0.026058 0.997914 0.059059 3.790889 -0.867748 0.051912 -0.494287 2.111950
-0.500034 -0.040788 0.865045 57.624111 0.022238 0.997956 0.059909 3.778289 -0.865720 0.049193 -0.498105 2.126565
-0.500637 -0.041620 0.864656 58.966296 0.021533 0.997936 0.060503 3.833515 -0.865390 0.048909 -0.498707 1.926853
-0.500770 -0.040968 0.864610 60.136667 0.022150 0.997946 0.060115 3.880443 -0.865297 0.049255 -0.498834 1.745618
-0.503008 -0.039349 0.863386 61.338833 0.020943 0.998115 0.057690 3.942335 -0.864028 0.047101 -0.501236 1.559295
-0.506999 -0.038624 0.861081 62.451630 0.017984 0.998304 0.055368 3.982215 -0.861759 0.043557 -0.505444 1.384449
-0.511843 -0.035440 0.858348 63.624870 0.017971 0.998488 0.051943 4.065772 -0.858891 0.042012 -0.510432 1.192166
-0.516698 -0.034847 0.855458 64.748889 0.021669 0.998319 0.053754 4.116791 -0.855894 0.046311 -0.515074 0.993817
-0.524522 -0.042824 0.850319 64.882259 0.012855 0.998222 0.058203 4.100713 -0.851300 0.041460 -0.523039 0.969259
-0.531096 -0.048025 0.845950 64.990278 0.004432 0.998221 0.059452 4.090257 -0.847300 0.035324 -0.529938 0.947019
-0.539944 -0.047468 0.840362 66.001426 -0.000782 0.998436 0.055895 4.155511 -0.841701 0.029522 -0.539136 0.790317
-0.549148 -0.046733 0.834418 67.287944 -0.001874 0.998502 0.054689 4.223880 -0.835723 0.028469 -0.548412 0.591762
-0.551949 -0.046584 0.832575 67.367926 -0.004884 0.998602 0.052636 4.207159 -0.833863 0.024987 -0.551405 0.547625
-0.559192 -0.046145 0.827753 68.614852 -0.007146 0.998681 0.050846 4.276126 -0.829008 0.022518 -0.558784 0.371784
-0.561698 -0.045772 0.826075 69.703130 -0.005351 0.998649 0.051695 4.317667 -0.827325 0.024617 -0.561184 0.156126
-0.563594 -0.051641 0.824437 70.765667 -0.004745 0.998230 0.059284 4.371100 -0.826039 0.029500 -0.562841 -0.050866
-0.566924 -0.060904 0.821516 71.909519 -0.006772 0.997574 0.069282 4.434402 -0.823743 0.033714 -0.565961 -0.266395
-0.567904 -0.059782 0.820921 72.927593 -0.002937 0.997500 0.070610 4.488969 -0.823090 0.037689 -0.566660 -0.469187
-0.570064 -0.054015 0.819822 74.085722 -0.000998 0.997881 0.065053 4.564709 -0.821599 0.036266 -0.568911 -0.696682
-0.570925 -0.045696 0.819730 75.152222 0.005580 0.998211 0.059532 4.593959 -0.820983 0.038562 -0.569648 -0.911869
-0.572435 -0.043490 0.818796 76.253315 0.006186 0.998335 0.057351 4.677220 -0.819927 0.037895 -0.571213 -1.130595
-0.575443 -0.045025 0.816602 77.371741 0.005605 0.998243 0.058989 4.730165 -0.817823 0.038521 -0.574179 -1.336617
-0.574972 -0.047215 0.816810 78.426481 0.008705 0.997924 0.063811 4.748711 -0.818127 0.043800 -0.573367 -1.559685
-0.575525 -0.059811 0.815594 79.706556 -0.013962 0.997895 0.063327 4.915670 -0.817665 0.025059 -0.575148 -1.789038
-0.574105 -0.066567 0.816071 80.759704 -0.018637 0.997494 0.068255 4.977587 -0.818569 0.023977 -0.573907 -2.003102
-0.573213 -0.073265 0.816125 81.922944 -0.028012 0.997165 0.069842 5.032728 -0.818928 0.017173 -0.573640 -2.228228
-0.569076 -0.076100 0.818756 82.900796 -0.033249 0.997023 0.069560 5.110635 -0.821612 0.012362 -0.569913 -2.419515
-0.572703 -0.070153 0.816755 84.114463 -0.017149 0.997139 0.073621 5.142267 -0.819583 0.028156 -0.572268 -2.631095
-0.570298 -0.067419 0.818667 85.160519 -0.014848 0.997309 0.071788 5.209172 -0.821304 0.028785 -0.569765 -2.842299
-0.565867 -0.064514 0.821969 86.222037 -0.013577 0.997528 0.068947 5.289924 -0.824385 0.027855 -0.565344 -3.048729
-0.559452 -0.062390 0.826511 87.277222 -0.009094 0.997565 0.069147 5.359054 -0.828813 0.031168 -0.558657 -3.253274
-0.552492 -0.058208 0.831483 88.333537 0.001553 0.997485 0.070861 5.402163 -0.833516 0.040442 -0.551012 -3.454072
-0.544429 -0.061116 0.836577 89.486222 -0.003569 0.997502 0.070550 5.484287 -0.838799 0.035424 -0.543287 -3.661012
-0.533695 -0.063859 0.843263 90.534963 -0.007382 0.997459 0.070864 5.567085 -0.845645 0.031594 -0.532810 -3.848843
-0.521654 -0.066096 0.850593 91.541796 -0.006082 0.997257 0.073763 5.639757 -0.853136 0.033305 -0.520625 -4.031784
-0.512087 -0.066447 0.856360 92.722037 -0.003319 0.997149 0.075387 5.701324 -0.858927 0.035762 -0.510847 -4.225300
-0.500115 -0.068021 0.863283 93.832556 -0.008145 0.997236 0.073857 5.787069 -0.865921 0.029906 -0.499287 -4.401905
-0.488740 -0.065868 0.869940 94.926222 -0.006999 0.997410 0.071588 5.877828 -0.872402 0.028899 -0.487935 -4.572811
-0.478608 -0.064721 0.875640 96.043944 -0.013445 0.997703 0.066394 5.954548 -0.877926 0.020004 -0.478379 -4.731583
-0.468267 -0.056511 0.881778 97.274426 -0.008639 0.998198 0.059385 6.007826 -0.883545 0.020190 -0.467911 -4.910579
-0.454399 -0.048755 0.889463 98.267185 -0.006369 0.998653 0.051486 6.095298 -0.890776 0.017730 -0.454097 -5.055458
-0.444698 -0.055022 0.893989 99.428963 -0.022609 0.998483 0.050207 6.222489 -0.895395 0.002115 -0.445267 -5.207550
-0.434509 -0.061061 0.898595 100.599778 -0.028383 0.998132 0.054101 6.278711 -0.900220 -0.001997 -0.435431 -5.367257
-0.424498 -0.058882 0.903512 101.692019 -0.026208 0.998264 0.052744 6.311933 -0.905050 -0.001289 -0.425304 -5.514669
-0.418413 -0.055063 0.906586 102.838296 -0.034510 0.998404 0.044712 6.374663 -0.907601 -0.012578 -0.419646 -5.658341
-0.413624 -0.052199 0.908950 103.997000 -0.040272 0.998427 0.039012 6.381330 -0.909557 -0.020469 -0.415075 -5.802727
-0.411555 -0.050084 0.910008 105.167333 -0.040798 0.998500 0.036504 6.410124 -0.910471 -0.022103 -0.412981 -5.942284
-0.408865 -0.051822 0.911122 106.351667 -0.044618 0.998328 0.036760 6.441444 -0.911504 -0.025623 -0.410494 -6.088646
-0.405025 -0.051547 0.912852 106.486981 -0.046872 0.998267 0.035573 6.447419 -0.913104 -0.028379 -0.406739 -6.134994
-0.398875 -0.055607 0.915318 106.639444 -0.050219 0.997986 0.038746 6.446285 -0.915629 -0.030511 -0.400865 -6.194777
-0.397409 -0.062593 0.915504 106.840019 -0.061730 0.997235 0.041385 6.460415 -0.915563 -0.040067 -0.400174 -6.230882
-0.391279 -0.065604 0.917931 107.121426 -0.065768 0.996899 0.043213 6.466587 -0.917919 -0.043462 -0.394381 -6.309846
-0.384590 -0.069769 0.920447 107.408704 -0.083254 0.995697 0.040687 6.489137 -0.919326 -0.060983 -0.388744 -6.392612
-0.378375 -0.071360 0.922897 107.725796 -0.093627 0.994861 0.038538 6.498883 -0.920905 -0.071827 -0.383112 -6.472105
-0.373013 -0.067351 0.925378 108.802889 -0.092571 0.995087 0.035110 6.531502 -0.923196 -0.072566 -0.377415 -6.594772
-0.365143 -0.063543 0.928781 109.560519 -0.093328 0.995140 0.031392 6.556178 -0.926262 -0.075219 -0.369299 -6.703625
-0.359747 -0.065576 0.930743 110.688685 -0.095378 0.994886 0.033230 6.593952 -0.928162 -0.076818 -0.364162 -6.821933
-0.353114 -0.069710 0.932980 111.754019 -0.094752 0.994757 0.038464 6.615087 -0.930770 -0.074820 -0.357868 -6.935069
-0.347426 -0.072428 0.934906 112.814074 -0.099950 0.994193 0.039878 6.652169 -0.932365 -0.079589 -0.352648 -7.036200
-0.341577 -0.070776 0.937185 113.984593 -0.105261 0.993768 0.036685 6.687850 -0.933941 -0.086118 -0.346899 -7.151479
-0.336285 -0.069010 0.939229 115.160000 -0.104568 0.993881 0.035586 6.707617 -0.935937 -0.086246 -0.341444 -7.265576
-0.329852 -0.068403 0.941551 116.294056 -0.106002 0.993748 0.035059 6.735637 -0.938062 -0.088242 -0.335041 -7.374186
-0.325651 -0.070169 0.942883 117.539241 -0.108295 0.993447 0.036530 6.776589 -0.939268 -0.090213 -0.331116 -7.482364
-0.317082 -0.069507 0.945848 117.650833 -0.102819 0.993952 0.038574 6.771774 -0.942808 -0.085020 -0.322310 -7.514062
-0.310749 -0.068285 0.948036 118.861185 -0.097299 0.994462 0.039736 6.793519 -0.945499 -0.079895 -0.315672 -7.625021
-0.305729 -0.065872 0.949837 120.055722 -0.095109 0.994727 0.038371 6.858644 -0.947356 -0.078607 -0.310382 -7.728491
-0.300439 -0.068567 0.951333 120.236759 -0.106343 0.993602 0.038029 6.878559 -0.947854 -0.089742 -0.305808 -7.748330
-0.294026 -0.069300 0.953282 120.438481 -0.108048 0.993385 0.038889 6.880643 -0.949671 -0.091565 -0.299569 -7.775444
-0.291410 -0.069406 0.954077 121.542204 -0.106535 0.993515 0.039736 6.917235 -0.950647 -0.090063 -0.296915 -7.866968
-0.288158 -0.068983 0.955095 122.746519 -0.106026 0.993568 0.039773 6.960628 -0.951695 -0.089804 -0.293619 -7.969201
-0.283124 -0.067263 0.956722 124.143593 -0.104460 0.993766 0.038955 7.007500 -0.953378 -0.088910 -0.288385 -8.092364
-0.278703 -0.068200 0.957953 125.118333 -0.099547 0.994154 0.041815 7.031711 -0.955204 -0.083707 -0.283863 -8.169077
-0.274813 -0.068894 0.959026 126.409241 -0.091426 0.994783 0.045264 7.069276 -0.957141 -0.075241 -0.279678 -8.282736
-0.269143 -0.069425 0.960595 127.463593 -0.089867 0.994857 0.046722 7.092757 -0.958898 -0.073751 -0.273998 -8.369044
-0.265228 -0.067882 0.961793 128.715907 -0.091315 0.994803 0.045030 7.136776 -0.959852 -0.075883 -0.270049 -8.465936
-0.261997 -0.065991 0.962810 129.899148 -0.093143 0.994731 0.042833 7.181835 -0.960563 -0.078457 -0.266764 -8.554653
-0.259914 -0.066087 0.963368 130.977352 -0.095817 0.994497 0.042371 7.215483 -0.960866 -0.081294 -0.264816 -8.637376
-0.260167 -0.066865 0.963246 132.125204 -0.096468 0.994408 0.042973 7.259935 -0.960733 -0.081743 -0.265162 -8.716275
-0.260451 -0.069606 0.962974 133.257148 -0.094140 0.994476 0.046422 7.316770 -0.960886 -0.078564 -0.265566 -8.801406
-0.259391 -0.074199 0.962918 134.350481 -0.094813 0.994184 0.051067 7.351776 -0.961107 -0.078051 -0.264918 -8.885122
-0.259778 -0.076968 0.962596 135.578704 -0.097783 0.993792 0.053073 7.399743 -0.960705 -0.080338 -0.265691 -8.973785
-0.259519 -0.072714 0.962997 136.742889 -0.099016 0.993910 0.048364 7.443572 -0.960649 -0.082801 -0.265138 -9.057290
-0.259725 -0.068974 0.963216 137.815667 -0.099877 0.994016 0.044248 7.486222 -0.960504 -0.084711 -0.265060 -9.136687
-0.258421 -0.066972 0.963708 138.877593 -0.091238 0.994827 0.044669 7.490383 -0.961714 -0.076384 -0.263194 -9.224966
-0.259688 -0.068187 0.963282 140.089185 -0.097983 0.994217 0.043962 7.549600 -0.960709 -0.082969 -0.264867 -9.309659
-0.259598 -0.066678 0.963412 141.224037 -0.094510 0.994579 0.043369 7.580054 -0.961081 -0.079794 -0.264492 -9.396373
-0.258303 -0.065626 0.963832 142.336944 -0.102196 0.993948 0.040289 7.613335 -0.960643 -0.088093 -0.263447 -9.479565
-0.259742 -0.064830 0.963500 143.497481 -0.114477 0.992776 0.035939 7.668413 -0.958869 -0.100964 -0.265287 -9.552330
-0.258269 -0.064953 0.963887 144.608815 -0.125766 0.991507 0.033115 7.702109 -0.957852 -0.112671 -0.264245 -9.633881
-0.258282 -0.061371 0.964118 145.710074 -0.121037 0.992172 0.030732 7.712272 -0.958457 -0.108757 -0.263689 -9.720497
-0.256474 -0.057744 0.964825 146.740778 -0.112526 0.993210 0.029530 7.732487 -0.959979 -0.100994 -0.261230 -9.807955
-0.256828 -0.058663 0.964675 147.843870 -0.124119 0.991892 0.027273 7.753211 -0.958454 -0.112729 -0.262027 -9.872609
-0.256445 -0.056775 0.964890 148.824019 -0.114409 0.993038 0.028024 7.783606 -0.959764 -0.103206 -0.261156 -9.950839
-0.255066 -0.060455 0.965032 150.000704 -0.112087 0.993164 0.032591 7.798363 -0.960405 -0.099854 -0.260099 -10.036607
-0.253738 -0.064889 0.965094 151.037852 -0.107579 0.993450 0.038512 7.812993 -0.961272 -0.094052 -0.259056 -10.115426
-0.251497 -0.065116 0.965665 152.062926 -0.106909 0.993498 0.039149 7.845646 -0.961936 -0.093392 -0.256823 -10.189093
-0.246512 -0.062010 0.967154 153.276741 -0.108430 0.993450 0.036059 7.857700 -0.963055 -0.095979 -0.251622 -10.279408
-0.241781 -0.059305 0.968517 153.598593 -0.112308 0.993133 0.032775 7.884852 -0.963810 -0.100848 -0.246781 -10.310506
-0.234442 -0.058234 0.970384 154.680093 -0.113707 0.992995 0.032120 7.927320 -0.965457 -0.102809 -0.239421 -10.383125
-0.224904 -0.060890 0.972477 155.760926 -0.113399 0.992899 0.035943 7.967054 -0.967760 -0.102194 -0.230212 -10.456592
-0.214203 -0.062758 0.974771 156.857907 -0.107803 0.993356 0.040265 7.977393 -0.970822 -0.096459 -0.219545 -10.525156
-0.201395 -0.058818 0.977743 157.879407 -0.102190 0.994010 0.038748 8.010835 -0.974165 -0.092112 -0.206199 -10.584632
-0.188175 -0.058241 0.980407 158.964926 -0.102244 0.993978 0.039423 8.042376 -0.976799 -0.092822 -0.192997 -10.643567
-0.175486 -0.057056 0.982827 159.658630 -0.099401 0.994244 0.039971 8.065852 -0.979451 -0.090679 -0.180147 -10.681600
-0.162754 -0.055843 0.985085 160.697204 -0.098636 0.994317 0.040069 8.092496 -0.981724 -0.090644 -0.167337 -10.730065
-0.149171 -0.048900 0.987602 161.572167 -0.098886 0.994507 0.034306 8.111446 -0.983854 -0.092542 -0.153187 -10.767368
-0.135664 -0.036950 0.990066 162.588704 -0.106660 0.994041 0.022483 8.171894 -0.984997 -0.102550 -0.138796 -10.803127
-0.122380 -0.029622 0.992041 163.588370 -0.105735 0.994255 0.016645 8.176550 -0.986835 -0.102857 -0.124809 -10.833178
-0.109521 -0.028324 0.993581 164.577296 -0.105742 0.994254 0.016687 8.196248 -0.988344 -0.103235 -0.111887 -10.862305
-0.097657 -0.029995 0.994768 165.567611 -0.107384 0.994028 0.019431 8.220159 -0.989410 -0.104925 -0.100295 -10.885606
-0.086941 -0.031729 0.995708 166.554463 -0.110919 0.993586 0.021976 8.230465 -0.990019 -0.108533 -0.089903 -10.904571
-0.078766 -0.027035 0.996526 167.614537 -0.113541 0.993371 0.017975 8.219591 -0.990406 -0.111731 -0.081313 -10.920841
-0.072767 -0.019542 0.997158 168.639519 -0.117014 0.993070 0.010923 8.230856 -0.990461 -0.115886 -0.074549 -10.936220
-0.069443 -0.014802 0.997476 169.581315 -0.117769 0.993020 0.006537 8.257746 -0.990610 -0.117018 -0.070701 -10.951092
-0.070215 -0.019147 0.997348 170.594352 -0.121030 0.992593 0.010535 8.259874 -0.990162 -0.119969 -0.072012 -10.963588
-0.072127 -0.023173 0.997127 171.614241 -0.125951 0.991938 0.013942 8.253485 -0.989411 -0.124584 -0.074464 -10.979939
-0.075303 -0.026241 0.996816 172.664241 -0.126555 0.991822 0.016549 8.255517 -0.989097 -0.124905 -0.078008 -11.000853
-0.066280 -0.022853 0.997539 173.774389 -0.114353 0.993325 0.015158 8.265343 -0.991227 -0.113067 -0.068451 -11.071064
-0.047924 -0.024309 0.998555 174.934556 -0.103022 0.994493 0.019265 8.216713 -0.993524 -0.101950 -0.050164 -11.175932
-0.052143 -0.020557 0.998428 175.831741 -0.100393 0.994831 0.015240 8.264483 -0.993581 -0.099441 -0.053937 -11.184971
-0.057638 -0.021392 0.998108 176.890315 -0.103539 0.994507 0.015336 8.266952 -0.992954 -0.102459 -0.059536 -11.202646
-0.063326 -0.021416 0.997763 177.927389 -0.102229 0.994650 0.014861 8.288461 -0.992743 -0.101059 -0.065176 -11.220244
-0.069531 -0.023635 0.997300 178.965870 -0.102069 0.994641 0.016456 8.296228 -0.992344 -0.100649 -0.071571 -11.241013
-0.075428 -0.023420 0.996876 180.002407 -0.102283 0.994633 0.015628 8.301006 -0.991892 -0.100784 -0.077419 -11.261630
-0.081444 -0.020540 0.996466 180.861019 -0.104215 0.994483 0.011981 8.316915 -0.991215 -0.102871 -0.083135 -11.276496
-0.086012 -0.018715 0.996118 181.871370 -0.106969 0.994217 0.009443 8.308057 -0.990535 -0.105742 -0.087516 -11.296508
-0.089083 -0.016450 0.995888 182.908852 -0.107927 0.994136 0.006767 8.310104 -0.990160 -0.106880 -0.090336 -11.320074
-0.090977 -0.013906 0.995756 183.869074 -0.104227 0.994544 0.004366 8.310987 -0.990384 -0.103387 -0.091930 -11.342716
-0.090955 -0.014559 0.995749 184.819667 -0.102677 0.994701 0.005165 8.314722 -0.990548 -0.101771 -0.091968 -11.367308
-0.087997 -0.018294 0.995953 185.816481 -0.100566 0.994886 0.009388 8.304598 -0.991031 -0.099333 -0.089387 -11.389961
-0.080846 -0.017415 0.996575 186.765741 -0.099599 0.994984 0.009307 8.306270 -0.991738 -0.098505 -0.082175 -11.408515
-0.070820 -0.016847 0.997347 187.686481 -0.099056 0.995034 0.009775 8.292283 -0.992559 -0.098101 -0.072137 -11.422409
-0.056452 -0.015694 0.998282 188.633333 -0.098316 0.995104 0.010084 8.300189 -0.993553 -0.097578 -0.057718 -11.437729
-0.042371 -0.018194 0.998936 189.584630 -0.099100 0.994980 0.013918 8.302970 -0.994175 -0.098405 -0.043962 -11.442778
-0.026132 -0.023688 0.999378 190.520926 -0.102149 0.994549 0.020902 8.294735 -0.994426 -0.101540 -0.028409 -11.441601
-0.009532 -0.030601 0.999486 191.461296 -0.101386 0.994410 0.029478 8.300513 -0.994802 -0.101053 -0.012581 -11.440219
0.007017 -0.037641 0.999267 192.357222 -0.101723 0.994081 0.038160 8.311087 -0.994788 -0.101916 0.003147 -11.434090
0.025340 -0.044056 0.998708 193.187963 -0.100430 0.993862 0.046390 8.328761 -0.994621 -0.101476 0.020760 -11.428954
0.041444 -0.050682 0.997855 194.132222 -0.103533 0.993119 0.054741 8.351130 -0.993762 -0.105580 0.035911 -11.408261
0.058906 -0.052750 0.996869 195.016481 -0.101399 0.993122 0.058543 8.377948 -0.993100 -0.104530 0.053152 -11.388087
0.075620 -0.054927 0.995623 195.980926 -0.097101 0.993331 0.062175 8.419850 -0.992398 -0.101377 0.069782 -11.359953
0.093022 -0.056676 0.994050 196.900370 -0.096031 0.993213 0.065615 8.455407 -0.991022 -0.101563 0.086948 -11.330329
0.109807 -0.057893 0.992266 197.778333 -0.097725 0.992837 0.068741 8.499933 -0.989137 -0.104517 0.103363 -11.298020
0.123788 -0.059932 0.990497 198.532222 -0.097899 0.992567 0.072292 8.548444 -0.987468 -0.105917 0.117001 -11.266371
0.135475 -0.063261 0.988759 199.250185 -0.093907 0.992647 0.076376 8.590544 -0.986320 -0.103198 0.128538 -11.236536
0.146048 -0.066395 0.987047 200.155370 -0.090580 0.992657 0.080175 8.627843 -0.985122 -0.101116 0.138962 -11.192315
0.155003 -0.059941 0.986094 200.947222 -0.097335 0.992375 0.075623 8.698474 -0.983107 -0.107703 0.147987 -11.148392
0.163674 -0.053203 0.985079 201.722222 -0.100464 0.992454 0.070293 8.735367 -0.981386 -0.110471 0.157094 -11.103280
0.172512 -0.044269 0.984012 202.522222 -0.098076 0.993253 0.061879 8.780937 -0.980113 -0.107183 0.167007 -11.055695
0.179344 -0.036790 0.983098 203.218889 -0.095003 0.993982 0.054528 8.826659 -0.979189 -0.103177 0.174770 -11.012868
0.184917 -0.037269 0.982047 204.012407 -0.094748 0.993950 0.055561 8.891352 -0.978176 -0.103321 0.180267 -10.961266
0.190572 -0.044892 0.980646 204.848704 -0.095382 0.993380 0.064011 8.935713 -0.977028 -0.105735 0.185029 -10.904744
0.195937 -0.056020 0.979015 205.611111 -0.098579 0.992184 0.076503 8.969483 -0.975649 -0.111500 0.188884 -10.859881
0.197782 -0.061394 0.978321 206.309074 -0.100964 0.991453 0.082629 9.020744 -0.975032 -0.115118 0.189893 -10.812415
0.198651 -0.064081 0.977973 207.015185 -0.095248 0.991874 0.084339 9.049867 -0.975431 -0.109904 0.190933 -10.773626
0.199647 -0.062650 0.977863 207.659444 -0.091886 0.992359 0.082339 9.071957 -0.975550 -0.106291 0.192364 -10.734687
0.201909 -0.062413 0.977414 208.187963 -0.088462 0.992726 0.081665 9.114433 -0.975401 -0.102953 0.194919 -10.725237
0.205750 -0.066661 0.976332 208.519630 -0.086673 0.992515 0.086031 9.111330 -0.974759 -0.102323 0.198432 -10.740659
0.209569 -0.069820 0.975298 208.754630 -0.086390 0.992224 0.089596 9.112359 -0.973970 -0.103033 0.201908 -10.760980
0.214942 -0.076421 0.973632 209.257593 -0.084614 0.991728 0.096521 9.124661 -0.972955 -0.103130 0.206698 -10.754300
0.221257 -0.080549 0.971884 209.683148 -0.079017 0.991826 0.100190 9.140739 -0.972009 -0.098963 0.213083 -10.754359
0.229228 -0.081199 0.969980 210.102963 -0.078498 0.991726 0.101570 9.177481 -0.970202 -0.099425 0.220958 -10.758371
0.240838 -0.087500 0.966613 210.737963 -0.071060 0.991665 0.107473 9.199313 -0.967961 -0.094571 0.232613 -10.752502
0.254619 -0.090776 0.962772 211.381667 -0.062657 0.991944 0.110097 9.241335 -0.965010 -0.088357 0.246880 -10.751616
0.266619 -0.090845 0.959511 212.122407 -0.059515 0.992096 0.110467 9.307770 -0.961963 -0.086558 0.259105 -10.690115
0.277860 -0.085612 0.956799 212.820185 -0.060921 0.992445 0.106493 9.387589 -0.958688 -0.087879 0.270545 -10.626736
0.290629 -0.081542 0.953355 213.500556 -0.060808 0.992774 0.103451 9.462707 -0.954902 -0.088038 0.283571 -10.577299
0.301736 -0.082445 0.949820 214.231481 -0.058423 0.992783 0.104734 9.531731 -0.951600 -0.087094 0.294742 -10.498464
0.311479 -0.083031 0.946619 214.750185 -0.056686 0.992778 0.105732 9.609483 -0.948561 -0.086593 0.304522 -10.442029
0.324488 -0.085507 0.942017 215.427778 -0.055467 0.992472 0.109193 9.666733 -0.944262 -0.087683 0.317302 -10.372574
0.336501 -0.086559 0.937697 216.269630 -0.055633 0.992200 0.111555 9.742087 -0.940038 -0.089705 0.329061 -10.282340
0.347926 -0.086733 0.933502 217.129815 -0.059688 0.991642 0.114381 9.833374 -0.935620 -0.095515 0.339841 -10.195124
0.354843 -0.087567 0.930816 217.790370 -0.063152 0.991085 0.117312 9.889459 -0.932790 -0.100410 0.346150 -10.102887
0.359551 -0.089088 0.928863 218.452593 -0.063389 0.990801 0.119566 9.974448 -0.930970 -0.101870 0.350596 -10.023772
0.362599 -0.092812 0.927312 219.438333 -0.059805 0.990660 0.122538 10.082911 -0.930024 -0.099890 0.353662 -9.915188
0.363197 -0.092270 0.927132 220.477778 -0.054894 0.991236 0.120155 10.191802 -0.930094 -0.094534 0.354949 -9.799013
0.360997 -0.090183 0.928196 220.616296 -0.055985 0.991422 0.118099 10.220370 -0.930885 -0.094598 0.352852 -9.769000
0.360094 -0.089664 0.928597 221.279444 -0.049514 0.992131 0.114999 10.308880 -0.931601 -0.087389 0.352820 -9.698751
0.357651 -0.090817 0.929429 222.004259 -0.049561 0.992012 0.116003 10.396178 -0.932539 -0.087552 0.350293 -9.605525
0.356424 -0.097655 0.929207 222.827407 -0.044991 0.991575 0.121468 10.473419 -0.933241 -0.085100 0.349027 -9.517619
0.354448 -0.100925 0.929613 223.694815 -0.042570 0.991386 0.123862 10.582089 -0.934106 -0.083476 0.347098 -9.406195
0.352580 -0.105947 0.929765 224.766296 -0.038026 0.991128 0.127359 10.698222 -0.935009 -0.080259 0.345423 -9.293200
0.351670 -0.104742 0.930246 225.585000 -0.041806 0.990972 0.127384 10.794172 -0.935190 -0.083687 0.344116 -9.199651
0.350364 -0.104420 0.930775 226.394444 -0.044795 0.990761 0.128011 10.888374 -0.935542 -0.086544 0.342450 -9.106706
0.349908 -0.104508 0.930936 227.231667 -0.040363 0.991153 0.126440 10.992061 -0.935914 -0.081818 0.342594 -9.027445
0.349120 -0.100528 0.931670 228.082407 -0.041900 0.991560 0.122691 11.083956 -0.936141 -0.081871 0.341961 -8.935861
0.345049 -0.094754 0.933790 229.105926 -0.039017 0.992583 0.115137 11.249322 -0.937774 -0.076161 0.338792 -8.732691
0.342896 -0.093412 0.934717 230.187222 -0.039700 0.992713 0.113772 11.386837 -0.938534 -0.076121 0.336689 -8.607163
0.341834 -0.094148 0.935033 231.121481 -0.042498 0.992402 0.115461 11.491420 -0.938799 -0.079205 0.335236 -8.507716
0.339856 -0.095333 0.935633 232.034074 -0.048728 0.991728 0.118748 11.588446 -0.939214 -0.085949 0.332400 -8.392761
0.336789 -0.094683 0.936807 232.905926 -0.049595 0.991766 0.118068 11.672893 -0.940273 -0.086225 0.329321 -8.280765
0.332237 -0.094256 0.938475 233.839630 -0.050575 0.991782 0.117515 11.777739 -0.941839 -0.086507 0.324740 -8.180617
0.326029 -0.092917 0.940782 234.801111 -0.057895 0.991328 0.117973 11.876387 -0.943585 -0.092929 0.317823 -8.079156
0.316247 -0.093785 0.944030 235.814259 -0.056125 0.991509 0.117304 11.978544 -0.947015 -0.090080 0.308298 -7.974747
0.305806 -0.093292 0.947512 236.729630 -0.053397 0.991941 0.114900 12.064337 -0.950595 -0.085732 0.298360 -7.887478
0.295259 -0.089628 0.951204 237.684815 -0.056478 0.992212 0.111023 12.163054 -0.953746 -0.086503 0.287898 -7.800349
0.284075 -0.090229 0.954547 238.626852 -0.057069 0.992206 0.110773 12.262115 -0.957102 -0.085943 0.276712 -7.714440
0.272666 -0.098330 0.957071 239.517407 -0.053097 0.991710 0.117016 12.348370 -0.960643 -0.082724 0.265184 -7.639909
0.264367 -0.107559 0.958406 240.505000 -0.048645 0.991009 0.124636 12.435322 -0.963195 -0.079571 0.256758 -7.564698
0.257106 -0.113119 0.959740 241.467037 -0.049172 0.990308 0.129894 12.537265 -0.965131 -0.080589 0.249052 -7.490335
0.252146 -0.114739 0.960863 242.457778 -0.054073 0.989724 0.132375 12.653459 -0.966177 -0.085335 0.243351 -7.405943
0.248669 -0.116994 0.961497 243.436296 -0.055307 0.989344 0.134686 12.767091 -0.967008 -0.086670 0.239548 -7.324160
0.247405 -0.118271 0.961667 244.471667 -0.054175 0.989281 0.135604 12.891972 -0.967396 -0.085647 0.238346 -7.250639
0.247932 -0.114718 0.961961 245.316852 -0.056300 0.989580 0.132522 12.989987 -0.967140 -0.087015 0.238890 -7.189900
0.246040 -0.112744 0.962680 246.400185 -0.059667 0.989566 0.131142 13.135335 -0.967421 -0.089707 0.236746 -7.100876
0.245257 -0.113238 0.962822 247.431667 -0.064357 0.989062 0.132718 13.255269 -0.967319 -0.094514 0.235287 -7.009081
0.246416 -0.115032 0.962313 248.473333 -0.066958 0.988538 0.135313 13.370504 -0.966848 -0.097778 0.235889 -6.926882
0.248750 -0.116348 0.961554 249.281111 -0.062383 0.988773 0.135780 13.468972 -0.966557 -0.093760 0.238699 -6.871646
0.249174 -0.118634 0.961165 250.287037 -0.058599 0.988803 0.137237 13.577939 -0.966684 -0.090519 0.239433 -6.794977
0.252038 -0.119841 0.960268 251.402593 -0.055216 0.988905 0.137907 13.720331 -0.966141 -0.087780 0.242624 -6.711784
0.253781 -0.122139 0.959519 252.569630 -0.059799 0.988117 0.141595 13.867602 -0.965411 -0.093313 0.243462 -6.607429
0.260321 -0.125704 0.957304 253.356111 -0.059117 0.987553 0.145752 13.965620 -0.963711 -0.094535 0.249650 -6.550821
0.264748 -0.130188 0.955489 254.375370 -0.060033 0.986698 0.151075 14.094257 -0.962447 -0.097358 0.253411 -6.465728
0.269577 -0.129146 0.954279 255.185185 -0.058975 0.986892 0.150220 14.217181 -0.961171 -0.096774 0.258427 -6.403223
0.273607 -0.125130 0.953668 256.195556 -0.067470 0.986562 0.148803 14.348456 -0.959472 -0.105057 0.261488 -6.310202
0.278369 -0.119223 0.953046 256.556296 -0.072175 0.986864 0.144535 14.412519 -0.957759 -0.109020 0.266107 -6.284320
0.283389 -0.119691 0.951507 256.928704 -0.067535 0.987227 0.144298 14.449617 -0.956624 -0.105153 0.271686 -6.273023
0.288317 -0.119386 0.950063 257.307222 -0.069099 0.987016 0.144999 14.504506 -0.955039 -0.107454 0.276324 -6.258038
0.293901 -0.118638 0.948445 257.751111 -0.067677 0.987194 0.144457 14.547735 -0.953437 -0.106644 0.282108 -6.242303
0.299494 -0.117773 0.946801 258.267407 -0.067151 0.987289 0.144051 14.604311 -0.951732 -0.106721 0.287779 -6.218041
0.303524 -0.119069 0.945355 258.401481 -0.062712 0.987514 0.144513 14.615585 -0.950758 -0.103148 0.292267 -6.208969
0.306754 -0.120758 0.944097 258.537963 -0.060506 0.987438 0.145961 14.639724 -0.949864 -0.101898 0.295594 -6.195787
0.310511 -0.122259 0.942675 258.747593 -0.053968 0.987827 0.145892 14.657757 -0.949037 -0.096176 0.300133 -6.192110
0.314545 -0.122268 0.941335 258.966481 -0.048709 0.988284 0.144643 14.677980 -0.947992 -0.091348 0.304905 -6.185921
0.317977 -0.122047 0.940210 259.142778 -0.049397 0.988201 0.144982 14.683661 -0.946811 -0.092544 0.308196 -6.176358
0.322456 -0.121285 0.938782 259.295185 -0.052877 0.987901 0.145794 14.709615 -0.945106 -0.096652 0.312142 -6.166762
0.326988 -0.122557 0.937048 259.425556 -0.054933 0.987414 0.148314 14.711070 -0.943431 -0.099971 0.316140 -6.168836
0.330263 -0.121733 0.936006 259.601481 -0.049648 0.988035 0.146018 14.708957 -0.942582 -0.094695 0.320268 -6.164802
0.333454 -0.118399 0.935302 259.784630 -0.043732 0.989072 0.140797 14.712985 -0.941751 -0.087852 0.324632 -6.152976
0.337409 -0.113147 0.934533 259.967593 -0.046682 0.989518 0.136658 14.733937 -0.940200 -0.089735 0.328591 -6.141879
0.341755 -0.114805 0.932751 260.152222 -0.048829 0.989001 0.139619 14.769824 -0.938520 -0.093261 0.332390 -6.128757
0.343465 -0.127900 0.930416 260.280926 -0.041690 0.987630 0.151155 14.775126 -0.938240 -0.090706 0.333884 -6.132661
0.345737 -0.142416 0.927461 260.413889 -0.029934 0.986238 0.162600 14.788928 -0.937854 -0.083979 0.336716 -6.156502
0.348024 -0.151697 0.925131 260.565185 -0.025969 0.984883 0.171264 14.813811 -0.937126 -0.083628 0.338823 -6.172108
0.350291 -0.155115 0.923708 260.698333 -0.023239 0.984449 0.174128 14.822376 -0.936353 -0.082461 0.341239 -6.184879
0.351982 -0.154399 0.923185 260.879074 -0.020856 0.984763 0.172649 14.819944 -0.935775 -0.080023 0.343398 -6.169003
0.355675 -0.153149 0.921977 261.173704 -0.012634 0.985605 0.168593 14.852059 -0.934524 -0.071612 0.348620 -6.170213
0.359829 -0.148659 0.921099 261.399074 -0.009929 0.986559 0.163103 14.892824 -0.932965 -0.067835 0.353517 -6.174976
0.364309 -0.148518 0.919359 262.468148 -0.010998 0.986447 0.163713 15.025037 -0.931213 -0.069753 0.357738 -6.042751
0.369913 -0.149147 0.917017 262.967407 -0.004851 0.986707 0.162438 15.085993 -0.929054 -0.064536 0.364272 -6.031557
0.374043 -0.150509 0.915117 263.342037 0.000017 0.986744 0.162283 15.153328 -0.927412 -0.060685 0.369087 -6.013429
0.377490 -0.157776 0.912474 264.332963 0.001637 0.985490 0.169723 15.280283 -0.926012 -0.062575 0.372271 -5.894500
0.379200 -0.161759 0.911066 264.655926 0.004183 0.984891 0.173126 15.348757 -0.925305 -0.061838 0.374148 -5.873445
0.382412 -0.166976 0.908780 265.640741 0.006506 0.983998 0.178059 15.518491 -0.923969 -0.062179 0.377379 -5.758841
0.384625 -0.171263 0.907046 266.589630 0.009528 0.983322 0.181625 15.701374 -0.923024 -0.061215 0.379842 -5.645025
0.386536 -0.178539 0.904828 267.507407 0.011378 0.981932 0.188892 15.858546 -0.922204 -0.062718 0.381584 -5.537360
0.389275 -0.179401 0.903482 267.814815 0.010807 0.981672 0.190271 15.905019 -0.921058 -0.064304 0.384079 -5.540972
0.393025 -0.168748 0.903911 268.693889 0.003641 0.983295 0.181984 16.060848 -0.919521 -0.068233 0.387074 -5.437082
0.393783 -0.156511 0.905781 269.424815 -0.001104 0.985317 0.170734 16.161391 -0.919203 -0.068232 0.387828 -5.351637
0.395060 -0.149410 0.906424 270.296111 -0.000245 0.986668 0.162744 16.319213 -0.918655 -0.064516 0.389757 -5.243111
0.394312 -0.151339 0.906429 271.170741 -0.002051 0.986199 0.165549 16.466167 -0.918974 -0.067137 0.388560 -5.131662
0.394151 -0.156624 0.905601 272.071667 -0.003074 0.985141 0.171718 16.608661 -0.919040 -0.070466 0.387813 -5.007800
0.397613 -0.155286 0.904318 272.352593 -0.003397 0.985319 0.170689 16.660167 -0.917547 -0.070940 0.391248 -5.020709
