1.000000 0.000000 0.000000 0.000000 0.000000 1.000000 0.000000 0.000000 0.000000 0.000000 1.000000 0.000000
0.999990 0.003540 0.002774 0.010459 -0.003544 0.999992 0.001694 0.014947 -0.002767 -0.001704 0.999995 -0.231758
1.000000 -0.000890 -0.000506 0.009646 0.000890 1.000000 0.000326 0.000458 0.000506 -0.000326 1.000000 0.028057
0.999992 0.001199 -0.003797 -0.023119 -0.001206 0.999998 -0.001754 0.002261 0.003795 0.001759 0.999991 0.295090
0.999968 0.000661 -0.007959 -0.039783 -0.000686 0.999995 -0.003109 -0.001246 0.007957 0.003115 0.999964 0.575283
0.999903 0.004853 -0.013052 -0.054334 -0.004905 0.999980 -0.003996 0.003975 0.013032 0.004060 0.999907 0.877387
0.999828 0.003246 -0.018246 -0.062370 -0.003315 0.999988 -0.003747 -0.016728 0.018234 0.003806 0.999826 1.162517
0.999722 0.006259 -0.022713 -0.114482 -0.006352 0.999972 -0.004041 -0.041057 0.022688 0.004184 0.999734 1.479158
0.999610 0.007738 -0.026812 -0.205183 -0.007864 0.999959 -0.004574 -0.043470 0.026775 0.004783 0.999630 1.792485
0.999475 0.008783 -0.031202 -0.230180 -0.008867 0.999957 -0.002554 -0.058993 0.031178 0.002829 0.999510 2.093139
0.999338 0.008922 -0.035261 -0.280309 -0.008909 0.999960 0.000513 -0.082581 0.035264 -0.000199 0.999378 2.395349
0.999206 0.008236 -0.038970 -0.331306 -0.008130 0.999963 0.002878 -0.077554 0.038992 -0.002559 0.999236 2.711766
0.999100 0.008498 -0.041562 -0.396927 -0.008433 0.999963 0.001744 -0.078683 0.041575 -0.001392 0.999134 3.053278
0.998995 0.009959 -0.043703 -0.450480 -0.009837 0.999947 0.003001 -0.105067 0.043730 -0.002568 0.999040 3.360088
0.998915 0.006898 -0.046060 -0.500811 -0.006830 0.999975 0.001628 -0.081546 0.046070 -0.001312 0.998937 3.706704
0.998831 0.006664 -0.047875 -0.566506 -0.006542 0.999975 0.002704 -0.099569 0.047892 -0.002388 0.998850 4.019877
0.998764 0.005046 -0.049452 -0.628669 -0.004922 0.999984 0.002640 -0.108640 0.049465 -0.002393 0.998773 4.337049
0.998641 0.008440 -0.051434 -0.694351 -0.008455 0.999964 -0.000084 -0.100922 0.051431 0.000519 0.998676 4.700039
0.998600 0.006434 -0.052503 -0.786475 -0.006553 0.999976 -0.002097 -0.119879 0.052488 0.002438 0.998618 5.027336
0.998468 0.011561 -0.054115 -0.870589 -0.011754 0.999926 -0.003255 -0.130941 0.054073 0.003886 0.998529 5.376752
0.998365 0.013427 -0.055568 -0.930810 -0.013635 0.999901 -0.003364 -0.128052 0.055517 0.004116 0.998449 5.733347
0.998353 0.011871 -0.056135 -1.023016 -0.011971 0.999927 -0.001445 -0.149827 0.056114 0.002115 0.998422 6.067143
0.998262 0.011159 -0.057871 -1.110329 -0.011179 0.999938 -0.000027 -0.164601 0.057867 0.000674 0.998324 6.424429
0.998189 0.011461 -0.059050 -1.189978 -0.011517 0.999934 -0.000598 -0.161884 0.059039 0.001277 0.998255 6.777767
0.998111 0.010343 -0.060555 -1.277586 -0.010424 0.999945 -0.001017 -0.178629 0.060541 0.001646 0.998164 7.124117
0.998083 0.009176 -0.061201 -1.378328 -0.009261 0.999957 -0.001109 -0.204914 0.061188 0.001673 0.998125 7.468789
0.997985 0.007878 -0.062961 -1.410830 -0.007950 0.999968 -0.000887 -0.177485 0.062952 0.001385 0.998016 7.843721
0.998022 0.010796 -0.061927 -1.514746 -0.010621 0.999939 0.003154 -0.208402 0.061957 -0.002491 0.998076 8.185671
0.998082 0.009943 -0.061094 -1.617207 -0.009555 0.999932 0.006626 -0.207771 0.061156 -0.006030 0.998110 8.604085
0.998196 0.007388 -0.059588 -1.721274 -0.006852 0.999934 0.009188 -0.204418 0.059652 -0.008763 0.998181 8.994370
0.998273 0.007946 -0.058207 -1.786448 -0.007368 0.999921 0.010137 -0.214929 0.058283 -0.009691 0.998253 9.357012
0.998325 0.009654 -0.057042 -1.869965 -0.009227 0.999927 0.007756 -0.212939 0.057113 -0.007217 0.998342 9.733538
0.998381 0.010663 -0.055875 -1.963157 -0.010513 0.999940 0.002975 -0.215428 0.055903 -0.002382 0.998433 10.100673
0.998471 0.009521 -0.054443 -2.037465 -0.009509 0.999955 0.000476 -0.214972 0.054445 0.000043 0.998517 10.466420
0.998522 0.005895 -0.054029 -2.094394 -0.005798 0.999981 0.001950 -0.227341 0.054039 -0.001634 0.998537 10.821341
0.998524 0.005132 -0.054072 -2.165943 -0.004705 0.999957 0.008018 -0.254401 0.054111 -0.007752 0.998505 11.186235
0.998478 0.000270 -0.055152 -2.235287 0.000343 0.999938 0.011106 -0.250398 0.055152 -0.011108 0.998416 11.572745
0.998400 -0.008551 -0.055894 -2.303020 0.009147 0.999904 0.010424 -0.258233 0.055800 -0.010919 0.998382 11.933903
0.998308 -0.007615 -0.057650 -2.362861 0.007987 0.999949 0.006229 -0.251849 0.057600 -0.006679 0.998317 12.309494
0.998170 -0.006447 -0.060134 -2.430074 0.006594 0.999976 0.002245 -0.240817 0.060118 -0.002638 0.998188 12.728497
0.998178 -0.001089 -0.060334 -2.545002 0.001284 0.999994 0.003191 -0.293660 0.060331 -0.003263 0.998173 13.099396
0.998013 -0.003291 -0.062915 -2.583031 0.003539 0.999986 0.003833 -0.267010 0.062902 -0.004048 0.998012 13.514029
0.998115 -0.001508 -0.061358 -2.707848 0.001949 0.999973 0.007128 -0.313211 0.061345 -0.007234 0.998090 13.766198
0.997972 0.002224 -0.063614 -2.809369 -0.001750 0.999970 0.007496 -0.312319 0.063628 -0.007369 0.997946 14.236668
0.997966 0.000057 -0.063747 -2.931793 0.000554 0.999954 0.009563 -0.319003 0.063745 -0.009578 0.997920 14.596864
0.997914 0.001756 -0.064527 -3.002069 -0.000957 0.999923 0.012415 -0.315389 0.064543 -0.012327 0.997839 15.003382
0.998006 0.006585 -0.062771 -3.204002 -0.005637 0.999868 0.015256 -0.337303 0.062863 -0.014872 0.997911 15.373951
0.997991 0.006566 -0.063010 -3.285956 -0.005665 0.999879 0.014465 -0.328450 0.063097 -0.014079 0.997908 15.751481
0.997968 0.007180 -0.063319 -3.376783 -0.006365 0.999894 0.013069 -0.322456 0.063407 -0.012640 0.997908 16.165375
0.998009 0.008321 -0.062527 -3.514009 -0.007671 0.999914 0.010621 -0.320004 0.062610 -0.010120 0.997987 16.532311
0.997880 0.007563 -0.064641 -3.570719 -0.006914 0.999924 0.010244 -0.299380 0.064713 -0.009776 0.997856 16.951437
0.997883 0.003625 -0.064939 -3.702246 -0.002867 0.999927 0.011758 -0.307337 0.064977 -0.011547 0.997820 17.328082
0.997802 0.005493 -0.066038 -3.770257 -0.004718 0.999918 0.011877 -0.287044 0.066098 -0.011540 0.997746 17.728913
0.997593 0.013207 -0.068078 -3.836393 -0.012600 0.999877 0.009350 -0.302522 0.068193 -0.008470 0.997636 18.130851
0.997642 0.005659 -0.068400 -3.959452 -0.005367 0.999976 0.004452 -0.294539 0.068424 -0.004074 0.997648 18.475414
0.997648 0.004832 -0.068381 -4.095150 -0.004616 0.999984 0.003308 -0.312923 0.068396 -0.002985 0.997654 18.819146
0.997625 0.002522 -0.068832 -4.177987 -0.002052 0.999974 0.006886 -0.322468 0.068847 -0.006729 0.997605 19.197319
0.997577 -0.000950 -0.069566 -4.231583 0.001599 0.999956 0.009268 -0.308474 0.069554 -0.009356 0.997534 19.581086
0.997550 -0.003421 -0.069876 -4.334085 0.004167 0.999936 0.010533 -0.327028 0.069836 -0.010799 0.997500 19.938139
0.997544 -0.006143 -0.069771 -4.425569 0.006813 0.999933 0.009377 -0.332816 0.069709 -0.009830 0.997519 20.276730
0.997468 -0.005930 -0.070864 -4.485261 0.006550 0.999942 0.008521 -0.336426 0.070809 -0.008964 0.997450 20.680936
0.997335 -0.009182 -0.072379 -4.560572 0.009905 0.999905 0.009630 -0.336121 0.072284 -0.010321 0.997331 21.037293
0.997209 -0.013892 -0.073357 -4.638756 0.014840 0.999813 0.012400 -0.320354 0.073171 -0.013454 0.997229 21.392127
0.997177 -0.014811 -0.073607 -4.759806 0.016245 0.999689 0.018919 -0.348729 0.073304 -0.020062 0.997108 21.750638
0.997108 -0.014809 -0.074539 -4.853230 0.016387 0.999653 0.020606 -0.335686 0.074208 -0.021768 0.997005 22.114507
0.996969 -0.016988 -0.075917 -4.940746 0.018305 0.999693 0.016681 -0.323309 0.075610 -0.018020 0.996975 22.478969
0.996896 -0.015200 -0.077254 -5.037861 0.015924 0.999835 0.008762 -0.319109 0.077108 -0.009965 0.996973 22.853432
0.996835 -0.013465 -0.078355 -5.137156 0.013844 0.999895 0.004300 -0.321279 0.078289 -0.005371 0.996916 23.193653
0.996755 -0.007497 -0.080150 -5.229702 0.008079 0.999943 0.006936 -0.348464 0.080093 -0.007561 0.996759 23.565784
0.996830 -0.004473 -0.079440 -5.409363 0.005105 0.999957 0.007759 -0.374051 0.079402 -0.008140 0.996809 23.880388
0.996726 -0.000264 -0.080859 -5.488009 0.000952 0.999964 0.008472 -0.347204 0.080854 -0.008521 0.996690 24.237263
0.996666 -0.000410 -0.081590 -5.590878 0.001064 0.999968 0.007964 -0.343921 0.081585 -0.008025 0.996634 24.565718
0.996504 0.002478 -0.083505 -5.682719 -0.001769 0.999962 0.008559 -0.353615 0.083523 -0.008382 0.996471 24.893487
0.996449 0.003357 -0.084132 -5.806919 -0.002600 0.999955 0.009113 -0.364446 0.084159 -0.008862 0.996413 25.188608
0.996194 0.001120 -0.087157 -5.875578 -0.000273 0.999953 0.009726 -0.358781 0.087164 -0.009665 0.996147 25.602156
0.996051 0.001204 -0.088769 -5.958331 -0.000265 0.999944 0.010592 -0.357787 0.088777 -0.010526 0.995996 25.913488
0.995971 0.004069 -0.089581 -6.082856 -0.002811 0.999896 0.014156 -0.387689 0.089630 -0.013847 0.995879 26.116322
0.995867 0.007570 -0.090512 -6.195724 -0.005889 0.999806 0.018824 -0.403736 0.090637 -0.018213 0.995717 26.385745
0.995705 0.012255 -0.091769 -6.303544 -0.010414 0.999735 0.020513 -0.407414 0.091996 -0.019470 0.995569 26.645188
0.995475 0.019975 -0.092900 -6.441620 -0.018506 0.999690 0.016647 -0.420435 0.093204 -0.014852 0.995536 26.975554
0.995330 0.019283 -0.094589 -6.519326 -0.018515 0.999788 0.008987 -0.408779 0.094742 -0.007194 0.995476 27.224483
0.995158 0.020235 -0.096187 -6.611843 -0.019987 0.999794 0.003545 -0.422947 0.096239 -0.001605 0.995357 27.492356
0.995019 0.020908 -0.097466 -6.699417 -0.020702 0.999781 0.003129 -0.424996 0.097510 -0.001096 0.995234 27.811604
0.995080 0.022325 -0.096529 -6.840659 -0.021749 0.999739 0.007014 -0.444799 0.096660 -0.004880 0.995305 27.857412
0.994962 0.022193 -0.097770 -6.855824 -0.021323 0.999723 0.009929 -0.466955 0.097963 -0.007794 0.995159 27.883634
0.994818 0.019816 -0.099718 -6.930811 -0.019247 0.999793 0.006664 -0.464361 0.099830 -0.004710 0.994993 28.236973
0.994910 0.013231 -0.099893 -7.003154 -0.013016 0.999911 0.002808 -0.498830 0.099921 -0.001493 0.994994 28.518782
0.995182 0.009662 -0.097569 -7.164430 -0.009871 0.999950 -0.001662 -0.512530 0.097548 0.002617 0.995227 28.808730
0.995422 0.012386 -0.094770 -7.237370 -0.012615 0.999919 -0.001823 -0.519540 0.094739 0.003010 0.995498 29.030778
0.995785 0.016328 -0.090253 -7.368494 -0.016235 0.999867 0.001765 -0.534952 0.090270 -0.000292 0.995917 29.336661
0.996213 0.015871 -0.085485 -7.446926 -0.015571 0.999870 0.004180 -0.531028 0.085540 -0.002833 0.996331 29.596007
0.996726 0.010815 -0.080129 -7.502737 -0.010226 0.999918 0.007758 -0.525354 0.080206 -0.006913 0.996754 29.865591
0.997324 0.007662 -0.072708 -7.461020 -0.006841 0.999910 0.011535 -0.543819 0.072790 -0.011006 0.997287 29.884102
0.998034 0.010962 -0.061714 -7.530550 -0.010289 0.999884 0.011206 -0.547569 0.061829 -0.010549 0.998031 30.080975
0.998760 0.016543 -0.046963 -7.545796 -0.016059 0.999814 0.010646 -0.547818 0.047130 -0.009878 0.998840 30.262761
0.999377 0.020818 -0.028515 -7.569543 -0.020479 0.999717 0.012146 -0.567082 0.028760 -0.011555 0.999520 30.377992
0.999786 0.019613 -0.006562 -7.534700 -0.019533 0.999738 0.011932 -0.555811 0.006794 -0.011801 0.999907 30.531746
0.999696 0.016496 0.018310 -7.454007 -0.016713 0.999791 0.011759 -0.539175 -0.018112 -0.012062 0.999763 30.754696
0.998724 0.015805 0.047972 -7.403043 -0.016471 0.999773 0.013512 -0.546406 -0.047747 -0.014284 0.998757 30.936530
0.996538 0.015296 0.081717 -7.356985 -0.016527 0.999760 0.014409 -0.547868 -0.081477 -0.015709 0.996552 31.090198
0.992751 0.016153 0.119096 -7.239233 -0.018027 0.999730 0.014674 -0.543641 -0.118826 -0.016715 0.992774 31.267296
0.987122 0.017717 0.158986 -7.057302 -0.020147 0.999703 0.013686 -0.536553 -0.158697 -0.016713 0.987186 31.450745
0.978818 0.018519 0.203891 -6.904161 -0.021765 0.999669 0.013692 -0.543187 -0.203570 -0.017840 0.978898 31.610893
0.967116 0.021884 0.253394 -6.716544 -0.025394 0.999622 0.010588 -0.546634 -0.253067 -0.016674 0.967305 31.777261
0.951758 0.023665 0.305935 -6.494600 -0.027095 0.999609 0.006971 -0.553999 -0.305650 -0.014924 0.952027 31.940071
0.932295 0.024389 0.360875 -6.233344 -0.027490 0.999616 0.003462 -0.552645 -0.360652 -0.013148 0.932608 32.098248
0.907873 0.027251 0.418358 -5.974872 -0.029500 0.999564 -0.001093 -0.538953 -0.418205 -0.011350 0.908282 32.243827
0.877402 0.030518 0.478783 -5.743081 -0.030950 0.999497 -0.006991 -0.513030 -0.478756 -0.008684 0.877905 32.389583
0.843966 0.025743 0.535779 -5.391694 -0.025499 0.999644 -0.007864 -0.550098 -0.535791 -0.007025 0.844321 32.530372
0.814680 -0.005489 0.579885 -4.827256 -0.008710 0.999727 0.021700 -0.920189 -0.579845 -0.022729 0.814409 32.637092
0.781237 -0.007053 0.624195 -4.277894 -0.008922 0.999708 0.022463 -0.917551 -0.624171 -0.023118 0.780946 32.739460
0.743379 -0.004423 0.668855 -3.801585 -0.012557 0.999710 0.020568 -0.869527 -0.668752 -0.023689 0.743108 32.826287
0.705431 -0.007073 0.708743 -3.300476 -0.011377 0.999708 0.021301 -0.869779 -0.708687 -0.023090 0.705145 32.890882
0.667268 -0.015009 0.744667 -2.806835 -0.002274 0.999751 0.022188 -0.905680 -0.744814 -0.016498 0.667068 32.937376
0.626318 -0.019106 0.779334 -2.301980 0.004946 0.999777 0.020536 -0.892142 -0.779552 -0.009007 0.626273 32.995161
0.583162 -0.018377 0.812148 -1.814627 0.005256 0.999808 0.018849 -0.880893 -0.812339 -0.006723 0.583147 33.063536
0.536270 -0.016072 0.843893 -1.359112 -0.000792 0.999809 0.019545 -0.894436 -0.844046 -0.011149 0.536155 33.143639
0.491931 -0.013780 0.870525 -0.896568 -0.001889 0.999856 0.016895 -0.877851 -0.870632 -0.009956 0.491834 33.205631
0.450348 -0.016538 0.892700 -0.436877 0.003131 0.999852 0.016944 -0.879997 -0.892848 -0.004836 0.450333 33.261008
0.412758 -0.025889 0.910473 0.143868 0.019501 0.999618 0.019583 -0.859977 -0.910632 0.009672 0.413105 33.308809
0.377729 -0.029884 0.925434 0.619348 0.021108 0.999497 0.023660 -0.861178 -0.925676 0.010597 0.378170 33.354245
0.346059 -0.026122 0.937849 1.141103 0.018033 0.999613 0.021188 -0.850070 -0.938039 0.009580 0.346396 33.400193
0.316199 -0.017992 0.948522 1.612429 0.006986 0.999837 0.016636 -0.852112 -0.948667 0.001366 0.316273 33.444095
0.288054 -0.012620 0.957531 2.088607 -0.001767 0.999904 0.013710 -0.858250 -0.957613 -0.005641 0.288004 33.484396
0.263012 -0.011080 0.964729 2.531372 0.000574 0.999936 0.011328 -0.851159 -0.964792 -0.002426 0.263001 33.512989
0.240119 -0.009876 0.970693 2.949722 0.007616 0.999937 0.008290 -0.839293 -0.970714 0.005402 0.240179 33.536943
0.219353 -0.004328 0.975636 3.360520 0.011887 0.999928 0.001764 -0.832533 -0.975573 0.011211 0.219389 33.562318
0.199715 0.002070 0.979852 3.796211 0.013707 0.999894 -0.004906 -0.813912 -0.979758 0.014411 0.199666 33.587860
0.183612 0.002389 0.982996 4.231917 0.011571 0.999923 -0.004591 -0.818982 -0.982931 0.012217 0.183570 33.602488
0.167890 -0.001711 0.985804 4.405506 0.008724 0.999962 0.000250 -0.837027 -0.985767 0.008558 0.167899 33.614789
0.154010 -0.004521 0.988059 4.926254 0.007735 0.999964 0.003370 -0.839453 -0.988039 0.007124 0.154040 33.633328
0.140549 -0.006991 0.990049 5.540965 0.009780 0.999936 0.005672 -0.836656 -0.990026 0.008885 0.140608 33.657136
0.129132 -0.007833 0.991597 6.193187 0.013787 0.999886 0.006103 -0.828372 -0.991532 0.012883 0.129225 33.677640
0.118740 -0.007837 0.992895 6.883457 0.017045 0.999838 0.005854 -0.829197 -0.992779 0.016229 0.118854 33.699861
0.111789 -0.007668 0.993702 7.031693 0.019186 0.999800 0.005557 -0.831696 -0.993547 0.018444 0.111914 33.700174
0.106561 -0.007545 0.994278 7.220580 0.020464 0.999776 0.005394 -0.826243 -0.994096 0.019772 0.106691 33.703868
0.101139 -0.007085 0.994847 7.366583 0.020354 0.999780 0.005051 -0.825467 -0.994664 0.019738 0.101261 33.709970
0.094709 -0.006466 0.995484 7.458050 0.022983 0.999727 0.004307 -0.820626 -0.995240 0.022471 0.094831 33.731138
0.091016 -0.006338 0.995829 7.556209 0.023247 0.999721 0.004238 -0.810426 -0.995578 0.022764 0.091138 33.724339
0.087847 -0.006739 0.996111 7.681478 0.023402 0.999715 0.004700 -0.808375 -0.995859 0.022898 0.087980 33.735771
0.084605 -0.007534 0.996386 8.402385 0.025777 0.999653 0.005370 -0.804667 -0.996081 0.025230 0.084770 33.754736
0.081820 -0.008466 0.996611 8.639343 0.027135 0.999612 0.006263 -0.805769 -0.996278 0.026531 0.082018 33.766605
0.081286 -0.008817 0.996652 8.861220 0.028145 0.999582 0.006548 -0.794634 -0.996293 0.027518 0.081500 33.763246
0.082128 -0.009336 0.996578 9.521465 0.029949 0.999528 0.006896 -0.789331 -0.996172 0.029281 0.082369 33.778469
0.083707 -0.009757 0.996443 10.366398 0.027538 0.999593 0.007474 -0.782279 -0.996110 0.026814 0.083941 33.797558
0.087451 -0.009807 0.996121 11.407611 0.029752 0.999531 0.007228 -0.777369 -0.995724 0.029004 0.087702 33.822176
0.091048 -0.009503 0.995801 12.387265 0.029363 0.999545 0.006854 -0.772159 -0.995413 0.028616 0.091286 33.857498
0.095391 -0.012055 0.995367 13.439170 0.030430 0.999495 0.009189 -0.767797 -0.994975 0.029413 0.095710 33.878164
0.099326 -0.013888 0.994958 14.424698 0.031311 0.999451 0.010825 -0.766851 -0.994562 0.030078 0.099706 33.910839
0.104091 -0.015026 0.994454 14.775774 0.025074 0.999608 0.012480 -0.758508 -0.994252 0.023636 0.104426 33.903716
0.109219 -0.016786 0.993876 16.035230 0.027806 0.999518 0.013826 -0.749041 -0.993629 0.026126 0.109633 33.949859
0.113706 -0.015591 0.993392 16.996137 0.024944 0.999606 0.012833 -0.745358 -0.993201 0.023320 0.114050 33.981482
0.117623 -0.011806 0.992988 18.138657 0.022850 0.999697 0.009179 -0.736612 -0.992795 0.021611 0.117857 34.017527
0.119739 -0.005689 0.992789 19.078019 0.017023 0.999848 0.003676 -0.740469 -0.992660 0.016460 0.119817 34.051541
0.119546 -0.002469 0.992826 20.339778 0.015100 0.999886 0.000669 -0.734827 -0.992714 0.014911 0.119569 34.103009
0.119149 -0.002385 0.992873 21.376537 0.012889 0.999917 0.000855 -0.735477 -0.992793 0.012696 0.119170 34.146587
0.119518 -0.002790 0.992828 22.419259 0.010905 0.999939 0.001497 -0.735870 -0.992772 0.010648 0.119541 34.185380
0.118259 -0.004738 0.992972 23.534093 0.009667 0.999947 0.003620 -0.766823 -0.992936 0.009171 0.118299 34.231637
0.119055 -0.004448 0.992878 24.654796 0.011248 0.999932 0.003131 -0.731035 -0.992824 0.010795 0.119097 34.274718
0.119505 -0.003948 0.992826 25.722926 0.009828 0.999948 0.002793 -0.737781 -0.992785 0.009424 0.119538 34.312000
0.119821 -0.003450 0.992789 26.791759 0.006500 0.999975 0.002690 -0.756884 -0.992774 0.006130 0.119841 34.347866
0.119613 -0.001450 0.992820 27.880759 0.005358 0.999985 0.000815 -0.749693 -0.992806 0.005222 0.119619 34.384279
0.116975 -0.001513 0.993134 29.018352 0.002671 0.999996 0.001209 -0.759003 -0.993131 0.002511 0.116978 34.419508
0.113962 -0.002183 0.993483 30.129630 0.002338 0.999995 0.001929 -0.749868 -0.993482 0.002103 0.113966 34.454570
0.109701 -0.004084 0.993956 31.162037 -0.000165 0.999992 0.004127 -0.762331 -0.993965 -0.000616 0.109699 34.484341
0.104195 -0.005856 0.994540 32.315759 -0.001388 0.999981 0.006033 -0.765728 -0.994556 -0.002009 0.104185 34.524754
0.096946 -0.005481 0.995274 33.441870 -0.001937 0.999982 0.005696 -0.771148 -0.995288 -0.002480 0.096934 34.557003
0.088443 -0.004298 0.996072 34.455815 -0.002096 0.999988 0.004501 -0.775996 -0.996079 -0.002486 0.088433 34.583296
0.079297 -0.003725 0.996844 35.504870 -0.002755 0.999988 0.003956 -0.778983 -0.996847 -0.003060 0.079285 34.603146
0.069053 -0.004742 0.997602 36.535019 -0.002087 0.999986 0.004898 -0.789580 -0.997611 -0.002421 0.069042 34.623704
0.058458 -0.005598 0.998274 37.576167 -0.002261 0.999981 0.005740 -0.792930 -0.998287 -0.002593 0.058444 34.642523
0.048071 -0.006578 0.998822 38.637315 0.000195 0.999978 0.006576 -0.794635 -0.998844 -0.000121 0.048072 34.653523
0.037187 -0.005925 0.999291 39.610741 0.001253 0.999982 0.005883 -0.800306 -0.999308 0.001034 0.037194 34.663486
0.025582 -0.005736 0.999656 40.568185 0.001098 0.999983 0.005710 -0.814902 -0.999672 0.000952 0.025588 34.674691
0.015676 -0.004730 0.999866 41.505704 0.001460 0.999988 0.004707 -0.820023 -0.999876 0.001386 0.015683 34.670867
0.005515 -0.003994 0.999977 42.465852 0.000371 0.999992 0.003992 -0.857296 -0.999985 0.000349 0.005516 34.671251
-0.003326 -0.001576 0.999993 43.494352 0.003867 0.999991 0.001589 -0.793161 -0.999987 0.003872 -0.003320 34.670700
-0.012206 -0.001796 0.999924 44.577852 0.004957 0.999986 0.001857 -0.806914 -0.999913 0.004979 -0.012197 34.660510
-0.021406 -0.000783 0.999771 45.531926 0.006173 0.999981 0.000915 -0.810740 -0.999752 0.006191 -0.021400 34.652032
-0.029602 -0.001333 0.999561 46.407537 0.007046 0.999974 0.001542 -0.817429 -0.999537 0.007089 -0.029592 34.638554
-0.036487 -0.002522 0.999331 47.441222 0.009079 0.999955 0.002855 -0.826967 -0.999293 0.009177 -0.036462 34.623212
-0.041354 -0.004631 0.999134 48.410111 0.011016 0.999926 0.005090 -0.834677 -0.999084 0.011217 -0.041300 34.610468
-0.045683 -0.006090 0.998937 49.365722 0.013557 0.999886 0.006716 -0.843675 -0.998864 0.013849 -0.045595 34.598313
-0.048224 -0.007579 0.998808 50.295370 0.016193 0.999834 0.008368 -0.852029 -0.998705 0.016577 -0.048093 34.579823
-0.049311 -0.008295 0.998749 51.258315 0.017674 0.999802 0.009176 -0.859637 -0.998627 0.018105 -0.049155 34.559503
-0.049794 -0.006544 0.998738 52.145648 0.022184 0.999725 0.007657 -0.850818 -0.998513 0.022538 -0.049635 34.544038
-0.048936 -0.005825 0.998785 53.037352 0.023803 0.999692 0.006997 -0.854662 -0.998518 0.024116 -0.048783 34.527881
-0.047661 -0.004027 0.998856 53.485648 0.024444 0.999688 0.005196 -0.855021 -0.998564 0.024664 -0.047547 34.531931
-0.041674 -0.002980 0.999127 54.192593 0.026411 0.999643 0.004083 -0.851132 -0.998782 0.026558 -0.041580 34.524511
-0.033072 -0.002084 0.999451 54.973759 0.026527 0.999644 0.002962 -0.854163 -0.999101 0.026610 -0.033005 34.514726
-0.022095 -0.001774 0.999754 55.716352 0.026212 0.999654 0.002353 -0.859535 -0.999412 0.026257 -0.022041 34.514122
-0.008634 -0.000875 0.999962 56.477537 0.024850 0.999691 0.001090 -0.862001 -0.999654 0.024858 -0.008610 34.521163
0.009024 0.000989 0.999959 57.190315 0.025607 0.999671 -0.001220 -0.865165 -0.999631 0.025617 0.008996 34.525510
0.030321 0.004152 0.999532 57.918130 0.025930 0.999652 -0.004939 -0.868784 -0.999204 0.026068 0.030202 34.538054
0.057448 0.007428 0.998321 58.605796 0.024418 0.999663 -0.008843 -0.879336 -0.998050 0.024885 0.057247 34.539734
0.086687 0.009802 0.996188 59.314944 0.024520 0.999628 -0.011970 -0.889865 -0.995934 0.025464 0.086415 34.560497
0.119868 0.010994 0.992729 60.139130 0.025909 0.999564 -0.014198 -0.888868 -0.992452 0.027422 0.119531 34.594733
0.159085 0.008386 0.987229 60.810667 0.026778 0.999559 -0.012806 -0.905958 -0.986902 0.028474 0.158790 34.625858
0.199591 0.004363 0.979870 61.646167 0.023195 0.999689 -0.009176 -0.934885 -0.979605 0.024560 0.199428 34.681316
0.241880 -0.000783 0.970306 62.290963 0.019138 0.999809 -0.003964 -0.968875 -0.970117 0.019529 0.241849 34.759087
0.287982 -0.004067 0.957627 62.940593 0.014553 0.999894 -0.000130 -0.990471 -0.957525 0.013974 0.288011 34.835573
0.334396 -0.003935 0.942424 63.565815 0.013210 0.999913 -0.000512 -0.988558 -0.942340 0.012621 0.334419 34.931255
0.373304 -0.009535 0.927660 64.210963 0.011525 0.999918 0.005640 -1.086913 -0.927638 0.008586 0.373383 35.096177
0.406873 -0.010685 0.913423 64.580426 0.021211 0.999772 0.002246 -1.103809 -0.913239 0.018461 0.407007 35.338918
0.451705 -0.000474 0.892167 64.992259 0.026901 0.999552 -0.013089 -1.021319 -0.891761 0.029913 0.451516 35.510330
0.491247 0.008313 0.870980 65.322537 0.031532 0.999129 -0.027321 -0.962134 -0.870449 0.040886 0.490557 35.726945
0.527542 0.026837 0.849105 65.507796 0.025618 0.998544 -0.047477 -0.821548 -0.849143 0.046798 0.526086 35.969405
0.566010 0.037022 0.823567 65.675907 0.024922 0.997766 -0.061982 -0.728066 -0.824022 0.055608 0.563823 36.202739
0.612888 0.047930 0.788715 66.012167 0.014743 0.997291 -0.072062 -0.718223 -0.790033 0.055793 0.610521 36.408658
0.664723 0.044019 0.745792 66.480389 0.011594 0.997535 -0.069211 -0.816716 -0.747000 0.054653 0.662574 36.553707
0.713671 0.046428 0.698941 66.857000 0.001447 0.997701 -0.067751 -0.812150 -0.700480 0.049363 0.711963 36.692600
0.760219 0.036829 0.648622 67.250778 0.002840 0.998194 -0.060006 -0.880810 -0.649661 0.047460 0.758741 36.841381
0.801246 0.032688 0.597441 67.632111 -0.000843 0.998567 -0.053505 -0.925470 -0.598334 0.042367 0.800126 37.006394
0.837509 0.026959 0.545758 67.970833 -0.001994 0.998926 -0.046285 -0.977451 -0.546420 0.037676 0.836663 37.170387
0.867584 0.026720 0.496572 68.242611 -0.006752 0.999096 -0.041963 -0.999485 -0.497245 0.033054 0.866980 37.335211
0.891026 0.028601 0.453051 68.489926 -0.012363 0.999172 -0.038764 -1.039087 -0.453784 0.028938 0.890642 37.524589
0.909899 0.032541 0.413552 68.673574 -0.018944 0.999138 -0.036938 -1.060506 -0.414397 0.025776 0.909731 37.651932
0.924617 0.035229 0.379264 68.809426 -0.022407 0.999020 -0.038171 -1.066632 -0.380237 0.026795 0.924501 37.757264
0.936549 0.036857 0.348595 68.923222 -0.025101 0.998955 -0.038182 -1.070031 -0.349638 0.027009 0.936495 37.841413
0.944433 0.029417 0.327385 69.036796 -0.017965 0.999118 -0.037951 -1.083399 -0.328213 0.029961 0.944129 37.925053
0.949822 0.025704 0.311732 69.112574 -0.014729 0.999188 -0.037510 -1.085555 -0.312443 0.031037 0.949429 37.985166
0.953807 0.029187 0.298999 69.184926 -0.018619 0.999099 -0.038134 -1.087644 -0.299843 0.030806 0.953491 38.062678
0.956641 0.034682 0.289197 69.238611 -0.024641 0.998963 -0.038290 -1.069736 -0.290225 0.029504 0.956503 38.124832
0.958728 0.037414 0.281852 69.302148 -0.026863 0.998789 -0.041209 -1.041529 -0.283052 0.031937 0.958573 38.193358
0.959086 0.044105 0.279660 69.303407 -0.033075 0.998482 -0.044043 -1.051203 -0.281178 0.032992 0.959088 38.264708
0.959332 0.045909 0.278523 69.306926 -0.034296 0.998333 -0.046427 -1.064186 -0.280191 0.034987 0.959307 38.292691
0.958039 0.047451 0.282683 69.272574 -0.035163 0.998209 -0.048389 -1.098604 -0.284473 0.036419 0.957992 38.339735
0.957017 0.046342 0.286307 69.297889 -0.031964 0.997992 -0.054692 -1.100135 -0.288266 0.043190 0.956576 38.392769
0.955838 0.046177 0.290243 69.338889 -0.030030 0.997756 -0.059844 -1.101220 -0.292355 0.048485 0.955080 38.447255
0.953833 0.052224 0.295764 69.319426 -0.036538 0.997629 -0.058319 -1.126635 -0.298108 0.044820 0.953479 38.499613
0.951782 0.054365 0.301919 69.305278 -0.039893 0.997749 -0.053899 -1.133109 -0.304170 0.039256 0.951809 38.547841
0.950727 0.049858 0.305992 69.319000 -0.036144 0.998079 -0.050326 -1.140201 -0.307914 0.036786 0.950703 38.606366
0.949589 0.045334 0.310203 69.380463 -0.033017 0.998448 -0.044844 -1.151242 -0.311755 0.032342 0.949612 38.673104
0.947775 0.042630 0.316077 69.368426 -0.031182 0.998665 -0.041191 -1.134778 -0.317411 0.029184 0.947839 38.735161
0.946802 0.037085 0.319672 69.366667 -0.025459 0.998856 -0.040473 -1.114834 -0.320807 0.030182 0.946663 38.773301
0.947016 0.031292 0.319658 69.416963 -0.018368 0.998890 -0.043366 -1.168179 -0.320660 0.035197 0.946540 38.816804
0.946324 0.033303 0.321499 69.461907 -0.018298 0.998602 -0.049582 -1.123978 -0.322701 0.041038 0.945611 38.926742
0.946469 0.034235 0.320973 69.495111 -0.016889 0.998250 -0.056674 -1.125717 -0.322352 0.048220 0.945391 39.008925
0.947251 0.036584 0.318398 69.510889 -0.018744 0.998087 -0.058917 -1.142661 -0.319945 0.049841 0.946124 39.043377
0.948048 0.035317 0.316162 69.505037 -0.019076 0.998341 -0.054319 -1.114763 -0.317556 0.045466 0.947149 39.058729
0.948082 0.032420 0.316369 69.454167 -0.018251 0.998698 -0.047646 -1.098803 -0.317502 0.039398 0.947439 39.066041
0.948901 0.030795 0.314067 69.386481 -0.018828 0.998979 -0.041065 -1.111167 -0.315011 0.033053 0.948512 39.072062
0.948880 0.033563 0.313847 69.346611 -0.021832 0.998928 -0.040821 -1.119976 -0.314880 0.031882 0.948596 39.110591
0.949474 0.036621 0.311701 69.311574 -0.023841 0.998715 -0.044715 -1.125316 -0.312938 0.035024 0.949128 39.148871
0.949840 0.036829 0.310559 69.185130 -0.022687 0.998540 -0.049026 -1.131140 -0.311911 0.039521 0.949289 39.200657
0.950352 0.036365 0.309044 69.097796 -0.021265 0.998416 -0.052089 -1.110663 -0.310448 0.042931 0.949620 39.244171
0.951539 0.032798 0.305775 69.074037 -0.018495 0.998600 -0.049555 -1.134451 -0.306972 0.041498 0.950813 39.276209
0.952562 0.026121 0.303221 68.939778 -0.012677 0.998851 -0.046220 -1.152158 -0.304080 0.040183 0.951799 39.315991
0.952913 0.022475 0.302408 68.899056 -0.009811 0.999012 -0.043332 -1.160017 -0.303083 0.038325 0.952193 39.352824
0.953520 0.015029 0.300955 68.936370 -0.002731 0.999145 -0.041244 -1.142396 -0.301318 0.038506 0.952746 39.408908
0.953078 0.009773 0.302566 69.048241 0.002213 0.999227 -0.039245 -1.163968 -0.302716 0.038073 0.952320 39.564434
0.953388 0.008538 0.301627 68.962778 0.002140 0.999383 -0.035052 -1.215691 -0.301740 0.034063 0.952782 39.588275
0.953374 0.011810 0.301560 68.926667 -0.000244 0.999264 -0.038363 -1.198894 -0.301791 0.036500 0.952675 39.635163
0.952550 0.016239 0.303950 68.841056 -0.004735 0.999246 -0.038546 -1.241887 -0.304347 0.035278 0.951908 39.671132
0.951265 0.025898 0.307284 68.760611 -0.015037 0.999178 -0.037659 -1.272540 -0.308007 0.031203 0.950872 39.711854
0.949810 0.030609 0.311327 68.723352 -0.019583 0.999067 -0.038484 -1.248772 -0.312214 0.030456 0.949523 39.763872
0.949348 0.029297 0.312858 68.705593 -0.019387 0.999208 -0.034739 -1.276237 -0.313628 0.026914 0.949164 39.785504
0.947911 0.031799 0.316945 68.723685 -0.021534 0.999125 -0.035840 -1.266340 -0.317807 0.027148 0.947767 39.845806
0.946994 0.032268 0.319626 68.709778 -0.020879 0.999021 -0.038997 -1.252525 -0.320572 0.030256 0.946741 39.877429
0.946728 0.023611 0.321168 69.084019 -0.013271 0.999322 -0.034346 -1.325601 -0.321761 0.028254 0.946399 40.178549
0.946962 0.017301 0.320881 69.213907 -0.005624 0.999289 -0.037280 -1.333181 -0.321298 0.033498 0.946386 40.301237
0.946444 0.017674 0.322385 69.202648 -0.006483 0.999340 -0.035754 -1.372570 -0.322804 0.031749 0.945933 40.343497
0.944360 0.020920 0.328247 69.571389 -0.009844 0.999326 -0.035366 -1.363934 -0.328765 0.030167 0.943930 40.695858
0.943567 0.022300 0.330429 69.990389 -0.014129 0.999533 -0.027111 -1.450192 -0.330879 0.020913 0.943441 41.054461
0.944175 0.024625 0.328524 70.022574 -0.018795 0.999605 -0.020909 -1.484401 -0.328909 0.013567 0.944264 41.051502
0.943607 0.023053 0.330265 70.154296 -0.014349 0.999483 -0.028767 -1.453214 -0.330758 0.022406 0.943450 41.123986
0.943463 0.022388 0.330721 70.543500 -0.007710 0.998929 -0.045628 -1.465083 -0.331388 0.040498 0.942625 41.438639
0.942784 0.019752 0.332819 70.871056 -0.001028 0.998411 -0.056342 -1.474508 -0.333403 0.052776 0.941306 41.756002
0.944141 0.017781 0.329062 71.253426 -0.002557 0.998908 -0.046641 -1.535321 -0.329532 0.043194 0.943156 41.989995
0.944980 0.003839 0.327105 71.301000 0.003696 0.999742 -0.022410 -1.577718 -0.327106 0.022386 0.944722 41.979843
0.945477 -0.001894 0.325685 71.322667 0.005170 0.999944 -0.009195 -1.571353 -0.325649 0.010377 0.945434 41.969313
0.944957 0.002748 0.327182 71.606481 0.003014 0.999849 -0.017103 -1.557853 -0.327180 0.017148 0.944806 42.267296
0.945890 0.011421 0.324287 71.702019 -0.001568 0.999529 -0.030631 -1.587006 -0.324484 0.028465 0.945463 42.329131
0.945375 0.015369 0.325622 71.777519 -0.003852 0.999345 -0.035984 -1.612444 -0.325962 0.032764 0.944815 42.416822
0.945832 0.011487 0.324452 71.806204 -0.000362 0.999410 -0.034329 -1.663700 -0.324655 0.032352 0.945279 42.453941
0.946784 0.006618 0.321801 71.881519 0.003988 0.999471 -0.032288 -1.753703 -0.321844 0.031853 0.946257 42.492146
0.947761 0.005787 0.318930 72.192019 0.006011 0.999334 -0.035997 -1.689986 -0.318926 0.036034 0.947094 42.763437
0.949512 0.005838 0.313675 72.390315 0.006465 0.999250 -0.038169 -1.723843 -0.313662 0.038270 0.948763 42.947771
0.950351 0.013766 0.310876 72.761019 -0.002082 0.999280 -0.037884 -1.769853 -0.311174 0.035356 0.949695 43.281967
0.951317 0.014681 0.307863 73.101630 -0.004063 0.999375 -0.035104 -1.878944 -0.308186 0.032144 0.950783 43.592672
0.951565 0.025314 0.306404 73.369833 -0.015150 0.999255 -0.035504 -1.878872 -0.307074 0.029143 0.951239 43.828484
0.951964 0.027335 0.304988 73.753778 -0.019213 0.999377 -0.029601 -1.934722 -0.305607 0.022320 0.951896 44.187946
0.952318 0.029781 0.303649 73.825556 -0.022048 0.999340 -0.028864 -1.987391 -0.304309 0.020792 0.952347 44.265085
0.952907 0.028138 0.301955 74.163315 -0.020049 0.999353 -0.029855 -2.058865 -0.302600 0.022395 0.952855 44.585926
0.954619 0.019332 0.297203 74.441685 -0.009566 0.999367 -0.034278 -2.041843 -0.297677 0.029879 0.954199 44.830816
0.956340 0.017604 0.291724 74.662759 -0.006931 0.999270 -0.037577 -2.024298 -0.292173 0.033914 0.955764 45.028294
0.958526 0.016480 0.284528 74.983852 -0.009051 0.999583 -0.027407 -2.163683 -0.284861 0.023695 0.958276 45.287332
0.959515 0.019885 0.280954 75.033889 -0.014488 0.999669 -0.021275 -2.167496 -0.281284 0.016343 0.959485 45.337185
0.960651 0.016954 0.277239 75.391241 -0.014606 0.999838 -0.010533 -2.210765 -0.277373 0.006069 0.960743 45.756889
0.961755 0.024345 0.272827 75.609111 -0.023692 0.999703 -0.005687 -2.308493 -0.272884 -0.000994 0.962046 45.959756
0.962899 0.033322 0.267796 75.931222 -0.031363 0.999441 -0.011592 -2.312635 -0.268032 0.002763 0.963406 46.299065
0.964832 0.035593 0.260446 76.127426 -0.030302 0.999245 -0.024304 -2.311111 -0.261115 0.015557 0.965182 46.503574
0.966422 0.033690 0.254741 76.364148 -0.026871 0.999182 -0.030203 -2.324178 -0.255550 0.022344 0.966538 46.794202
0.968335 0.028145 0.248064 76.598185 -0.022262 0.999401 -0.026488 -2.390007 -0.248661 0.020126 0.968382 47.050756
0.969835 0.037017 0.240935 76.852019 -0.031834 0.999171 -0.025369 -2.404317 -0.241675 0.016934 0.970209 47.362763
0.971611 0.040534 0.233086 77.053481 -0.035424 0.999032 -0.026069 -2.431041 -0.233918 0.017072 0.972107 47.647159
0.973566 0.039715 0.224926 77.032185 -0.033199 0.998914 -0.032681 -2.426665 -0.225980 0.024350 0.973828 47.727225
0.975022 0.038930 0.218669 77.049593 -0.032036 0.998874 -0.034987 -2.427296 -0.219785 0.027108 0.975172 47.791069
0.977050 0.037040 0.209765 77.288370 -0.031143 0.999023 -0.031348 -2.473943 -0.210721 0.024096 0.977249 48.094803
0.978383 0.040544 0.202787 77.467926 -0.035847 0.998998 -0.026785 -2.479994 -0.203670 0.018937 0.978856 48.385085
0.980089 0.043040 0.193836 77.671685 -0.039539 0.998978 -0.021898 -2.514254 -0.194581 0.013798 0.980789 48.659605
0.981608 0.041986 0.186233 77.873611 -0.039262 0.999062 -0.018292 -2.553394 -0.186826 0.010644 0.982335 48.946043
0.982809 0.040287 0.180178 77.993759 -0.038192 0.999157 -0.015081 -2.588943 -0.180634 0.007941 0.983518 49.064513
0.983365 0.043506 0.176354 78.087463 -0.041139 0.999008 -0.017056 -2.587483 -0.176921 0.009517 0.984179 49.101773
0.984355 0.043804 0.170666 78.291463 -0.040615 0.998930 -0.022137 -2.601354 -0.171453 0.014859 0.985080 49.480151
0.984955 0.042805 0.167427 78.295296 -0.038432 0.998832 -0.029276 -2.592893 -0.168485 0.022400 0.985450 49.555211
0.985108 0.048848 0.164852 78.383870 -0.044316 0.998535 -0.031060 -2.613017 -0.166128 0.023291 0.985829 49.587827
0.985443 0.051374 0.162059 78.446593 -0.048339 0.998575 -0.022616 -2.649248 -0.162990 0.014453 0.986522 49.621189
0.985793 0.051957 0.159727 78.597444 -0.050710 0.998643 -0.011873 -2.683091 -0.160127 0.003605 0.987090 49.934632
0.986375 0.053216 0.155667 78.779481 -0.053055 0.998578 -0.005194 -2.699487 -0.155722 -0.003136 0.987796 50.244462
0.986937 0.051834 0.152538 78.802519 -0.051183 0.998656 -0.008196 -2.706441 -0.152758 0.000282 0.988264 50.276473
0.988537 0.038647 0.145952 79.011667 -0.036534 0.999186 -0.017131 -2.722213 -0.146496 0.011602 0.989143 50.515861
0.989541 0.034075 0.140169 79.078222 -0.031192 0.999255 -0.022717 -2.740750 -0.140839 0.018108 0.989867 50.726504
0.990350 0.038013 0.133274 79.190944 -0.035443 0.999138 -0.021601 -2.742217 -0.133980 0.016669 0.990844 51.000262
0.991873 0.033143 0.122843 79.371519 -0.031667 0.999401 -0.013950 -2.785807 -0.123232 0.009946 0.992328 51.270365
0.992768 0.027395 0.116883 79.363296 -0.026304 0.999595 -0.010864 -2.788967 -0.117133 0.007711 0.993086 51.304277
0.993603 0.019352 0.111255 79.486093 -0.018803 0.999805 -0.005978 -2.811654 -0.111350 0.003848 0.993774 51.594305
0.994451 0.012769 0.104424 79.611815 -0.012150 0.999905 -0.006560 -2.828322 -0.104497 0.005255 0.994511 51.879485
0.995092 0.010728 0.098375 79.713648 -0.009436 0.999863 -0.013596 -2.857419 -0.098508 0.012601 0.995057 52.168244
0.995884 0.001814 0.090621 79.827333 0.000373 0.999709 -0.024102 -2.863550 -0.090639 0.024037 0.995594 52.480084
0.996698 -0.008936 0.080703 80.006944 0.011176 0.999563 -0.027353 -2.891376 -0.080423 0.028165 0.996363 52.857571
0.997167 -0.008883 0.074689 80.061944 0.010504 0.999717 -0.021339 -2.898357 -0.074478 0.022063 0.996978 53.183131
0.997531 -0.000060 0.070233 80.068167 0.000728 0.999955 -0.009495 -2.922894 -0.070229 0.009523 0.997485 53.495624
0.997774 0.007470 0.066269 80.112926 -0.007529 0.999971 0.000636 -2.990589 -0.066262 -0.001133 0.997802 53.798207
0.998031 0.005875 0.062442 80.173444 -0.005652 0.999977 -0.003745 -2.986931 -0.062462 0.003385 0.998042 54.099846
0.998153 0.008976 0.060081 80.228426 -0.008253 0.999891 -0.012267 -3.021539 -0.060185 0.011749 0.998118 54.396036
0.998142 0.019728 0.057648 80.257963 -0.018381 0.999548 -0.023812 -3.016093 -0.058092 0.022708 0.998053 54.702054
0.998261 0.019296 0.055702 80.297815 -0.017884 0.999508 -0.025750 -3.071243 -0.056171 0.024709 0.998115 54.983664
0.998440 0.014245 0.053987 80.335278 -0.013171 0.999709 -0.020202 -3.123043 -0.054259 0.019459 0.998337 55.318086
0.998630 0.011267 0.051090 80.463870 -0.010662 0.999870 -0.012083 -3.128687 -0.051220 0.011521 0.998621 55.708722
0.998557 0.012137 0.052309 80.477537 -0.011874 0.999915 -0.005327 -3.184928 -0.052369 0.004699 0.998617 55.982286
0.998653 0.011695 0.050562 80.544389 -0.011296 0.999903 -0.008174 -3.175844 -0.050653 0.007592 0.998687 56.283930
0.998828 0.010399 0.047275 80.596648 -0.009765 0.999860 -0.013614 -3.253763 -0.047410 0.013137 0.998789 56.631852
0.998897 0.003996 0.046779 80.643241 -0.002750 0.999640 -0.026673 -3.255820 -0.046869 0.026515 0.998549 56.923884
0.999017 -0.009310 0.043331 80.760667 0.010710 0.999424 -0.032191 -3.261637 -0.043007 0.032623 0.998542 57.273534
0.999142 -0.003229 0.041291 80.813093 0.004288 0.999664 -0.025585 -3.323248 -0.041194 0.025740 0.998819 57.644298
0.999216 -0.002913 0.039479 80.845037 0.003531 0.999872 -0.015589 -3.363843 -0.039429 0.015716 0.999099 57.951612
0.999197 0.000482 0.040068 80.838926 0.000027 0.999919 -0.012697 -3.392965 -0.040071 0.012688 0.999116 58.245156
0.999235 0.001428 0.039091 80.881556 -0.000811 0.999875 -0.015799 -3.431194 -0.039109 0.015756 0.999111 58.581738
0.999202 0.003980 0.039732 80.923704 -0.003129 0.999765 -0.021443 -3.462687 -0.039808 0.021301 0.998980 58.909896
0.999253 0.005301 0.038279 80.965574 -0.004412 0.999719 -0.023276 -3.465717 -0.038392 0.023089 0.998996 59.235624
0.999211 0.006670 0.039150 80.960019 -0.005887 0.999781 -0.020066 -3.504546 -0.039275 0.019820 0.999032 59.526738
0.999227 0.009550 0.038138 80.989500 -0.008920 0.999822 -0.016654 -3.542619 -0.038290 0.016301 0.999134 59.826762
0.999219 0.011053 0.037949 81.008167 -0.010530 0.999847 -0.013959 -3.564881 -0.038097 0.013549 0.999182 60.117228
0.999158 0.015411 0.038019 81.022185 -0.014877 0.999787 -0.014283 -3.591100 -0.038231 0.013706 0.999175 60.398838
0.999249 0.010593 0.037277 81.064889 -0.009944 0.999796 -0.017554 -3.610694 -0.037455 0.017170 0.999151 60.706908
0.999303 0.010874 0.035710 81.102630 -0.010075 0.999696 -0.022483 -3.641343 -0.035944 0.022107 0.999109 61.001154
0.999333 0.015455 0.033081 81.137389 -0.014723 0.999644 -0.022256 -3.653517 -0.033413 0.021754 0.999205 61.283412
0.999398 0.012889 0.032196 81.129796 -0.012492 0.999843 -0.012529 -3.703843 -0.032352 0.012120 0.999403 61.525062
0.999516 0.009325 0.029694 81.161852 -0.009195 0.999947 -0.004511 -3.698320 -0.029734 0.004236 0.999549 61.791660
0.999546 0.003709 0.029908 81.169259 -0.003653 0.999992 -0.001919 -3.741307 -0.029915 0.001809 0.999551 62.073486
