1.000000 0.000000 0.000000 0.000000 0.000000 1.000000 0.000000 0.000000 0.000000 0.000000 1.000000 0.000000
0.999024 -0.000630 -0.044175 0.711560 0.000684 0.999999 0.001207 0.022544 0.044175 -0.001236 0.999023 -0.206805
0.999993 -0.000810 -0.003657 0.361855 0.000806 0.999999 -0.000994 0.024726 0.003657 0.000991 0.999993 -0.010395
0.999149 -0.007336 0.040594 0.196642 0.007576 0.999955 -0.005770 0.020490 -0.040550 0.006073 0.999159 0.283074
0.996384 -0.010092 0.084365 0.415099 0.011032 0.999882 -0.010685 0.048320 -0.084247 0.011577 0.996378 0.435367
0.991616 -0.011442 0.128710 0.341986 0.013042 0.999848 -0.011595 0.037472 -0.128557 0.013177 0.991614 0.614097
0.984631 -0.015702 0.173942 0.236477 0.017761 0.999789 -0.010290 0.042588 -0.173744 0.013221 0.984702 0.723838
0.975379 -0.018748 0.219736 0.122624 0.021542 0.999715 -0.010327 0.023656 -0.219479 0.014807 0.975505 0.964085
0.963930 -0.023406 0.265124 -0.001963 0.027721 0.999537 -0.012546 0.005952 -0.264708 0.019443 0.964133 1.154430
0.951206 -0.024711 0.307566 0.900502 0.029934 0.999476 -0.012276 -0.052239 -0.307101 0.020884 0.951448 1.808854
0.936694 -0.027570 0.349062 1.820241 0.034013 0.999345 -0.012341 -0.110156 -0.348494 0.023432 0.937018 2.416573
0.920235 -0.026768 0.390450 2.697302 0.033331 0.999394 -0.010040 -0.152896 -0.389944 0.022253 0.920570 2.925657
0.901305 -0.028002 0.432279 3.612119 0.035265 0.999339 -0.008792 -0.206833 -0.431747 0.023169 0.901697 3.431528
0.880349 -0.030585 0.473339 4.527417 0.038186 0.999250 -0.006453 -0.253584 -0.472786 0.023756 0.880857 3.900127
0.861510 -0.031552 0.506758 6.406920 0.042064 0.999072 -0.009306 -0.214290 -0.505994 0.029334 0.862038 4.313462
0.837493 -0.035399 0.545300 7.284615 0.046274 0.998909 -0.006223 -0.261438 -0.544485 0.030445 0.838218 4.735402
0.811563 -0.036190 0.583143 8.036489 0.047919 0.998840 -0.004700 -0.299950 -0.582297 0.031758 0.812356 5.049694
0.798414 -0.035580 0.601057 11.692898 0.046738 0.998903 -0.002954 -0.245630 -0.600293 0.030451 0.799200 5.476993
0.769020 -0.035786 0.638222 12.061970 0.048417 0.998825 -0.002335 -0.230217 -0.637388 0.032696 0.769849 5.609288
0.739932 -0.035279 0.671755 13.960172 0.049909 0.998751 -0.002522 -0.268224 -0.670827 0.035393 0.740769 6.156988
0.706727 -0.035919 0.706574 15.607815 0.055508 0.998447 -0.004763 -0.264970 -0.705306 0.042587 0.707623 6.655959
0.678701 -0.036919 0.733486 17.282070 0.060180 0.998173 -0.005443 -0.239925 -0.731945 0.047835 0.679683 6.849495
0.648643 -0.036337 0.760225 18.915500 0.063963 0.997929 -0.006876 -0.201460 -0.758400 0.053086 0.649624 7.068265
0.614728 -0.036794 0.787881 20.433833 0.068121 0.997656 -0.006560 -0.255529 -0.785792 0.057704 0.615793 7.366858
0.579942 -0.036485 0.813840 21.686500 0.072031 0.997380 -0.006617 -0.236998 -0.811467 0.062459 0.581051 7.563764
0.547416 -0.042133 0.835799 22.698537 0.079726 0.996815 -0.001968 -0.263216 -0.833054 0.067712 0.549032 7.717729
0.515055 -0.046549 0.855892 23.557574 0.085826 0.996307 0.002538 -0.263905 -0.852849 0.072150 0.517149 7.828439
0.484246 -0.044787 0.873785 24.160315 0.086864 0.996216 0.002923 -0.263490 -0.870609 0.074485 0.486304 7.921168
0.453719 -0.044682 0.890024 24.628037 0.086609 0.996225 0.005862 -0.226984 -0.886926 0.074425 0.455877 7.989289
0.438111 -0.045945 0.897746 28.497889 0.087679 0.996115 0.008191 0.014166 -0.894635 0.075125 0.440437 7.883881
0.435503 -0.046797 0.898970 29.914426 0.086693 0.996186 0.009860 0.318613 -0.896003 0.073640 0.437899 7.255429
0.433916 -0.043259 0.899914 31.498148 0.082967 0.996521 0.007899 0.658103 -0.897125 0.071236 0.435995 6.489585
0.431190 -0.040886 0.901335 32.996852 0.079244 0.996829 0.007308 0.976583 -0.898775 0.068274 0.433062 5.835386
0.418720 -0.041285 0.907177 35.323056 0.078624 0.996863 0.009077 1.167665 -0.904706 0.067525 0.420652 5.602716
0.399100 -0.041394 0.915972 38.018019 0.077473 0.996930 0.011297 1.306781 -0.913628 0.066455 0.401082 5.576634
0.377335 -0.042077 0.925120 40.571778 0.076485 0.996970 0.014148 1.421833 -0.922913 0.065419 0.379411 5.607047
0.355372 -0.042144 0.933774 42.824389 0.076818 0.996921 0.015759 1.505654 -0.931563 0.066131 0.357515 5.650004
0.333246 -0.042496 0.941882 44.750611 0.079456 0.996696 0.016857 1.597557 -0.939486 0.069221 0.335522 5.738040
0.311877 -0.043029 0.949148 46.378667 0.081276 0.996521 0.018471 1.666211 -0.946640 0.071382 0.314289 5.806939
0.291718 -0.043507 0.955514 47.528759 0.086225 0.996094 0.019031 1.701350 -0.952610 0.076837 0.294330 5.900288
0.274002 -0.045991 0.960629 48.345167 0.092016 0.995527 0.021416 1.728871 -0.957317 0.082525 0.277008 5.935167
0.260003 -0.048164 0.964406 48.938074 0.097173 0.994990 0.023493 1.774885 -0.960706 0.087606 0.263381 5.906007
0.247428 -0.050210 0.967604 49.321537 0.099365 0.994706 0.026207 1.791673 -0.963798 0.089661 0.251107 5.909058
0.234072 -0.051441 0.970857 49.652519 0.101144 0.994469 0.028306 1.803924 -0.966944 0.091571 0.237980 5.959381
0.222275 -0.053388 0.973521 49.941981 0.102520 0.994244 0.031117 1.818007 -0.969579 0.092889 0.226469 5.970316
0.211459 -0.054406 0.975872 50.311426 0.104711 0.993964 0.032725 1.834423 -0.971762 0.095264 0.215879 5.990128
0.200382 -0.051321 0.978373 50.715370 0.104027 0.994096 0.030840 1.856730 -0.974179 0.095597 0.204538 6.044652
0.191648 -0.048756 0.980252 51.020574 0.102120 0.994335 0.029491 1.864020 -0.976137 0.094451 0.195541 6.070853
0.182544 -0.046481 0.982098 51.350574 0.101296 0.994456 0.028238 1.889131 -0.977966 0.094327 0.186241 6.090865
0.175801 -0.045614 0.983368 51.507222 0.101613 0.994431 0.027961 1.902385 -0.979167 0.095008 0.179457 6.100137
0.171690 -0.045683 0.984091 51.655407 0.102612 0.994320 0.028255 1.913139 -0.979792 0.096128 0.175402 6.080227
0.166412 -0.044397 0.985056 51.697759 0.103666 0.994237 0.027297 1.931367 -0.980592 0.097575 0.170055 6.105920
0.162194 -0.043304 0.985808 51.744315 0.104887 0.994133 0.026413 1.931502 -0.981169 0.099115 0.165785 6.123784
0.159568 -0.042551 0.986270 51.778296 0.104661 0.994169 0.025958 1.944181 -0.981623 0.099082 0.163091 6.113669
0.157433 -0.044695 0.986518 51.747019 0.107664 0.993797 0.027844 1.938480 -0.981643 0.101829 0.161269 6.126332
0.154796 -0.046457 0.986854 51.731185 0.113074 0.993163 0.029018 1.942467 -0.981454 0.107096 0.158991 6.167275
0.153896 -0.048384 0.986902 51.721537 0.110186 0.993411 0.031521 1.938176 -0.981924 0.103892 0.158214 6.158916
0.153131 -0.049309 0.986975 51.722241 0.110179 0.993379 0.032535 1.938939 -0.982044 0.103762 0.157550 6.152252
0.153626 -0.050335 0.986846 51.752593 0.110808 0.993280 0.033413 1.953117 -0.981896 0.104218 0.158171 6.145843
0.153746 -0.050134 0.986838 51.801074 0.112364 0.993121 0.032947 1.951709 -0.981701 0.105819 0.158321 6.153505
0.151466 -0.048862 0.987254 51.810185 0.113690 0.993010 0.031705 1.958154 -0.981903 0.107439 0.155962 6.229321
0.153143 -0.049099 0.986984 51.875352 0.113684 0.993009 0.031759 1.932170 -0.981643 0.107341 0.157654 6.244317
0.155239 -0.050073 0.986607 51.957315 0.109037 0.993481 0.033265 1.931346 -0.981841 0.102412 0.159687 6.253081
0.152966 -0.050305 0.986950 51.930333 0.111599 0.993194 0.033326 1.890969 -0.981910 0.105045 0.157538 6.372351
0.154272 -0.050178 0.986753 51.981074 0.110229 0.993349 0.033280 1.886528 -0.981860 0.103635 0.158777 6.405323
0.156684 -0.050529 0.986356 52.056019 0.109376 0.993435 0.033517 1.881537 -0.981574 0.102632 0.161182 6.429321
0.153432 -0.049875 0.986900 52.074519 0.111362 0.993236 0.032882 1.829917 -0.981864 0.104858 0.157948 6.571940
0.153087 -0.050903 0.986901 52.168722 0.109910 0.993353 0.034187 1.797668 -0.982082 0.103237 0.157664 6.616463
0.155503 -0.053445 0.986389 52.244556 0.111074 0.993149 0.036301 1.814934 -0.981571 0.103917 0.160374 6.613871
0.155013 -0.056166 0.986314 52.235926 0.112634 0.992877 0.038837 1.798856 -0.981471 0.105073 0.160236 6.666370
0.153859 -0.055716 0.986521 52.236907 0.113257 0.992823 0.038408 1.764034 -0.981581 0.105821 0.159065 6.747133
0.154661 -0.055942 0.986383 52.269667 0.116383 0.992476 0.038039 1.739748 -0.981089 0.108915 0.160008 6.786995
0.155800 -0.057289 0.986126 52.319204 0.113009 0.992796 0.039822 1.733843 -0.981303 0.105236 0.161152 6.780780
0.156818 -0.058520 0.985892 52.341704 0.115062 0.992528 0.040612 1.720724 -0.980902 0.107071 0.162380 6.796602
0.156345 -0.060543 0.985845 52.304870 0.113451 0.992614 0.042967 1.679617 -0.981165 0.105127 0.162059 6.845251
0.156409 -0.060511 0.985837 52.390056 0.114139 0.992542 0.042813 1.688382 -0.981075 0.105826 0.162149 6.881096
0.155039 -0.062683 0.985918 52.399870 0.114855 0.992361 0.045031 1.646741 -0.981209 0.106256 0.161054 6.961070
0.154944 -0.064100 0.985842 52.588741 0.118862 0.991853 0.045809 1.595321 -0.980747 0.110082 0.161301 7.007251
0.153611 -0.063380 0.986097 52.805389 0.116298 0.992165 0.045653 1.606290 -0.981264 0.107668 0.159778 7.061747
0.150978 -0.063018 0.986526 53.126111 0.114995 0.992310 0.045788 1.595752 -0.981826 0.106533 0.157064 7.132034
0.151361 -0.063210 0.986455 55.530130 0.113013 0.992516 0.046257 1.696371 -0.981997 0.104481 0.157372 7.218126
0.146296 -0.063171 0.987222 57.538426 0.109637 0.992846 0.047284 1.772124 -0.983147 0.101319 0.152175 7.401116
0.146494 -0.064016 0.987138 59.794926 0.112301 0.992529 0.047700 1.864507 -0.982816 0.103869 0.152588 7.491965
0.145779 -0.065221 0.987165 59.809019 0.102815 0.993420 0.050451 1.879098 -0.983960 0.094140 0.151525 7.508425
0.145182 -0.064371 0.987309 59.873833 0.103252 0.993418 0.049586 1.892331 -0.984003 0.094743 0.150873 7.517923
0.139657 -0.063656 0.988152 59.882370 0.099323 0.993799 0.049983 1.878887 -0.985206 0.091165 0.145113 7.568516
0.141360 -0.066257 0.987738 60.027426 0.103273 0.993301 0.051850 1.880307 -0.984557 0.094677 0.147255 7.520715
0.134659 -0.065180 0.988746 60.245315 0.100263 0.993609 0.051846 1.909915 -0.985807 0.092153 0.140333 7.557889
0.129359 -0.066710 0.989351 60.649815 0.099077 0.993611 0.054043 1.918698 -0.986636 0.091031 0.135142 7.585542
0.129546 -0.067353 0.989283 60.856463 0.093130 0.994107 0.055486 1.962093 -0.987190 0.084944 0.135055 7.502512
0.124835 -0.065880 0.989988 61.022000 0.091638 0.994294 0.054612 1.986998 -0.987937 0.083903 0.130159 7.488104
0.120489 -0.064057 0.990646 61.274796 0.090550 0.994465 0.053291 2.013302 -0.988576 0.083282 0.125622 7.462395
0.123861 -0.065139 0.990159 61.418463 0.091215 0.994366 0.054005 2.056478 -0.988098 0.083628 0.129104 7.329803
0.105802 -0.062997 0.992390 61.796667 0.084753 0.994931 0.054123 2.086620 -0.990769 0.078382 0.110605 7.437512
0.096534 -0.063115 0.993327 62.242148 0.079398 0.995295 0.055524 2.127174 -0.992158 0.073509 0.101091 7.450623
0.099939 -0.063843 0.992943 62.401741 0.083577 0.994951 0.055560 2.153481 -0.991477 0.077435 0.104770 7.396434
0.090633 -0.064523 0.993792 64.828889 0.081779 0.995011 0.057144 2.254391 -0.992521 0.076092 0.095457 7.517399
0.085133 -0.063840 0.994322 67.374796 0.085890 0.994701 0.056510 2.369570 -0.992661 0.080591 0.090165 7.609561
0.077738 -0.061399 0.995081 69.874426 0.085881 0.994804 0.054672 2.507830 -0.993268 0.081209 0.082607 7.691123
0.072260 -0.062555 0.995422 72.673093 0.083755 0.994887 0.056441 2.610893 -0.993863 0.079294 0.077130 7.762208
0.065800 -0.062908 0.995848 74.951741 0.084982 0.994738 0.057223 2.695702 -0.994207 0.080864 0.070800 7.873400
0.059791 -0.061643 0.996306 77.300815 0.083434 0.994907 0.056550 2.838731 -0.994718 0.079744 0.064629 7.929047
0.052781 -0.063164 0.996606 79.999685 0.082036 0.994899 0.058711 2.930967 -0.995231 0.078659 0.057693 8.032829
0.047624 -0.063566 0.996841 82.749296 0.084245 0.994673 0.059402 3.033400 -0.995306 0.081150 0.052726 8.123879
0.041439 -0.063742 0.997106 84.872167 0.080836 0.994905 0.060242 3.143833 -0.995866 0.078105 0.046380 8.204668
0.036646 -0.063939 0.997281 87.658296 0.080718 0.994880 0.060819 3.283550 -0.996063 0.078270 0.041619 8.226079
0.036214 -0.063938 0.997297 91.759778 0.075771 0.995254 0.061055 3.552419 -0.996467 0.073355 0.040887 8.176880
0.028134 -0.063029 0.997615 94.047648 0.069277 0.995733 0.060956 3.697172 -0.997201 0.067397 0.032381 8.235734
0.023304 -0.063268 0.997725 96.325074 0.069573 0.995679 0.061513 3.806083 -0.997305 0.067981 0.027605 8.248241
0.019143 -0.064407 0.997740 98.567315 0.066868 0.995771 0.062997 3.923904 -0.997578 0.065511 0.023368 8.254699
0.010071 -0.061704 0.998044 100.809037 0.063836 0.996098 0.060940 4.091978 -0.997910 0.063098 0.013971 8.306107
0.004319 -0.061736 0.998083 102.982500 0.065917 0.995939 0.061318 4.194993 -0.997816 0.065526 0.008370 8.342552
0.000064 -0.061825 0.998087 105.101407 0.064846 0.995987 0.061691 4.298646 -0.997895 0.064718 0.004073 8.361814
-0.004166 -0.061729 0.998084 107.553630 0.064754 0.995981 0.061869 4.436665 -0.997893 0.064887 -0.000153 8.354286
-0.009676 -0.061300 0.998073 109.402926 0.062295 0.996143 0.061785 4.549696 -0.998011 0.062773 -0.005820 8.388868
-0.013758 -0.062894 0.997925 111.396222 0.060868 0.996116 0.063619 4.651483 -0.998051 0.061617 -0.009877 8.383937
-0.017735 -0.061781 0.997932 113.681315 0.062450 0.996072 0.062776 4.787520 -0.997891 0.063434 -0.013807 8.375632
-0.022242 -0.060762 0.997904 115.910778 0.062487 0.996115 0.062046 4.910415 -0.997798 0.063736 -0.018359 8.388868
-0.026031 -0.061103 0.997792 116.066093 0.059398 0.996272 0.062560 4.914419 -0.997895 0.060895 -0.022305 8.387177
-0.030303 -0.059375 0.997776 116.222926 0.061752 0.996216 0.061157 4.921739 -0.997632 0.063467 -0.026522 8.395547
-0.032789 -0.059586 0.997685 116.353204 0.058929 0.996369 0.061444 4.932581 -0.997724 0.060807 -0.029158 8.370194
-0.036874 -0.059479 0.997548 116.500796 0.061426 0.996205 0.061669 4.923957 -0.997430 0.063549 -0.033081 8.402503
-0.040448 -0.058125 0.997490 116.640630 0.065087 0.996033 0.060679 4.924130 -0.997059 0.067378 -0.036504 8.433002
-0.040277 -0.061470 0.997296 116.674907 0.066132 0.995753 0.064046 4.914483 -0.996998 0.068533 -0.036041 8.378640
-0.041895 -0.061341 0.997237 116.728926 0.066686 0.995716 0.064049 4.945198 -0.996894 0.069185 -0.037625 8.346251
-0.043312 -0.061471 0.997169 116.787852 0.066441 0.995718 0.064268 4.970850 -0.996850 0.069036 -0.039042 8.333199
-0.042827 -0.064443 0.997002 116.822963 0.063904 0.995697 0.067104 4.985728 -0.997037 0.066586 -0.038525 8.271283
-0.043701 -0.064288 0.996974 116.877389 0.062731 0.995782 0.066961 5.011922 -0.997073 0.065467 -0.039484 8.232100
-0.043200 -0.061996 0.997141 116.939778 0.062321 0.995962 0.064623 5.044611 -0.997121 0.064934 -0.039162 8.191433
-0.045100 -0.059965 0.997181 117.038759 0.062572 0.996067 0.062728 5.069061 -0.997021 0.065224 -0.041171 8.154956
-0.047796 -0.059462 0.997086 117.132463 0.058101 0.996371 0.062205 5.095739 -0.997166 0.060904 -0.044168 8.128706
-0.049022 -0.058188 0.997101 117.238815 0.054834 0.996639 0.060857 5.132231 -0.997291 0.057659 -0.045667 8.079772
-0.053169 -0.058400 0.996876 117.365556 0.053487 0.996689 0.061242 5.141704 -0.997152 0.056576 -0.049869 8.067778
-0.055313 -0.060427 0.996639 117.435407 0.053430 0.996558 0.063387 5.152080 -0.997039 0.056757 -0.051895 8.026754
-0.060109 -0.059749 0.996402 117.579426 0.053706 0.996568 0.062999 5.166817 -0.996746 0.057299 -0.056693 8.042414
-0.063623 -0.061046 0.996105 117.688185 0.050312 0.996662 0.064293 5.179078 -0.996705 0.054207 -0.060339 8.011148
-0.066266 -0.062580 0.995838 117.809944 0.047134 0.996721 0.065772 5.208619 -0.996688 0.051296 -0.063099 7.896695
-0.069705 -0.064984 0.995449 117.834574 0.041689 0.996815 0.067992 5.190015 -0.996696 0.046238 -0.066774 7.877914
-0.072107 -0.064152 0.995332 117.896407 0.034065 0.997189 0.066740 5.233104 -0.996815 0.038719 -0.069719 7.863307
-0.072878 -0.063669 0.995307 117.955333 0.043759 0.996795 0.066969 5.200089 -0.996381 0.048434 -0.069858 7.854802
-0.073951 -0.064521 0.995173 118.008241 0.045280 0.996659 0.067982 5.198141 -0.996233 0.050089 -0.070783 7.848284
-0.076546 -0.066266 0.994861 118.013259 0.045321 0.996526 0.069864 5.190161 -0.996035 0.050436 -0.073277 7.865413
-0.076423 -0.065820 0.994901 118.120444 0.049592 0.996333 0.069724 5.208857 -0.995841 0.054668 -0.072878 7.874609
-0.077727 -0.071667 0.994396 118.151148 0.046897 0.996046 0.075452 5.143839 -0.995871 0.052498 -0.074059 7.815582
-0.079771 -0.066179 0.994614 118.226019 0.047911 0.996386 0.070140 5.213328 -0.995661 0.053248 -0.076312 7.836993
-0.080439 -0.070817 0.994241 118.250648 0.042357 0.996329 0.074393 5.182663 -0.995859 0.048098 -0.077144 7.711011
-0.080287 -0.066572 0.994546 118.334111 0.047029 0.996403 0.070492 5.224183 -0.995662 0.052432 -0.076867 7.683223
-0.079787 -0.069445 0.994390 118.405630 0.043782 0.996363 0.073096 5.195000 -0.995850 0.049368 -0.076456 7.572820
-0.081507 -0.069696 0.994233 118.522537 0.043779 0.996339 0.073432 5.202950 -0.995711 0.049512 -0.078158 7.551225
-0.082720 -0.068922 0.994187 118.577963 0.044906 0.996335 0.072807 5.219494 -0.995561 0.050667 -0.079322 7.556042
-0.084913 -0.075542 0.993521 122.598593 0.043662 0.995882 0.079453 5.434531 -0.995431 0.050125 -0.081265 7.458075
-0.083727 -0.071455 0.993924 122.762315 0.050599 0.995834 0.075855 5.451107 -0.995203 0.056642 -0.079762 7.538206
-0.085729 -0.070597 0.993814 122.906611 0.047822 0.996045 0.074881 5.455465 -0.995170 0.053946 -0.082014 7.496647
-0.085251 -0.071725 0.993775 123.176296 0.047034 0.996004 0.075921 5.494983 -0.995249 0.053213 -0.081537 7.466672
-0.087661 -0.072864 0.993482 123.231704 0.045718 0.995976 0.077081 5.499220 -0.995101 0.052177 -0.083977 7.458113
-0.088418 -0.075305 0.993233 123.270000 0.043329 0.995904 0.079365 5.478013 -0.995141 0.050053 -0.084793 7.420432
-0.091138 -0.075162 0.992998 126.027611 0.042931 0.995924 0.079324 5.697813 -0.994913 0.049860 -0.087540 7.374899
-0.094909 -0.072937 0.992810 128.449444 0.044015 0.996030 0.077382 5.884813 -0.994512 0.051043 -0.091322 7.289654
-0.097180 -0.071235 0.992714 131.117593 0.042456 0.996231 0.075643 6.095650 -0.994361 0.049497 -0.093789 7.194641
-0.101746 -0.071484 0.992239 133.868019 0.041930 0.996220 0.076071 6.251685 -0.993926 0.049344 -0.098364 7.107415
-0.104649 -0.070485 0.992008 136.987796 0.043833 0.996189 0.075406 6.461180 -0.993543 0.051374 -0.101161 7.002401
-0.107523 -0.069438 0.991775 139.742407 0.043598 0.996269 0.074479 6.671639 -0.993246 0.051248 -0.104095 6.908679
-0.111642 -0.069866 0.991290 142.489778 0.040490 0.996377 0.074784 6.815167 -0.992923 0.048487 -0.108409 6.824045
-0.116213 -0.070023 0.990753 145.561185 0.038944 0.996423 0.074991 7.041541 -0.992461 0.047299 -0.113070 6.712578
-0.120438 -0.070072 0.990245 148.891130 0.039317 0.996386 0.075289 7.270346 -0.991942 0.048001 -0.117247 6.592779
-0.123454 -0.068432 0.989988 148.948296 0.043467 0.996289 0.074288 7.266681 -0.991398 0.052203 -0.120021 6.609379
-0.126416 -0.068075 0.989639 152.678259 0.046922 0.996115 0.074515 7.509194 -0.990867 0.055855 -0.122731 6.491275
-0.129724 -0.069695 0.989098 155.727870 0.041730 0.996259 0.075673 7.716552 -0.990672 0.051091 -0.126330 6.368144
-0.132953 -0.067324 0.988833 158.779519 0.045708 0.996212 0.073972 7.922048 -0.990068 0.055032 -0.129373 6.270723
-0.136657 -0.064518 0.988515 161.703389 0.047788 0.996286 0.071632 8.115137 -0.989465 0.057028 -0.133067 6.169538
-0.138987 -0.063128 0.988280 161.879704 0.050250 0.996231 0.070702 8.113252 -0.989019 0.059487 -0.135291 6.281836
-0.141131 -0.063775 0.987935 161.992630 0.048143 0.996300 0.071193 8.095580 -0.988820 0.057610 -0.137539 6.233576
-0.141366 -0.065031 0.987819 162.172093 0.045898 0.996336 0.072160 8.119893 -0.988893 0.055540 -0.137863 6.188130
-0.142290 -0.065075 0.987684 162.618444 0.047447 0.996241 0.072475 8.153643 -0.988687 0.057175 -0.138667 6.135372
-0.146346 -0.065037 0.987093 165.325870 0.044029 0.996419 0.072179 8.347115 -0.988253 0.054024 -0.142959 6.032880
-0.149082 -0.065027 0.986684 167.121852 0.039836 0.996630 0.071701 8.474198 -0.988022 0.049995 -0.145989 5.963620
-0.151470 -0.064390 0.986362 167.144593 0.038750 0.996722 0.071017 8.478291 -0.987702 0.048979 -0.148479 6.006004
-0.153618 -0.069994 0.985648 170.681074 0.035980 0.996430 0.076367 8.677483 -0.987475 0.047195 -0.150551 5.807986
-0.152984 -0.070951 0.985678 173.639778 0.037984 0.996260 0.077608 8.901291 -0.987498 0.049313 -0.149717 5.650533
-0.155709 -0.069051 0.985387 176.460019 0.039492 0.996321 0.076058 9.097446 -0.987013 0.050758 -0.152409 5.551578
-0.158747 -0.069332 0.984882 179.404148 0.037525 0.996387 0.076191 9.320141 -0.986606 0.049053 -0.155572 5.425952
-0.160096 -0.071675 0.984496 183.938167 0.035198 0.996312 0.078259 9.683515 -0.986474 0.047182 -0.156982 5.133558
-0.163930 -0.070504 0.983949 186.821852 0.037113 0.996296 0.077572 9.890487 -0.985773 0.049234 -0.160707 5.031325
-0.168078 -0.067986 0.983426 190.337593 0.035752 0.996542 0.075003 10.160596 -0.985125 0.047765 -0.165067 4.864486
-0.166365 -0.069008 0.983647 194.030926 0.025651 0.996908 0.074277 10.469100 -0.985731 0.037588 -0.164081 4.568756
-0.168451 -0.064163 0.983620 197.251481 0.034734 0.996873 0.070976 10.715919 -0.985098 0.046121 -0.165696 4.424271
-0.173099 -0.064985 0.982758 200.139815 0.032522 0.996900 0.071649 10.908926 -0.984367 0.044364 -0.170448 4.282694
-0.178248 -0.068431 0.981603 202.910185 0.021413 0.997073 0.073397 11.102552 -0.983753 0.034102 -0.176261 4.142844
-0.184787 -0.066765 0.980508 206.176667 0.026823 0.996976 0.072941 11.328659 -0.982413 0.039779 -0.182438 4.004000
-0.192111 -0.067547 0.979046 209.447963 0.024158 0.997001 0.073526 11.554926 -0.981076 0.037777 -0.189903 3.849281
-0.194452 -0.065586 0.978717 212.363889 0.028721 0.996954 0.072514 11.786265 -0.980491 0.042211 -0.191976 3.678482
-0.196948 -0.065391 0.978231 215.817963 0.034791 0.996679 0.073629 12.002676 -0.979797 0.048535 -0.194019 3.458378
-0.201223 -0.065409 0.977359 219.109444 0.037245 0.996536 0.074361 12.233546 -0.978837 0.051365 -0.198090 3.275530
-0.205803 -0.071835 0.975953 222.606667 0.033958 0.996177 0.080484 12.402354 -0.978004 0.049705 -0.202577 3.078706
-0.209458 -0.067832 0.975462 222.652222 0.043587 0.995952 0.078616 12.424400 -0.976846 0.058984 -0.205653 3.042951
-0.213062 -0.064944 0.974878 225.825741 0.048042 0.995885 0.076843 12.670013 -0.975857 0.063207 -0.209065 2.849521
-0.219975 -0.067083 0.973196 229.368889 0.046464 0.995780 0.079142 12.890681 -0.974398 0.062628 -0.215930 2.641424
-0.228126 -0.071585 0.970997 232.963148 0.030268 0.996290 0.080560 13.169811 -0.973161 0.047768 -0.225113 2.464523
-0.226634 -0.068172 0.971592 233.982593 0.053611 0.995162 0.082331 13.211828 -0.972503 0.070747 -0.221883 2.317415
-0.234827 -0.069818 0.969527 237.414444 0.044167 0.995621 0.082395 13.484559 -0.971033 0.062170 -0.230715 2.136286
-0.239570 -0.073581 0.968087 240.648148 0.049154 0.994926 0.087785 13.657883 -0.969634 0.068616 -0.234737 1.929216
-0.244132 -0.073971 0.966917 243.766852 0.056385 0.994317 0.090303 13.870902 -0.968101 0.076565 -0.238574 1.753734
-0.249748 -0.074201 0.965464 245.176667 0.051973 0.994595 0.089885 13.995446 -0.966915 0.072627 -0.244541 1.642937
-0.261158 -0.076711 0.962243 246.969630 0.044648 0.994811 0.091425 14.100328 -0.964263 0.066839 -0.256378 1.541020
-0.260567 -0.072389 0.962738 248.490556 0.047244 0.995035 0.087604 14.267941 -0.964299 0.068310 -0.255853 1.404214
-0.265073 -0.077133 0.961138 253.326111 0.043974 0.994791 0.091962 14.602757 -0.963225 0.066642 -0.260300 1.015680
-0.264663 -0.075467 0.961383 253.586481 0.050660 0.994468 0.092011 14.637898 -0.963009 0.073055 -0.259376 0.955142
-0.265577 -0.076890 0.961019 253.897222 0.053825 0.994077 0.094410 14.623450 -0.962586 0.076800 -0.259865 0.938507
-0.260439 -0.075605 0.962526 257.846296 0.051548 0.994418 0.092058 15.033478 -0.964113 0.073592 -0.255088 0.533867
-0.257025 -0.086087 0.962563 265.576296 0.051339 0.993402 0.102554 15.611611 -0.965040 0.075776 -0.250910 -0.126639
-0.254488 -0.087742 0.963087 265.667593 0.047460 0.993542 0.103058 15.627765 -0.965911 0.071935 -0.248680 -0.298580
-0.257106 -0.090697 0.962118 269.837778 0.041217 0.993651 0.104684 16.035619 -0.965504 0.066570 -0.251735 -0.572779
-0.259561 -0.088468 0.961666 273.642407 0.053102 0.992981 0.105681 16.381211 -0.964266 0.078497 -0.253041 -0.736487
-0.262568 -0.093307 0.960392 278.385185 0.054532 0.992288 0.111314 16.788894 -0.963372 0.081600 -0.255454 -1.157748
-0.262146 -0.095018 0.960339 283.138704 0.053056 0.992217 0.112655 17.285894 -0.963569 0.080484 -0.255064 -1.591108
-0.263564 -0.102165 0.959217 289.711852 0.043496 0.992106 0.117620 17.934548 -0.963661 0.072722 -0.257039 -2.129828
-0.263340 -0.103080 0.959180 292.930926 0.024196 0.993256 0.113385 18.329117 -0.964400 0.053067 -0.259070 -2.511782
-0.265824 -0.094145 0.959414 294.242778 0.024918 0.994216 0.104464 18.492954 -0.963700 0.051676 -0.261941 -2.761508
-0.269051 -0.082120 0.959619 297.812407 0.040668 0.994501 0.096507 18.875852 -0.962267 0.064991 -0.264231 -2.984361
-0.268572 -0.087898 0.959241 298.440926 0.045506 0.993558 0.103784 18.882167 -0.962184 0.071525 -0.262842 -3.164088
-0.267664 -0.102378 0.958058 298.450370 0.041861 0.992164 0.117718 18.827704 -0.962602 0.071614 -0.261281 -3.244098
-0.270061 -0.117556 0.955640 304.849630 0.038238 0.990426 0.132641 19.496574 -0.962084 0.072362 -0.262980 -3.676621
-0.271082 -0.123155 0.954645 309.981111 0.036416 0.989759 0.138025 20.155870 -0.961867 0.072181 -0.263821 -4.156309
-0.369850 -0.154956 0.916079 329.190556 0.132692 0.967076 0.217154 20.268463 -0.919567 0.201871 -0.337112 -2.689062
-0.409242 -0.158000 0.898642 350.338333 0.128095 0.965190 0.228036 21.265056 -0.903389 0.208434 -0.374757 -0.784089
-0.445929 -0.148832 0.882608 368.810556 0.124732 0.966124 0.225935 22.147259 -0.886335 0.210840 -0.412259 1.221712
-0.480012 -0.147513 0.864771 383.751111 0.112263 0.967327 0.227321 22.047148 -0.870049 0.206199 -0.447768 3.579179
-0.507840 -0.144836 0.849189 411.686111 0.086693 0.972168 0.217655 25.672167 -0.857078 0.184152 -0.481149 3.880253
-0.524161 -0.156171 0.837178 439.909444 0.074326 0.970902 0.227652 28.637704 -0.848370 0.181550 -0.497301 5.201379
-0.534899 -0.159370 0.829750 470.253333 0.062927 0.971808 0.227221 32.663704 -0.842570 0.173754 -0.509790 6.010448
-0.545578 -0.159772 0.822689 503.999259 0.061119 0.971460 0.229196 38.285093 -0.835828 0.175326 -0.520242 4.568276
-0.544538 -0.157537 0.823809 543.808333 0.067937 0.970691 0.230531 44.819796 -0.835981 0.181500 -0.517875 3.747764
-0.551824 -0.157756 0.818904 581.695370 0.063741 0.971094 0.230027 51.132741 -0.831522 0.179133 -0.525817 2.239568
-0.585280 -0.157566 0.795374 616.427963 0.054459 0.971083 0.232448 55.677537 -0.809001 0.179363 -0.559774 3.764024
-0.603059 -0.157956 0.781902 647.646296 0.043958 0.972129 0.230288 60.121407 -0.796485 0.173248 -0.579308 4.339542
-0.613799 -0.158795 0.773327 683.005926 0.037019 0.972695 0.229115 66.073556 -0.788594 0.169258 -0.591161 3.220943
-0.626744 -0.176860 0.758889 719.285741 0.021839 0.969533 0.243987 71.982667 -0.778919 0.169491 -0.603786 2.108356
-0.663162 -0.178208 0.726951 752.860370 0.004089 0.970365 0.241610 78.068963 -0.748465 0.163199 -0.642780 1.579989
-0.703175 -0.179801 0.687908 784.592037 -0.015198 0.971078 0.238279 83.832000 -0.710854 0.157097 -0.685570 1.235693
-0.712349 -0.192239 0.674984 810.444444 -0.037328 0.970771 0.237086 88.223611 -0.700833 0.143692 -0.698704 1.532592
-0.737315 -0.172165 0.653242 845.165370 0.034358 0.956172 0.290783 94.293778 -0.674675 0.236843 -0.699085 -0.085342
-0.747328 -0.174045 0.641256 876.244444 0.022624 0.957861 0.286342 99.855889 -0.664070 0.228499 -0.711899 -0.584983
-0.766649 -0.167463 0.619843 903.685741 0.022750 0.957696 0.286880 104.729963 -0.641663 0.234038 -0.730407 -1.244687
-0.778012 -0.175517 0.603235 932.552963 0.002299 0.959380 0.282106 110.440833 -0.628246 0.220869 -0.746006 -2.422814
-0.791874 -0.179462 0.583719 961.440185 -0.009449 0.959332 0.282123 116.584796 -0.610611 0.217890 -0.761366 -3.987424
-0.816451 -0.186346 0.546519 981.889444 -0.024567 0.956846 0.289555 120.594574 -0.576892 0.222981 -0.785796 -5.340344
-0.839787 -0.182584 0.511294 1003.165000 -0.028414 0.955244 0.294450 125.183167 -0.542173 0.232748 -0.807389 -7.022084
-0.892807 -0.183506 0.411365 1027.021481 -0.060751 0.953964 0.293704 129.670722 -0.446324 0.237230 -0.862854 -7.951111
-0.910779 -0.191412 0.365845 1047.999630 -0.086688 0.954950 0.283823 134.732463 -0.403691 0.226785 -0.886342 -10.420380
-0.927318 -0.198384 0.317372 1067.985185 -0.106914 0.953041 0.283341 139.517370 -0.358679 0.228816 -0.904982 -12.607321
-0.937660 -0.215013 0.273064 1081.619815 -0.137634 0.951156 0.276333 143.402222 -0.319141 0.221524 -0.921453 -14.681007
-0.937317 -0.207571 0.279913 1083.115000 -0.127132 0.951567 0.279924 144.816315 -0.324460 0.226792 -0.918309 -16.084321
-0.934868 -0.210807 0.285626 1084.255000 -0.129564 0.951704 0.278338 146.038889 -0.330508 0.223203 -0.917031 -17.292080
-0.931259 -0.218874 0.291291 1085.293704 -0.137980 0.951771 0.274032 147.242407 -0.337220 0.215002 -0.916546 -18.543589
-0.927609 -0.228131 0.295800 1086.322593 -0.145700 0.950096 0.275842 148.299148 -0.343966 0.212775 -0.914557 -19.654310
-0.923295 -0.236805 0.302408 1087.685370 -0.152501 0.948625 0.277226 149.388556 -0.352520 0.209844 -0.911973 -20.720135
-0.921244 -0.238360 0.307398 1088.910926 -0.152887 0.948536 0.277319 150.460685 -0.357679 0.208482 -0.910275 -21.796414
-0.919679 -0.245507 0.306458 1090.445556 -0.160322 0.947199 0.277687 151.637722 -0.358451 0.206251 -0.910479 -22.945648
-0.920623 -0.240496 0.307596 1091.808889 -0.153628 0.947362 0.280899 152.839389 -0.358960 0.211346 -0.909110 -24.143330
-0.920668 -0.237662 0.309658 1093.612593 -0.148955 0.947161 0.284076 154.305389 -0.360810 0.215415 -0.907421 -25.492898
-0.921974 -0.232944 0.309356 1095.087593 -0.142034 0.946589 0.289474 155.525000 -0.360264 0.222949 -0.905817 -26.719324
-0.920399 -0.234085 0.313162 1096.757037 -0.142951 0.946985 0.287722 157.105630 -0.363911 0.220052 -0.905067 -28.236465
-0.920710 -0.231481 0.314180 1096.798889 -0.141467 0.948297 0.284114 157.159093 -0.363703 0.217140 -0.905853 -28.253497
-0.921364 -0.227490 0.315177 1096.871296 -0.137136 0.948952 0.284049 157.205944 -0.363706 0.218490 -0.905528 -28.298830
-0.920458 -0.231837 0.314656 1097.084259 -0.141442 0.948096 0.284794 157.273407 -0.364350 0.217635 -0.905475 -28.333967
-0.920266 -0.232750 0.314545 1096.916667 -0.141308 0.947291 0.287529 157.229185 -0.364887 0.220155 -0.904649 -28.389793
-0.920805 -0.228885 0.315799 1098.777778 -0.133601 0.945813 0.295952 158.803222 -0.366426 0.230323 -0.901489 -29.966096
-0.921291 -0.231951 0.312124 1101.141667 -0.139301 0.946220 0.291998 160.520815 -0.363068 0.225536 -0.904055 -31.368028
-0.920499 -0.227266 0.317856 1102.210000 -0.131517 0.946197 0.295659 161.905574 -0.367947 0.230350 -0.900863 -32.819051
-0.918848 -0.233207 0.318327 1102.374074 -0.138833 0.946159 0.292418 161.991481 -0.369382 0.224494 -0.901753 -32.812290
-0.918185 -0.235794 0.318336 1102.584815 -0.141774 0.945933 0.291738 162.032778 -0.369915 0.222737 -0.901971 -32.823484
-0.916905 -0.231535 0.325078 1102.664630 -0.135321 0.946628 0.292548 162.382074 -0.375464 0.224249 -0.899299 -33.269184
-0.916578 -0.232304 0.325452 1102.956852 -0.136513 0.946821 0.291365 162.472852 -0.375831 0.222630 -0.899548 -33.265517
-0.915884 -0.234473 0.325852 1102.881667 -0.138635 0.946500 0.291406 162.454815 -0.376746 0.221720 -0.899391 -33.274363
-0.915391 -0.236106 0.326057 1103.208704 -0.139644 0.945891 0.292898 162.525241 -0.377569 0.222584 -0.898831 -33.275167
-0.913709 -0.233775 0.332394 1103.533704 -0.134650 0.945920 0.295135 162.878370 -0.383413 0.224911 -0.895773 -33.619909
-0.910999 -0.233186 0.340154 1103.757593 -0.133166 0.946944 0.292514 163.298389 -0.390317 0.221184 -0.893717 -34.046017
-0.908336 -0.234684 0.346193 1104.015926 -0.130320 0.945340 0.298913 163.556889 -0.397420 0.226398 -0.889270 -34.404658
-0.906189 -0.234767 0.351718 1104.178519 -0.127835 0.944905 0.301350 163.808204 -0.403087 0.228118 -0.886275 -34.664738
-0.904493 -0.235877 0.355324 1104.380556 -0.128485 0.945135 0.300351 163.953352 -0.406675 0.226011 -0.885175 -34.738945
-0.903059 -0.236991 0.358217 1104.299259 -0.129597 0.945475 0.298800 163.973315 -0.409498 0.223411 -0.884533 -34.770227
-0.903441 -0.235890 0.357982 1104.205741 -0.127070 0.944832 0.301904 163.942500 -0.409449 0.227264 -0.883574 -34.815344
-0.901300 -0.243670 0.358166 1104.495926 -0.133109 0.942582 0.306304 163.913296 -0.412238 0.228397 -0.881984 -34.800673
-0.901036 -0.243563 0.358902 1104.498333 -0.133491 0.943007 0.304824 163.927074 -0.412691 0.226747 -0.882197 -34.804825
-0.900993 -0.243003 0.359391 1104.667037 -0.132885 0.943170 0.304585 163.972611 -0.412982 0.226671 -0.882081 -34.789208
-0.901030 -0.242586 0.359579 1104.617963 -0.131984 0.943011 0.305467 163.952574 -0.413189 0.227776 -0.881699 -34.820701
-0.901301 -0.240913 0.360024 1104.673519 -0.129709 0.943047 0.306329 163.959019 -0.413318 0.229396 -0.881218 -34.840735
-0.900469 -0.243755 0.360195 1104.702222 -0.131801 0.942178 0.308107 163.944241 -0.414470 0.229966 -0.880529 -34.855078
-0.899972 -0.245151 0.360487 1104.703519 -0.132206 0.941442 0.310173 163.935056 -0.415417 0.231489 -0.879683 -34.879432
-0.900399 -0.242219 0.361402 1104.920370 -0.129095 0.942019 0.309732 164.025981 -0.415471 0.232227 -0.879463 -34.873805
-0.901072 -0.238806 0.361996 1105.135556 -0.125540 0.942625 0.309351 164.074315 -0.415101 0.233303 -0.879353 -34.864646
-0.901935 -0.233764 0.363136 1105.098333 -0.120603 0.943724 0.307962 164.098574 -0.414691 0.233966 -0.879370 -34.893245
-0.901014 -0.234825 0.364734 1105.542778 -0.121317 0.943664 0.307863 164.186556 -0.416480 0.233141 -0.878743 -34.860110
-0.900660 -0.234919 0.365548 1105.561296 -0.119663 0.942823 0.311071 164.220407 -0.417724 0.236426 -0.877274 -34.930251
-0.899392 -0.234464 0.368946 1105.872778 -0.117745 0.942733 0.312074 164.393426 -0.420988 0.237235 -0.875494 -35.061763
-0.898204 -0.233996 0.372124 1105.954074 -0.115690 0.942537 0.313433 164.521222 -0.424083 0.238476 -0.873661 -35.229519
-0.896600 -0.238008 0.373444 1106.101111 -0.118606 0.941545 0.315317 164.582000 -0.426662 0.238420 -0.872419 -35.268291
-0.896619 -0.236721 0.374217 1106.194444 -0.116548 0.941472 0.316303 164.608333 -0.427190 0.239989 -0.871730 -35.275678
-0.895226 -0.241539 0.374472 1106.281111 -0.119348 0.939616 0.320745 164.604056 -0.429332 0.242447 -0.869996 -35.302910
-0.893752 -0.245800 0.375219 1106.233889 -0.123254 0.938869 0.321455 164.572519 -0.431295 0.241054 -0.869412 -35.339463
-0.893068 -0.243737 0.378183 1106.413704 -0.120510 0.939424 0.320873 164.711574 -0.433483 0.240986 -0.868342 -35.458690
-0.889941 -0.248835 0.382213 1106.743148 -0.125098 0.939087 0.320104 164.726204 -0.438584 0.237060 -0.866860 -35.382107
-0.889418 -0.246967 0.384634 1106.934074 -0.121849 0.939127 0.321238 164.866759 -0.440556 0.238847 -0.865369 -35.473772
-0.889081 -0.242500 0.388238 1107.402593 -0.113332 0.938352 0.326575 165.159037 -0.443498 0.246352 -0.861754 -35.755636
-0.885612 -0.242271 0.396228 1107.613704 -0.110580 0.938618 0.326754 165.664074 -0.451070 0.245562 -0.858042 -36.278383
-0.884083 -0.244365 0.398351 1108.073519 -0.113024 0.938895 0.325118 165.801074 -0.453457 0.242408 -0.857680 -36.286661
-0.881874 -0.244063 0.403399 1108.298148 -0.110337 0.938665 0.326700 166.104056 -0.458392 0.243599 -0.854714 -36.606859
-0.881476 -0.244014 0.404298 1108.500926 -0.109299 0.938324 0.328027 166.139759 -0.459406 0.244959 -0.853781 -36.607075
-0.881422 -0.242785 0.405156 1109.182222 -0.107047 0.938142 0.329288 166.274778 -0.460040 0.246870 -0.852888 -36.558907
-0.878512 -0.241435 0.412220 1109.699444 -0.102238 0.937918 0.331446 166.724574 -0.466652 0.249035 -0.848657 -36.944737
-0.868689 -0.261462 0.420733 1110.619444 -0.108066 0.928925 0.354148 167.181889 -0.483426 0.262178 -0.835202 -37.669039
-0.869563 -0.238081 0.432640 1111.418333 -0.074930 0.929573 0.360942 168.070019 -0.488104 0.281444 -0.826162 -38.424505
-0.866862 -0.236549 0.438857 1112.070556 -0.069943 0.929266 0.362729 168.536241 -0.493618 0.283741 -0.822090 -38.744152
-0.867041 -0.231924 0.440966 1113.869815 -0.063530 0.929291 0.363843 170.259333 -0.494170 0.287452 -0.820468 -40.004237
-0.864242 -0.234025 0.445329 1114.541667 -0.064364 0.929374 0.363486 170.804185 -0.498942 0.285477 -0.818267 -40.371145
-0.862100 -0.236859 0.447976 1114.912407 -0.065883 0.928923 0.364363 170.883611 -0.502438 0.284603 -0.816430 -40.395461
-0.860370 -0.234682 0.452425 1115.528704 -0.063027 0.929858 0.362479 171.158611 -0.505759 0.283351 -0.814813 -40.503029
-0.856151 -0.230257 0.462587 1115.132963 -0.051897 0.929018 0.366377 171.003407 -0.514112 0.289667 -0.807330 -40.474085
-0.851592 -0.230696 0.470713 1114.952593 -0.048502 0.928779 0.367446 170.838389 -0.521957 0.290084 -0.802130 -40.373413
-0.848820 -0.230617 0.475731 1115.570741 -0.046550 0.928951 0.367264 171.271000 -0.526628 0.289596 -0.799248 -40.603847
-0.847536 -0.222646 0.481780 1115.731667 -0.037254 0.930472 0.364465 171.558370 -0.529429 0.290949 -0.796902 -40.821953
-0.843669 -0.225915 0.487017 1115.846481 -0.037217 0.929580 0.366738 171.444648 -0.535573 0.291280 -0.792665 -40.725725
-0.839892 -0.223083 0.494788 1115.632963 -0.032002 0.930395 0.365160 171.297481 -0.541809 0.290861 -0.788570 -40.627818
-0.839547 -0.222429 0.495668 1116.017037 -0.028161 0.928940 0.369159 171.307833 -0.542557 0.295967 -0.786152 -40.606207
-0.837778 -0.223506 0.498170 1116.438519 -0.028049 0.928793 0.369536 171.564407 -0.545291 0.295616 -0.784391 -40.742368
-0.836461 -0.225524 0.499472 1116.765741 -0.028674 0.928163 0.371068 171.751500 -0.547276 0.296061 -0.782839 -40.864160
-0.831400 -0.232843 0.504538 1117.321481 -0.033796 0.927481 0.372339 172.152926 -0.554646 0.292511 -0.778977 -41.154653
-0.827816 -0.233294 0.510191 1118.729630 -0.030084 0.926584 0.374883 173.305463 -0.560193 0.294986 -0.774059 -41.980124
-0.825995 -0.233965 0.512827 1120.496481 -0.028628 0.926028 0.376368 174.570241 -0.562949 0.296197 -0.771593 -42.786468
-0.826530 -0.233845 0.512020 1120.678889 -0.027455 0.925288 0.378271 174.627593 -0.562222 0.298595 -0.771199 -42.784745
-0.825303 -0.236002 0.513008 1120.698889 -0.029332 0.925168 0.378423 174.634630 -0.563927 0.297266 -0.770467 -42.787661
-0.824438 -0.236794 0.514034 1120.705370 -0.030170 0.925360 0.377887 174.637019 -0.565148 0.296036 -0.770046 -42.791933
-0.824217 -0.235349 0.515050 1120.787407 -0.029497 0.926152 0.375996 174.651833 -0.565505 0.294710 -0.770293 -42.781716
-0.823931 -0.231550 0.517225 1120.848519 -0.025602 0.926991 0.374210 174.597352 -0.566111 0.295082 -0.769705 -42.733019
-0.823757 -0.232917 0.516890 1120.983889 -0.026293 0.926426 0.375557 174.666333 -0.566334 0.295777 -0.769274 -42.778913
-0.822899 -0.234512 0.517534 1120.897963 -0.026389 0.925642 0.377478 174.638630 -0.567575 0.296969 -0.767898 -42.791161
-0.819443 -0.237831 0.521487 1121.166852 -0.027822 0.925279 0.378266 174.617963 -0.572485 0.295459 -0.764830 -42.703853
-0.814731 -0.239749 0.527953 1122.514074 -0.023798 0.923575 0.382680 175.636833 -0.579351 0.299216 -0.758170 -43.408948
-0.811172 -0.240362 0.533128 1123.913519 -0.021767 0.923408 0.383201 176.744611 -0.584402 0.299238 -0.754275 -44.122779
-0.809426 -0.241676 0.535185 1127.140556 -0.019678 0.922035 0.386607 179.014667 -0.586893 0.302398 -0.751074 -45.525947
-0.809083 -0.243010 0.535098 1127.208148 -0.020703 0.921725 0.387290 179.063296 -0.587329 0.302272 -0.750784 -45.558083
-0.808763 -0.242368 0.535873 1127.331296 -0.018720 0.921287 0.388434 179.061593 -0.587837 0.304120 -0.749639 -45.548476
-0.809048 -0.242646 0.535317 1127.498704 -0.019611 0.921440 0.388026 179.174833 -0.587416 0.303433 -0.750248 -45.600289
-0.807236 -0.242448 0.538135 1127.401111 -0.018271 0.921567 0.387789 179.074981 -0.589946 0.303205 -0.748352 -45.539658
-0.807466 -0.241559 0.538190 1127.524630 -0.017061 0.921500 0.388004 179.108593 -0.589668 0.304118 -0.748201 -45.549335
-0.805964 -0.242477 0.540025 1127.692037 -0.017689 0.921717 0.387460 179.083722 -0.591700 0.302726 -0.747160 -45.482218
-0.805320 -0.244709 0.539978 1127.803148 -0.019418 0.921233 0.388527 179.136426 -0.592522 0.302404 -0.746639 -45.502981
