1.000000 0.000000 0.000000 0.000000 0.000000 1.000000 0.000000 0.000000 0.000000 0.000000 1.000000 0.000000
0.999998 0.001976 -0.000321 0.029581 -0.001977 0.999996 -0.001742 -0.015334 0.000317 0.001742 0.999999 -0.037226
0.999995 0.003034 0.000156 -0.093676 -0.003034 0.999995 0.000242 -0.005761 -0.000155 -0.000243 1.000000 0.011854
0.999963 0.008561 0.000213 -0.019787 -0.008562 0.999957 0.003669 -0.057732 -0.000181 -0.003671 0.999993 0.045512
0.999941 0.010786 -0.001041 0.218444 -0.010783 0.999937 0.003109 -0.058445 0.001075 -0.003098 0.999995 0.109307
0.999877 0.015473 -0.002497 0.478958 -0.015466 0.999877 0.002627 -0.071611 0.002537 -0.002588 0.999993 0.181248
0.999901 0.013500 -0.004047 0.456398 -0.013485 0.999902 0.003699 -0.089623 0.004096 -0.003644 0.999985 0.231444
0.999771 0.020478 -0.006220 1.361202 -0.020455 0.999784 0.003829 -0.097325 0.006297 -0.003701 0.999973 0.312729
0.999780 0.019422 -0.007948 1.683437 -0.019379 0.999798 0.005436 -0.134482 0.008052 -0.005281 0.999954 0.403238
0.999879 0.012063 -0.009801 1.688341 -0.012024 0.999920 0.003991 -0.135147 0.009849 -0.003872 0.999944 0.480468
0.999720 0.020694 -0.011454 2.181922 -0.020592 0.999748 0.008954 -0.214010 0.011636 -0.008716 0.999894 0.534247
0.999581 0.026589 -0.011478 2.106119 -0.026473 0.999598 0.010158 -0.225368 0.011743 -0.009850 0.999883 0.555222
0.999567 0.027064 -0.011553 1.655129 -0.026927 0.999567 0.011907 -0.226429 0.011871 -0.011591 0.999862 0.592534
0.999422 0.031813 -0.012013 1.720796 -0.031662 0.999419 0.012597 -0.211696 0.012407 -0.012209 0.999849 0.621152
0.999448 0.030653 -0.012832 1.629502 -0.030477 0.999441 0.013716 -0.220538 0.013246 -0.013317 0.999824 0.661139
0.999266 0.036104 -0.012809 2.131507 -0.035906 0.999237 0.015345 -0.255381 0.013353 -0.014874 0.999800 0.690756
0.999090 0.040577 -0.013144 2.158444 -0.040366 0.999058 0.015929 -0.268252 0.013777 -0.015384 0.999787 0.711668
0.999072 0.041005 -0.013206 2.040307 -0.040760 0.999001 0.018308 -0.287324 0.013944 -0.017753 0.999745 0.716829
0.999182 0.038332 -0.012889 1.919543 -0.038087 0.999098 0.018764 -0.281257 0.013596 -0.018258 0.999741 0.716475
0.999050 0.041642 -0.012859 1.962872 -0.041397 0.998965 0.018820 -0.296201 0.013630 -0.018270 0.999740 0.746117
0.999050 0.041537 -0.013201 2.096461 -0.041294 0.998982 0.018152 -0.312881 0.013941 -0.017589 0.999748 0.780607
0.999031 0.041992 -0.013179 2.232924 -0.041749 0.998962 0.018232 -0.317822 0.013931 -0.017664 0.999747 0.812952
0.999100 0.040357 -0.013084 2.111641 -0.040087 0.998991 0.020259 -0.307306 0.013888 -0.019716 0.999709 0.833678
0.999049 0.041594 -0.013078 2.194406 -0.041273 0.998860 0.023985 -0.349276 0.014061 -0.023423 0.999627 0.842736
0.999213 0.037766 -0.012165 2.164944 -0.037488 0.999049 0.022278 -0.340713 0.012995 -0.021805 0.999678 0.851027
0.999219 0.037646 -0.012013 2.315322 -0.037392 0.999086 0.020719 -0.341080 0.012782 -0.020253 0.999713 0.876623
0.999118 0.040347 -0.011644 2.380757 -0.040111 0.998999 0.019820 -0.346801 0.012432 -0.019336 0.999736 0.888130
0.999081 0.041363 -0.011199 2.970707 -0.041150 0.998980 0.018587 -0.393822 0.011957 -0.018109 0.999764 0.909980
0.999061 0.042180 -0.009950 3.235080 -0.041980 0.998927 0.019531 -0.420175 0.010763 -0.019095 0.999760 0.910519
0.999333 0.035329 -0.009204 3.011570 -0.035107 0.999114 0.023204 -0.459308 0.010015 -0.022865 0.999688 0.899923
0.999369 0.034258 -0.009383 3.363585 -0.034007 0.999092 0.025653 -0.459437 0.010253 -0.025317 0.999627 0.931580
0.999404 0.033329 -0.009017 3.855137 -0.033084 0.999112 0.026103 -0.466139 0.009879 -0.025790 0.999619 0.949734
0.999435 0.032615 -0.008079 4.227004 -0.032383 0.999101 0.027364 -0.531414 0.008964 -0.027087 0.999593 0.952235
0.999435 0.032767 -0.007554 4.357811 -0.032565 0.999145 0.025455 -0.514589 0.008382 -0.025195 0.999647 0.974036
0.999386 0.034356 -0.006858 4.436394 -0.034179 0.999117 0.024424 -0.528904 0.007691 -0.024175 0.999678 0.981451
0.999260 0.038081 -0.005484 4.617261 -0.037921 0.998920 0.026846 -0.561652 0.006501 -0.026618 0.999625 1.000673
0.999356 0.035815 -0.001977 4.802706 -0.035748 0.998983 0.027475 -0.588937 0.002959 -0.027386 0.999621 0.979043
0.999143 0.041379 -0.000528 5.171361 -0.041347 0.998732 0.028706 -0.632911 0.001716 -0.028660 0.999588 0.991274
0.999228 0.039275 0.001393 5.412470 -0.039299 0.998814 0.028759 -0.641238 -0.000261 -0.028791 0.999585 0.988608
0.999221 0.039402 0.002175 5.889207 -0.039450 0.998758 0.030439 -0.669836 -0.000973 -0.030502 0.999534 0.996505
0.999065 0.042851 0.005694 6.465496 -0.043013 0.998554 0.032256 -0.715098 -0.004303 -0.032471 0.999463 0.995745
0.998978 0.044338 0.008729 7.398741 -0.044604 0.998456 0.033107 -0.767111 -0.007248 -0.033463 0.999414 1.000405
0.998938 0.044837 0.010591 8.181130 -0.045167 0.998425 0.033285 -0.800784 -0.009082 -0.033728 0.999390 1.000515
0.998701 0.048590 0.015324 9.029183 -0.049114 0.998148 0.035903 -0.845690 -0.013551 -0.036609 0.999238 1.024383
0.998099 0.050615 0.035164 9.029706 -0.051925 0.997951 0.037395 -0.849826 -0.033199 -0.039150 0.998682 1.260881
0.997313 0.048842 0.054602 9.186483 -0.050854 0.998054 0.036081 -0.824514 -0.052733 -0.038760 0.997856 1.634236
0.996288 0.042838 0.074662 8.947826 -0.045446 0.998402 0.033594 -0.798528 -0.073103 -0.036862 0.996643 1.691026
0.994319 0.041855 0.097868 9.267881 -0.045607 0.998295 0.036423 -0.794567 -0.096177 -0.040679 0.994533 2.332423
0.994147 0.040675 0.100089 10.600043 -0.044817 0.998214 0.039492 -0.902456 -0.098304 -0.043747 0.994194 2.269236
0.991182 0.036179 0.127469 10.324806 -0.041709 0.998289 0.040986 -0.882134 -0.125768 -0.045942 0.990995 2.491941
0.987636 0.029959 0.153875 10.203193 -0.036505 0.998537 0.039896 -0.855158 -0.152455 -0.045020 0.987285 2.711585
0.983086 0.023597 0.181617 9.919393 -0.030825 0.998837 0.037077 -0.832968 -0.180531 -0.042048 0.982670 2.822116
0.977223 0.019686 0.211302 9.759194 -0.028249 0.998894 0.037584 -0.817355 -0.210328 -0.042697 0.976698 3.021776
0.970328 0.015564 0.241290 9.666104 -0.025921 0.998871 0.039809 -0.814204 -0.240398 -0.044882 0.969636 3.193861
0.962727 0.006877 0.270386 9.517289 -0.019003 0.998926 0.042255 -0.824253 -0.269805 -0.045818 0.961824 3.259201
0.953862 0.004647 0.300210 9.799498 -0.017604 0.999026 0.040466 -0.776344 -0.299730 -0.043884 0.953014 3.565893
0.944090 0.001223 0.329686 10.050213 -0.014281 0.999206 0.037190 -0.782492 -0.329378 -0.039819 0.943358 3.853554
0.932664 -0.001851 0.360741 10.207109 -0.010444 0.999429 0.032130 -0.776014 -0.360594 -0.033734 0.932113 4.054591
0.920454 -0.007473 0.390781 10.251189 -0.005446 0.999475 0.031939 -0.822776 -0.390814 -0.031527 0.919929 4.156298
0.905858 -0.007044 0.423523 10.375956 -0.007143 0.999466 0.031901 -0.758018 -0.423522 -0.031923 0.905323 4.369723
0.889078 -0.004975 0.457729 10.614628 -0.012568 0.999299 0.035273 -0.707461 -0.457584 -0.037114 0.888392 4.622777
0.869149 -0.007797 0.494490 10.359050 -0.013204 0.999153 0.038962 -0.699417 -0.494375 -0.040393 0.868310 4.747649
0.850193 -0.001191 0.526469 10.393957 -0.018894 0.999284 0.032773 -0.682058 -0.526131 -0.037810 0.849562 4.838068
0.831593 0.006158 0.555351 11.138676 -0.023652 0.999424 0.024335 -0.650998 -0.554882 -0.033372 0.831260 5.106918
0.812682 0.008237 0.582650 11.795580 -0.025631 0.999438 0.021621 -0.638461 -0.582144 -0.032505 0.812436 5.322703
0.794037 0.005943 0.607840 12.802061 -0.025680 0.999387 0.023775 -0.633851 -0.607326 -0.034488 0.793703 5.613548
0.770771 0.005355 0.637090 13.913381 -0.025794 0.999407 0.022806 -0.621899 -0.636590 -0.034011 0.770452 6.019439
0.748317 0.006775 0.663306 14.149280 -0.026246 0.999467 0.019401 -0.627476 -0.662821 -0.031927 0.748097 6.133045
0.722938 0.008863 0.690856 15.393141 -0.025902 0.999563 0.014281 -0.600833 -0.690427 -0.028219 0.722851 6.528800
0.697438 0.011163 0.716559 16.506667 -0.028055 0.999537 0.011736 -0.599026 -0.716096 -0.028288 0.697428 6.857563
0.671130 0.012428 0.741236 17.447985 -0.028123 0.999567 0.008704 -0.597848 -0.740806 -0.026687 0.671188 7.103862
0.645427 0.018509 0.763597 18.528370 -0.029566 0.999563 0.000762 -0.605644 -0.763249 -0.023069 0.645692 7.350118
0.617689 0.027063 0.785956 19.499889 -0.030390 0.999483 -0.010531 -0.617336 -0.785835 -0.017380 0.618192 7.567652
0.589784 0.034819 0.806810 20.611907 -0.031653 0.999299 -0.019988 -0.635176 -0.806941 -0.013749 0.590472 7.786017
0.561616 0.039593 0.826450 21.609667 -0.034081 0.999114 -0.024705 -0.672446 -0.826696 -0.014291 0.562468 7.960437
0.532047 0.039479 0.845794 22.757019 -0.036249 0.999059 -0.023830 -0.708576 -0.845939 -0.017981 0.532977 8.150555
0.501239 0.038636 0.864446 23.908611 -0.040580 0.998953 -0.021118 -0.747991 -0.864357 -0.024494 0.502282 8.335375
0.469744 0.039816 0.881904 25.087074 -0.045021 0.998763 -0.021112 -0.790232 -0.881654 -0.029787 0.470955 8.510216
0.435660 0.044244 0.899023 26.229870 -0.052274 0.998349 -0.023801 -0.814781 -0.898592 -0.036626 0.437254 8.679253
0.401803 0.046587 0.914540 27.385444 -0.056978 0.998042 -0.025807 -0.854415 -0.913952 -0.041740 0.403671 8.823060
0.367648 0.046748 0.928789 28.550926 -0.059793 0.997857 -0.026557 -0.892660 -0.928041 -0.045772 0.369655 8.950954
0.332959 0.046314 0.941803 29.680481 -0.060383 0.997790 -0.027720 -0.938232 -0.941006 -0.047639 0.335020 9.059958
0.299063 0.045661 0.953140 30.946648 -0.059562 0.997800 -0.029112 -0.983665 -0.952373 -0.048065 0.301124 9.163395
0.265866 0.044196 0.962996 32.298704 -0.056105 0.997965 -0.030311 -1.019833 -0.962376 -0.045970 0.267804 9.271271
0.231830 0.042341 0.971834 33.461630 -0.047550 0.998351 -0.032153 -1.076782 -0.971593 -0.038756 0.233462 9.348545
0.199101 0.045989 0.978899 34.624852 -0.045836 0.998242 -0.037575 -1.126089 -0.978907 -0.037388 0.200859 9.396329
0.168170 0.050623 0.984457 36.215944 -0.043251 0.998098 -0.043936 -1.182717 -0.984809 -0.035190 0.170040 9.492849
0.140030 0.053646 0.988693 37.321519 -0.036864 0.998121 -0.048937 -1.240975 -0.989461 -0.029595 0.141744 9.517964
0.115682 0.051973 0.991926 37.918926 -0.035874 0.998197 -0.048118 -1.270225 -0.992638 -0.030018 0.117338 9.486342
0.095351 0.048461 0.994263 39.438778 -0.033668 0.998400 -0.045434 -1.347216 -0.994874 -0.029143 0.096830 9.528014
0.074322 0.046011 0.996173 40.624704 -0.033424 0.998489 -0.043624 -1.416289 -0.996674 -0.030053 0.075747 9.563800
0.059813 0.048948 0.997009 42.071444 -0.032096 0.998375 -0.047090 -1.483843 -0.997694 -0.029184 0.061287 9.575231
0.045056 0.053686 0.997541 43.384537 -0.029520 0.998190 -0.052387 -1.552206 -0.998548 -0.027087 0.046559 9.588321
0.033832 0.057753 0.997757 44.733056 -0.024684 0.998073 -0.056934 -1.631853 -0.999123 -0.022702 0.035192 9.589849
0.023755 0.061365 0.997833 45.733130 -0.020137 0.997941 -0.060892 -1.697688 -0.999515 -0.018647 0.024941 9.581587
0.019080 0.065785 0.997652 47.315352 -0.015837 0.997728 -0.065487 -1.789671 -0.999693 -0.014551 0.020078 9.597793
0.015325 0.070825 0.997371 48.790481 -0.014149 0.997404 -0.070610 -1.893456 -0.999782 -0.013030 0.016288 9.616871
0.012767 0.074400 0.997147 50.104204 -0.012496 0.997162 -0.074241 -1.993787 -0.999840 -0.011513 0.013661 9.615386
0.009642 0.077544 0.996942 51.394815 -0.011499 0.996931 -0.077432 -2.091293 -0.999887 -0.010717 0.010504 9.626132
0.007156 0.080948 0.996692 52.758574 -0.010849 0.996666 -0.080868 -2.200937 -0.999915 -0.010235 0.008010 9.627984
0.003985 0.084008 0.996457 53.884074 -0.009414 0.996424 -0.083968 -2.311409 -0.999948 -0.009046 0.004761 9.640453
0.002047 0.085739 0.996316 55.572333 -0.006896 0.996295 -0.085723 -2.439809 -0.999974 -0.006695 0.002630 9.659304
-0.000354 0.084796 0.996398 56.889759 -0.006873 0.996375 -0.084797 -2.551107 -0.999976 -0.006878 0.000230 9.664601
-0.003212 0.084662 0.996405 58.123056 -0.007617 0.996379 -0.084684 -2.659276 -0.999966 -0.007861 -0.002555 9.673344
-0.004949 0.085848 0.996296 59.452648 -0.008446 0.996269 -0.085887 -2.761620 -0.999952 -0.008840 -0.004206 9.661118
-0.007491 0.088211 0.996074 60.789296 -0.009476 0.996051 -0.088280 -2.879465 -0.999927 -0.010100 -0.006625 9.667188
-0.010351 0.090882 0.995808 61.874222 -0.011758 0.995781 -0.091002 -2.986911 -0.999877 -0.012651 -0.009239 9.650896
-0.013082 0.094520 0.995437 63.087741 -0.012867 0.995424 -0.094688 -3.113583 -0.999832 -0.014047 -0.011806 9.656539
-0.014664 0.099140 0.994966 64.621222 -0.016735 0.994909 -0.099381 -3.254765 -0.999753 -0.018108 -0.012931 9.648990
-0.017583 0.101649 0.994665 66.001315 -0.019040 0.994604 -0.101979 -3.394270 -0.999664 -0.020732 -0.015552 9.652921
-0.020884 0.100408 0.994727 67.465741 -0.021643 0.994666 -0.100856 -3.531907 -0.999548 -0.023635 -0.018599 9.657290
-0.025523 0.096713 0.994985 68.866241 -0.024027 0.994962 -0.097327 -3.675367 -0.999385 -0.026391 -0.023071 9.681498
-0.027650 0.095181 0.995076 70.275667 -0.024572 0.995091 -0.095865 -3.819341 -0.999316 -0.027102 -0.025175 9.656253
-0.029809 0.096099 0.994925 71.779259 -0.024528 0.994998 -0.096841 -3.959859 -0.999255 -0.027290 -0.027303 9.659315
-0.031551 0.098949 0.994592 73.158019 -0.023417 0.994741 -0.099707 -4.095711 -0.999228 -0.026436 -0.029068 9.657117
-0.031034 0.101153 0.994387 74.751019 -0.022606 0.994540 -0.101875 -4.255707 -0.999263 -0.025641 -0.028578 9.629339
-0.031470 0.102417 0.994244 76.209648 -0.025950 0.994317 -0.103246 -4.393976 -0.999168 -0.029050 -0.028633 9.615494
-0.032490 0.101124 0.994343 77.511907 -0.028094 0.994383 -0.102046 -4.549713 -0.999077 -0.031250 -0.029466 9.622222
-0.032614 0.101325 0.994319 79.104019 -0.031800 0.994239 -0.102360 -4.696031 -0.998962 -0.034958 -0.029204 9.625889
-0.034722 0.102629 0.994113 80.636500 -0.032747 0.994062 -0.103768 -4.853548 -0.998860 -0.036157 -0.031155 9.664893
-0.036734 0.103724 0.993928 82.381833 -0.036589 0.993792 -0.105062 -5.017796 -0.998655 -0.040226 -0.032710 9.695414
-0.037112 0.103451 0.993942 83.835130 -0.040796 0.993641 -0.104943 -5.178913 -0.998478 -0.044443 -0.032656 9.679198
-0.037446 0.098025 0.994479 85.201926 -0.038472 0.994298 -0.099456 -5.336370 -0.998558 -0.041984 -0.033461 9.660697
-0.038485 0.089380 0.995254 86.570704 -0.037308 0.995169 -0.090815 -5.468346 -0.998563 -0.040626 -0.034964 9.646468
-0.037826 0.083401 0.995798 87.981759 -0.032695 0.995874 -0.084649 -5.611309 -0.998749 -0.035759 -0.034943 9.624220
-0.036607 0.085269 0.995685 89.501296 -0.024429 0.995979 -0.086193 -5.740206 -0.999031 -0.027479 -0.034376 9.599672
-0.035199 0.090184 0.995303 90.950500 -0.019303 0.995673 -0.090901 -5.872076 -0.999194 -0.022412 -0.033306 9.581350
-0.034996 0.095474 0.994816 92.401074 -0.015226 0.995260 -0.096052 -6.013778 -0.999271 -0.018508 -0.033377 9.577780
-0.033794 0.099325 0.994481 93.914130 -0.014925 0.994888 -0.099873 -6.165859 -0.999317 -0.018218 -0.032139 9.550548
-0.035324 0.097871 0.994572 95.424981 -0.017740 0.994975 -0.098541 -6.314178 -0.999219 -0.021124 -0.033410 9.560338
-0.035108 0.093649 0.994986 97.172407 -0.018604 0.995366 -0.094341 -6.477307 -0.999210 -0.021823 -0.033203 9.548383
-0.034727 0.091171 0.995229 98.762556 -0.021696 0.995527 -0.091956 -6.635478 -0.999161 -0.024786 -0.032594 9.527641
-0.034125 0.092691 0.995110 100.443296 -0.024404 0.995316 -0.093547 -6.783656 -0.999120 -0.027477 -0.031703 9.513985
-0.034363 0.097445 0.994648 102.139056 -0.024424 0.994856 -0.098309 -6.956070 -0.999111 -0.027671 -0.031806 9.504076
-0.034158 0.100656 0.994335 103.740870 -0.025865 0.994493 -0.101561 -7.113430 -0.999082 -0.029188 -0.031366 9.486137
-0.033069 0.098909 0.994547 105.403852 -0.025203 0.994692 -0.099762 -7.290467 -0.999135 -0.028365 -0.030400 9.463543
-0.036571 0.092406 0.995050 106.820037 -0.020774 0.995430 -0.093205 -7.441074 -0.999115 -0.024079 -0.034484 9.489226
-0.035805 0.089885 0.995309 108.872852 -0.023842 0.995587 -0.090767 -7.623469 -0.999074 -0.026980 -0.033504 9.459769
-0.038421 0.094875 0.994748 110.310981 -0.025795 0.995057 -0.095900 -7.753976 -0.998929 -0.029344 -0.035784 9.481045
-0.039903 0.098402 0.994346 111.798352 -0.027902 0.994641 -0.099551 -7.902444 -0.998814 -0.031717 -0.036944 9.468311
-0.040578 0.098263 0.994333 113.441241 -0.029246 0.994609 -0.099484 -8.065013 -0.998748 -0.033117 -0.037485 9.459828
-0.039701 0.094524 0.994731 115.291407 -0.030164 0.994948 -0.095748 -8.251144 -0.998756 -0.033807 -0.036649 9.444892
-0.039378 0.092980 0.994889 116.825648 -0.029700 0.995112 -0.094176 -8.423617 -0.998783 -0.033257 -0.036424 9.418567
-0.037831 0.093330 0.994916 118.394759 -0.030301 0.995064 -0.094496 -8.576578 -0.998825 -0.033721 -0.034817 9.388526
-0.036553 0.093241 0.994972 120.057741 -0.027573 0.995165 -0.094272 -8.730302 -0.998951 -0.030880 -0.033805 9.374951
-0.035687 0.093074 0.995019 121.655463 -0.028595 0.995151 -0.094112 -8.896007 -0.998954 -0.031811 -0.032852 9.349873
-0.034021 0.093383 0.995049 123.256981 -0.028289 0.995136 -0.094359 -9.058352 -0.999021 -0.031360 -0.031214 9.327582
-0.032646 0.091782 0.995244 124.921074 -0.028326 0.995290 -0.092715 -9.215437 -0.999066 -0.031218 -0.029893 9.311242
-0.030354 0.091176 0.995372 126.540074 -0.030754 0.995274 -0.092105 -9.388531 -0.999066 -0.033407 -0.027407 9.275920
-0.028379 0.090334 0.995507 128.298907 -0.029801 0.995389 -0.091172 -9.558589 -0.999153 -0.032255 -0.025556 9.260044
-0.026378 0.091301 0.995474 129.910370 -0.033481 0.995181 -0.092162 -9.713998 -0.999091 -0.035761 -0.023194 9.238417
-0.024863 0.093785 0.995282 131.725444 -0.032511 0.994987 -0.094570 -9.883889 -0.999162 -0.034709 -0.021689 9.232304
-0.023610 0.092813 0.995404 133.384963 -0.035798 0.994964 -0.093621 -10.047152 -0.999080 -0.037844 -0.020169 9.212621
-0.023414 0.091429 0.995536 135.017444 -0.041611 0.994857 -0.092345 -10.203146 -0.998860 -0.043587 -0.019489 9.198641
-0.023382 0.092695 0.995420 136.590204 -0.045090 0.994581 -0.093676 -10.363552 -0.998709 -0.047074 -0.019075 9.183661
-0.024526 0.093390 0.995328 138.613537 -0.044467 0.994540 -0.094412 -10.530339 -0.998710 -0.046574 -0.020239 9.215861
-0.025518 0.091317 0.995495 140.347574 -0.046791 0.994619 -0.092436 -10.691024 -0.998579 -0.048939 -0.021108 9.206158
-0.026586 0.089870 0.995599 142.082093 -0.049622 0.994604 -0.091106 -10.865491 -0.998414 -0.051826 -0.021983 9.190595
-0.028630 0.088693 0.995648 143.838778 -0.051974 0.994576 -0.090092 -11.041859 -0.998238 -0.054327 -0.023865 9.185789
-0.027869 0.089281 0.995617 145.780333 -0.052927 0.994475 -0.090660 -11.230987 -0.998210 -0.055222 -0.022989 9.163163
-0.030238 0.087772 0.995682 147.429926 -0.053385 0.994573 -0.089296 -11.394335 -0.998116 -0.055855 -0.025388 9.146482
-0.031870 0.082967 0.996043 149.211333 -0.056734 0.994792 -0.084678 -11.577296 -0.997880 -0.059208 -0.026997 9.122992
-0.033404 0.082562 0.996026 151.660426 -0.053507 0.995005 -0.084272 -11.781370 -0.998009 -0.056109 -0.028820 9.113558
-0.037253 0.088636 0.995367 153.489926 -0.060858 0.994008 -0.090793 -11.949006 -0.997451 -0.063959 -0.031636 9.076817
-0.042798 0.092457 0.994796 154.935167 -0.059116 0.993730 -0.094901 -12.135485 -0.997333 -0.062870 -0.037064 9.037748
-0.051085 0.088765 0.994742 156.543574 -0.058111 0.994090 -0.091691 -12.307296 -0.997002 -0.062489 -0.045625 9.010013
-0.060317 0.087067 0.994375 158.182167 -0.056293 0.994306 -0.090476 -12.480013 -0.996591 -0.061433 -0.055072 8.968617
-0.073333 0.086586 0.993542 159.958315 -0.055514 0.994325 -0.090752 -12.648831 -0.995761 -0.061811 -0.068110 8.938453
-0.086901 0.086696 0.992437 161.749500 -0.053242 0.994378 -0.091528 -12.814907 -0.994793 -0.060793 -0.081796 8.894410
-0.100799 0.084806 0.991286 163.449315 -0.052731 0.994505 -0.090443 -12.995500 -0.993508 -0.061388 -0.095773 8.840756
-0.114899 0.086064 0.989642 165.252481 -0.048896 0.994542 -0.092167 -13.161185 -0.992173 -0.058979 -0.110064 8.776258
-0.129990 0.089433 0.987474 167.042556 -0.047627 0.994211 -0.096313 -13.333467 -0.990371 -0.059550 -0.124978 8.718440
-0.142855 0.093610 0.985307 168.198056 -0.049062 0.993624 -0.101514 -13.482735 -0.988527 -0.062843 -0.137351 8.632829
-0.158199 0.092006 0.983112 169.805352 -0.052923 0.993428 -0.101487 -13.659641 -0.985988 -0.068085 -0.152290 8.552342
-0.172226 0.086978 0.981210 171.271759 -0.059381 0.993366 -0.098479 -13.839420 -0.983266 -0.075226 -0.165918 8.445092
-0.186516 0.083552 0.978893 172.997352 -0.063186 0.993294 -0.096820 -14.025726 -0.980418 -0.079911 -0.179986 8.339711
-0.200632 0.085368 0.975940 174.371556 -0.065426 0.992804 -0.100293 -14.179633 -0.977480 -0.083974 -0.193603 8.248738
-0.213724 0.088003 0.972922 176.284426 -0.063275 0.992596 -0.103682 -14.382544 -0.974843 -0.083721 -0.206573 8.142212
-0.224586 0.090199 0.970271 177.538426 -0.061761 0.992387 -0.106551 -14.549617 -0.972495 -0.083854 -0.217306 8.018703
-0.237934 0.089573 0.967142 179.375889 -0.059407 0.992532 -0.106539 -14.769383 -0.969463 -0.082804 -0.230836 7.884923
-0.249916 0.087698 0.964288 180.703444 -0.059644 0.992604 -0.105732 -14.942119 -0.966429 -0.083938 -0.242837 7.754292
-0.262349 0.085668 0.961163 182.389981 -0.060259 0.992653 -0.104922 -15.153678 -0.963090 -0.085445 -0.255259 7.594965
-0.275628 0.087045 0.957315 183.883759 -0.061365 0.992267 -0.107891 -15.347728 -0.959304 -0.088483 -0.268155 7.447707
-0.289997 0.088915 0.952888 185.257778 -0.060456 0.991984 -0.110962 -15.523633 -0.955116 -0.089786 -0.282297 7.318609
-0.303493 0.089821 0.948591 186.356852 -0.059689 0.991799 -0.113010 -15.672759 -0.950962 -0.090918 -0.295643 7.184187
-0.317574 0.091464 0.943812 187.937593 -0.056684 0.991726 -0.115180 -15.884556 -0.946538 -0.090078 -0.309762 7.026269
-0.329121 0.094295 0.939568 187.918889 -0.058752 0.991029 -0.120040 -15.910939 -0.942458 -0.094709 -0.320629 6.966367
-0.339027 0.094694 0.935999 187.944259 -0.058981 0.990825 -0.121604 -15.947496 -0.938926 -0.096433 -0.330331 6.887986
-0.349477 0.092065 0.932411 187.972778 -0.061294 0.990783 -0.120802 -15.983289 -0.934938 -0.099368 -0.340612 6.831745
-0.362203 0.086755 0.928053 188.151296 -0.065478 0.990831 -0.118178 -16.032046 -0.929797 -0.103572 -0.353202 6.767518
-0.380140 0.086448 0.920880 189.679074 -0.065230 0.990638 -0.119924 -16.236159 -0.922626 -0.105657 -0.370942 6.606716
-0.397500 0.085116 0.913646 191.226667 -0.066432 0.990406 -0.121169 -16.449622 -0.915194 -0.108860 -0.388032 6.416998
-0.414056 0.083239 0.906438 192.810741 -0.068108 0.990186 -0.122041 -16.682059 -0.907700 -0.112268 -0.404323 6.192191
-0.430327 0.082893 0.898859 194.430556 -0.068803 0.989866 -0.124225 -16.917583 -0.900047 -0.115302 -0.420262 5.960083
-0.446682 0.082517 0.890880 195.726852 -0.068173 0.989704 -0.125852 -17.113496 -0.892092 -0.116950 -0.436457 5.768415
-0.461999 0.079706 0.883292 197.170741 -0.067911 0.989850 -0.124842 -17.334530 -0.884277 -0.117663 -0.451896 5.542555
-0.477275 0.076185 0.875445 198.592593 -0.067014 0.990178 -0.122705 -17.548583 -0.876195 -0.117231 -0.467481 5.308192
-0.492850 0.073936 0.866967 200.046111 -0.066019 0.990334 -0.121986 -17.769780 -0.867606 -0.117357 -0.483205 5.064740
-0.509373 0.073059 0.857439 201.487778 -0.065849 0.990159 -0.123487 -17.976678 -0.858023 -0.119362 -0.499549 4.831301
-0.526380 0.074191 0.847007 203.201852 -0.065765 0.989649 -0.127555 -18.236048 -0.847703 -0.122846 -0.516052 4.544325
-0.541796 0.074800 0.837175 204.488148 -0.066894 0.989035 -0.131660 -18.448141 -0.837844 -0.127335 -0.530852 4.282851
-0.558183 0.072230 0.826568 205.985370 -0.067521 0.988945 -0.132016 -18.697315 -0.826966 -0.129500 -0.547135 3.978261
-0.576271 0.065413 0.814636 207.561481 -0.069631 0.989237 -0.128690 -18.938093 -0.814287 -0.130885 -0.565514 3.683120
-0.596025 0.062676 0.800516 209.140926 -0.068185 0.989398 -0.128232 -19.203519 -0.800065 -0.131012 -0.585432 3.370729
-0.616100 0.061720 0.785246 210.349444 -0.068230 0.988996 -0.131267 -19.381278 -0.784708 -0.134450 -0.605109 3.121009
-0.637664 0.059038 0.768049 212.211111 -0.066635 0.989094 -0.131352 -19.670056 -0.767427 -0.134937 -0.626776 2.789663
-0.659881 0.057850 0.749140 214.136111 -0.064126 0.989058 -0.132862 -19.931093 -0.748629 -0.135712 -0.648951 2.468526
-0.677257 0.061351 0.733184 214.997037 -0.059609 0.988666 -0.137791 -20.117648 -0.733327 -0.137025 -0.665924 2.194538
-0.696416 0.062495 0.714912 216.890556 -0.051355 0.989307 -0.136508 -20.417222 -0.715799 -0.131780 -0.685760 1.801120
-0.713402 0.063075 0.697911 218.080000 -0.046455 0.989493 -0.136914 -20.662537 -0.699214 -0.130096 -0.702976 1.455199
-0.731434 0.063512 0.678948 219.666111 -0.042528 0.989466 -0.138376 -20.985593 -0.680585 -0.130087 -0.721029 1.015129
-0.748630 0.067042 0.659590 220.790741 -0.040416 0.988409 -0.146336 -21.210852 -0.661755 -0.136210 -0.737243 0.668757
-0.764424 0.067085 0.641214 222.234815 -0.035217 0.988742 -0.145429 -21.545056 -0.643752 -0.133751 -0.753455 0.177316
-0.778558 0.065917 0.624101 223.338889 -0.031414 0.989128 -0.143660 -21.803630 -0.626786 -0.131453 -0.768023 -0.194351
-0.792598 0.066878 0.606066 224.892222 -0.026645 0.989218 -0.144003 -22.171778 -0.609162 -0.130286 -0.782271 -0.752560
-0.804715 0.069560 0.589573 225.924259 -0.024733 0.988321 -0.150364 -22.373611 -0.593147 -0.135582 -0.793596 -1.102424
-0.815600 0.068535 0.574542 226.902222 -0.024955 0.987870 -0.153265 -22.618593 -0.578077 -0.139341 -0.803997 -1.478568
-0.826513 0.066531 0.558972 228.265000 -0.023689 0.988000 -0.152623 -22.947056 -0.562419 -0.139387 -0.815019 -2.005098
-0.836410 0.064725 0.544269 229.230370 -0.023930 0.987744 -0.154239 -23.191870 -0.547582 -0.142031 -0.824610 -2.364245
-0.845780 0.062195 0.529894 230.276667 -0.023229 0.987948 -0.153035 -23.485778 -0.533026 -0.141743 -0.834142 -2.808359
-0.853865 0.059655 0.517065 231.223148 -0.023369 0.988015 -0.152581 -23.758537 -0.519970 -0.142367 -0.842237 -3.244426
-0.862262 0.052965 0.503685 232.173889 -0.026299 0.988492 -0.148967 -24.033889 -0.505779 -0.141695 -0.850947 -3.685955
-0.869319 0.048742 0.491841 233.071852 -0.026851 0.988999 -0.145469 -24.299852 -0.493521 -0.139665 -0.858447 -4.104793
-0.874921 0.050659 0.481608 233.945000 -0.021191 0.989556 -0.142586 -24.559889 -0.483801 -0.134957 -0.864710 -4.549382
-0.878990 0.054442 0.473722 234.769815 -0.016919 0.989275 -0.145084 -24.811741 -0.476540 -0.135542 -0.868641 -4.989818
-0.882126 0.060148 0.467157 235.570185 -0.009830 0.989246 -0.145930 -25.075037 -0.470911 -0.133321 -0.872049 -5.435294
-0.885532 0.061869 0.460441 236.550556 -0.008012 0.988912 -0.148289 -25.363944 -0.464510 -0.135004 -0.875217 -5.922817
-0.888065 0.059684 0.455827 237.354630 -0.009145 0.989047 -0.147316 -25.627537 -0.459627 -0.134995 -0.877793 -6.356119
-0.891022 0.051800 0.450996 238.153889 -0.015564 0.989399 -0.144387 -25.875130 -0.453694 -0.135671 -0.880770 -6.781417
-0.893478 0.046586 0.446683 238.919444 -0.019815 0.989548 -0.142839 -26.130685 -0.448669 -0.136475 -0.883216 -7.219093
-0.895795 0.040977 0.442574 239.696296 -0.026239 0.989129 -0.144690 -26.379278 -0.443692 -0.141225 -0.884982 -7.666132
-0.898252 0.037840 0.437849 240.512593 -0.029997 0.988684 -0.146984 -26.649741 -0.438456 -0.145163 -0.886952 -8.124781
-0.899554 0.037577 0.435190 241.292963 -0.031181 0.988227 -0.149781 -26.906333 -0.435695 -0.148306 -0.887792 -8.576285
-0.899482 0.039073 0.435208 241.955926 -0.030961 0.987792 -0.152673 -27.138537 -0.435860 -0.150802 -0.887291 -8.987582
-0.899960 0.041374 0.434005 242.684630 -0.028745 0.987689 -0.153763 -27.405074 -0.435024 -0.150856 -0.887692 -9.405245
-0.899605 0.043284 0.434553 243.443519 -0.027802 0.987381 -0.155902 -27.671500 -0.435818 -0.152332 -0.887050 -9.839216
-0.898804 0.043655 0.436171 244.212037 -0.028490 0.987107 -0.157505 -27.955426 -0.437423 -0.153993 -0.885972 -10.312240
-0.898114 0.044504 0.437506 244.960926 -0.028405 0.986918 -0.158701 -28.214315 -0.438845 -0.154959 -0.885100 -10.747237
-0.898505 0.041409 0.437006 245.843519 -0.030603 0.987209 -0.156466 -28.550093 -0.437896 -0.153959 -0.885745 -11.242778
-0.897159 0.041212 0.439781 246.550741 -0.031919 0.986986 -0.157607 -28.794259 -0.440553 -0.155436 -0.884168 -11.644949
-0.896023 0.039489 0.442247 247.315000 -0.033539 0.987172 -0.156098 -29.049907 -0.442738 -0.154700 -0.883205 -12.052541
-0.894194 0.037910 0.446072 248.142037 -0.034560 0.987589 -0.153211 -29.323833 -0.446344 -0.152416 -0.881786 -12.504370
-0.890507 0.036701 0.453487 248.927037 -0.036653 0.987714 -0.151912 -29.571796 -0.453491 -0.151901 -0.878221 -12.950528
-0.887606 0.036959 0.459118 249.747222 -0.036873 0.987875 -0.150810 -29.853667 -0.459125 -0.150790 -0.875481 -13.387383
-0.883813 0.037429 0.466342 250.600185 -0.037547 0.987904 -0.150450 -30.137537 -0.466332 -0.150479 -0.871717 -13.851788
-0.879760 0.032974 0.474274 251.445741 -0.046041 0.986994 -0.154026 -30.372037 -0.473184 -0.157342 -0.866799 -14.307565
-0.873572 0.042425 0.484843 252.299815 -0.037889 0.987242 -0.154654 -30.648667 -0.485218 -0.153472 -0.860819 -14.753059
-0.868563 0.046227 0.493419 253.111111 -0.037054 0.986796 -0.157676 -30.869481 -0.494192 -0.155234 -0.855381 -15.123726
-0.861378 0.048307 0.505662 253.923889 -0.037702 0.986642 -0.158480 -31.133333 -0.506564 -0.155576 -0.848051 -15.521873
-0.854129 0.051335 0.517521 254.787037 -0.036151 0.986849 -0.157553 -31.405759 -0.518803 -0.153279 -0.841041 -15.919427
-0.847922 0.052746 0.527490 255.664259 -0.039915 0.985861 -0.162743 -31.545704 -0.528616 -0.159048 -0.833828 -16.309906
-0.841305 0.053052 0.537951 256.759815 -0.043485 0.985305 -0.165176 -31.820519 -0.538809 -0.162357 -0.826635 -16.748807
-0.831771 0.053815 0.552504 257.743333 -0.044735 0.985555 -0.163342 -32.140130 -0.553314 -0.160580 -0.817348 -17.214547
-0.824717 0.054823 0.562883 258.711481 -0.044824 0.985823 -0.161691 -32.415037 -0.563767 -0.158580 -0.810567 -17.606819
-0.817043 0.056838 0.573769 259.700741 -0.044465 0.985954 -0.160988 -32.659500 -0.574860 -0.157047 -0.803039 -17.985370
-0.805977 0.061042 0.588792 260.650370 -0.041261 0.986456 -0.158751 -32.941704 -0.590508 -0.152244 -0.792542 -18.380120
-0.796774 0.066878 0.600565 261.730926 -0.036159 0.986799 -0.157860 -33.210296 -0.603195 -0.147495 -0.783838 -18.777263
-0.783461 0.066567 0.617865 262.670370 -0.037865 0.987285 -0.154382 -33.509704 -0.620286 -0.144348 -0.770979 -19.149259
-0.772004 0.066471 0.632132 263.705556 -0.041493 0.987125 -0.154475 -33.755241 -0.634262 -0.145484 -0.759307 -19.511712
-0.760886 0.062963 0.645824 264.801111 -0.048022 0.987088 -0.152812 -34.017981 -0.647106 -0.147287 -0.748038 -19.859386
-0.754888 0.079379 0.651032 265.997593 -0.034964 0.986366 -0.160808 -34.127870 -0.654921 -0.144155 -0.741821 -20.172148
-0.744076 0.074861 0.663888 267.083889 -0.043636 0.986135 -0.160104 -34.397074 -0.666668 -0.148099 -0.730493 -20.498605
-0.729714 0.074649 0.679665 268.238704 -0.045777 0.986459 -0.157493 -34.668741 -0.682218 -0.146038 -0.716415 -20.855302
-0.712967 0.080782 0.696528 269.377222 -0.040707 0.986898 -0.156126 -34.914685 -0.700015 -0.139666 -0.700338 -21.179750
-0.695944 0.083253 0.713253 270.557037 -0.042434 0.986753 -0.156581 -35.170981 -0.716841 -0.139238 -0.683192 -21.505154
-0.679618 0.085008 0.728624 271.797407 -0.047030 0.986170 -0.158923 -35.417463 -0.732057 -0.142274 -0.666221 -21.825634
-0.659401 0.089480 0.746448 272.955741 -0.046030 0.986224 -0.158885 -35.660185 -0.750381 -0.139128 -0.646198 -22.121926
-0.641573 0.086498 0.762169 274.191852 -0.056513 0.985591 -0.159424 -35.891907 -0.764977 -0.145355 -0.627441 -22.408628
-0.621142 0.087064 0.778847 275.556296 -0.057802 0.986014 -0.156320 -36.189056 -0.781564 -0.142116 -0.607422 -22.711352
-0.600685 0.088154 0.794611 276.854630 -0.062935 0.985604 -0.156918 -36.434426 -0.797005 -0.144268 -0.586490 -22.982702
-0.578164 0.088056 0.811155 278.087593 -0.068582 0.985396 -0.155854 -36.676500 -0.813033 -0.145740 -0.563682 -23.232695
-0.556060 0.088794 0.826385 279.476296 -0.069597 0.985811 -0.152755 -36.954963 -0.828223 -0.142455 -0.541990 -23.499941
-0.533429 0.087728 0.841283 280.835370 -0.074963 0.985790 -0.150329 -37.195722 -0.842516 -0.143255 -0.519273 -23.744005
-0.508159 0.088925 0.856660 282.114444 -0.076986 0.985984 -0.148016 -37.430259 -0.857816 -0.141166 -0.494191 -23.957084
-0.482932 0.093568 0.870645 283.505556 -0.066303 0.987513 -0.142905 -37.730648 -0.873144 -0.126740 -0.470698 -24.163488
-0.457508 0.094049 0.884218 284.909815 -0.073202 0.987032 -0.142861 -37.929481 -0.886188 -0.130086 -0.444690 -24.360793
-0.431823 0.093190 0.897132 286.349074 -0.083448 0.986254 -0.142614 -38.106093 -0.898090 -0.136448 -0.418110 -24.547282
-0.402632 0.091371 0.910790 287.833889 -0.072434 0.988705 -0.131208 -38.438741 -0.912492 -0.118801 -0.391466 -24.727820
-0.374367 0.092389 0.922666 289.187222 -0.074304 0.988836 -0.129163 -38.634315 -0.924299 -0.116912 -0.363323 -24.870262
-0.345496 0.095009 0.933598 290.790556 -0.083279 0.987832 -0.131347 -38.835722 -0.934718 -0.123128 -0.333380 -25.036571
-0.314590 0.096765 0.944283 292.241111 -0.088084 0.987522 -0.130541 -39.025111 -0.945132 -0.124243 -0.302141 -25.166527
-0.289326 0.098838 0.952114 293.849630 -0.090243 0.987409 -0.129924 -39.212185 -0.952967 -0.123512 -0.276764 -25.270688
-0.260488 0.102114 0.960062 295.371481 -0.098046 0.986453 -0.131523 -39.349463 -0.960486 -0.128391 -0.246947 -25.367391
-0.229892 0.105212 0.967512 296.858704 -0.108376 0.985188 -0.132885 -39.409907 -0.967163 -0.135405 -0.215084 -25.455557
-0.196036 0.102140 0.975263 298.441296 -0.107924 0.986271 -0.124987 -39.665222 -0.974639 -0.129756 -0.182321 -25.538107
-0.163440 0.100276 0.981444 300.105000 -0.108923 0.986905 -0.118973 -39.884907 -0.980522 -0.126346 -0.150377 -25.594537
-0.129728 0.101642 0.986326 301.713519 -0.115944 0.986353 -0.116894 -40.051704 -0.984748 -0.129523 -0.116173 -25.648407
-0.095540 0.101262 0.990262 303.323333 -0.117039 0.986769 -0.112197 -40.244944 -0.988521 -0.126618 -0.082424 -25.681639
-0.060083 0.101155 0.993055 304.867778 -0.119679 0.986946 -0.107774 -40.430889 -0.990993 -0.125323 -0.047192 -25.701921
-0.026612 0.102612 0.994366 306.417963 -0.124342 0.986653 -0.105144 -40.587796 -0.991883 -0.126440 -0.013498 -25.704637
0.006516 0.103945 0.994562 308.003704 -0.131015 0.986098 -0.102202 -40.738741 -0.991359 -0.129637 0.020043 -25.694534
0.037472 0.104051 0.993866 309.573704 -0.135129 0.985957 -0.098128 -40.884074 -0.990119 -0.130623 0.051006 -25.658105
0.068609 0.104932 0.992110 311.120370 -0.138377 0.985842 -0.094700 -41.034926 -0.988000 -0.130788 0.082157 -25.607858
0.099893 0.104943 0.989448 312.686481 -0.139172 0.986121 -0.090539 -41.186037 -0.985217 -0.128659 0.113112 -25.546455
0.130070 0.104592 0.985973 314.231852 -0.141260 0.986231 -0.085984 -41.311667 -0.981391 -0.128094 0.143054 -25.472718
0.155358 0.105327 0.982227 315.789444 -0.144859 0.985980 -0.082817 -41.436130 -0.977180 -0.129418 0.168437 -25.366414
0.178208 0.107158 0.978141 317.386481 -0.147776 0.985693 -0.081062 -41.533278 -0.972833 -0.130100 0.191494 -25.231133
0.209520 0.106330 0.972006 318.795556 -0.145358 0.986411 -0.076573 -41.664259 -0.966940 -0.125245 0.222129 -25.147282
0.238119 0.105055 0.965538 320.197593 -0.143159 0.987070 -0.072093 -41.776241 -0.960627 -0.121059 0.250080 -25.030436
0.269889 0.104021 0.957256 321.793889 -0.142972 0.987457 -0.066993 -41.898630 -0.952218 -0.118780 0.281376 -24.910178
0.297463 0.103256 0.949133 323.245000 -0.142292 0.987826 -0.062870 -42.006463 -0.944070 -0.116353 0.308534 -24.759367
0.323040 0.102883 0.940777 324.694074 -0.140285 0.988297 -0.059909 -42.083611 -0.935930 -0.112624 0.333692 -24.581464
0.348545 0.102454 0.931676 326.116296 -0.138721 0.988700 -0.056828 -42.159444 -0.926970 -0.109436 0.358819 -24.395866
0.373768 0.101014 0.922005 327.531852 -0.138254 0.989014 -0.052309 -42.230907 -0.917160 -0.107920 0.383628 -24.204976
0.402588 0.099597 0.909947 328.925185 -0.137677 0.989344 -0.047375 -42.319241 -0.904969 -0.106206 0.412010 -24.029617
0.426672 0.103135 0.898507 330.328333 -0.140322 0.988995 -0.046888 -42.375741 -0.893455 -0.106074 0.436448 -23.806440
0.454887 0.105555 0.884271 331.675556 -0.140613 0.989008 -0.045724 -42.451019 -0.879378 -0.103540 0.464729 -23.599177
0.479643 0.104637 0.871202 333.200000 -0.139262 0.989358 -0.042156 -42.486500 -0.866342 -0.101106 0.489111 -23.310520
0.507424 0.100579 0.855807 334.538148 -0.135487 0.990124 -0.036032 -42.564889 -0.850979 -0.097667 0.516039 -23.076565
0.531914 0.098316 0.841071 335.910370 -0.134785 0.990404 -0.030531 -42.624981 -0.836003 -0.097124 0.540062 -22.811863
0.554728 0.098608 0.826168 337.224630 -0.135582 0.990393 -0.027173 -42.667148 -0.820910 -0.096940 0.562769 -22.542289
0.576251 0.099535 0.811189 338.556667 -0.137171 0.990255 -0.024063 -42.709963 -0.805679 -0.097405 0.584289 -22.277808
0.596626 0.098077 0.796504 339.715000 -0.136771 0.990411 -0.019505 -42.755722 -0.790779 -0.097301 0.604318 -22.004266
0.613891 0.096074 0.783523 341.052407 -0.136177 0.990575 -0.014768 -42.760944 -0.777556 -0.097632 0.621187 -21.684451
0.631073 0.094356 0.769964 342.327963 -0.135474 0.990726 -0.010373 -42.783833 -0.763803 -0.097764 0.638003 -21.385582
0.647875 0.090572 0.756343 343.521296 -0.132278 0.991198 -0.005387 -42.818963 -0.750173 -0.096557 0.654153 -21.085942
0.663497 0.087517 0.743043 344.736852 -0.128882 0.991658 -0.001715 -42.837019 -0.736995 -0.094627 0.669241 -20.775814
0.679025 0.089133 0.728684 345.917222 -0.130063 0.991506 -0.000083 -42.835167 -0.722502 -0.094719 0.684850 -20.480283
0.694553 0.087796 0.714065 346.967037 -0.128044 0.991765 0.002605 -42.836907 -0.707956 -0.093241 0.700075 -20.200936
0.708449 0.085729 0.700536 348.162407 -0.127450 0.991816 0.007515 -42.825815 -0.694159 -0.094608 0.713578 -19.856416
0.722368 0.083215 0.686483 349.050185 -0.126218 0.991923 0.012576 -42.838778 -0.679892 -0.095731 0.727037 -19.611704
0.735535 0.082140 0.672489 350.251481 -0.125279 0.991995 0.015858 -42.805185 -0.665803 -0.095912 0.739937 -19.228930
0.750333 0.081082 0.656069 351.133889 -0.122270 0.992348 0.017195 -42.810889 -0.649654 -0.093119 0.754505 -18.986951
0.763851 0.082321 0.640121 352.014444 -0.122785 0.992253 0.018913 -42.836944 -0.633605 -0.093044 0.768042 -18.837851
0.777359 0.081222 0.623792 352.840185 -0.121677 0.992316 0.022425 -42.881852 -0.617177 -0.093334 0.781269 -18.682450
0.790357 0.079150 0.607512 353.730741 -0.120539 0.992327 0.027532 -42.911519 -0.600671 -0.094990 0.793833 -18.524797
0.802476 0.075105 0.591939 354.445741 -0.116082 0.992743 0.031410 -42.933796 -0.585284 -0.093919 0.805370 -18.359185
0.813171 0.076412 0.576987 355.149815 -0.116735 0.992613 0.033065 -42.952685 -0.570198 -0.094242 0.816084 -18.247599
0.822284 0.075195 0.564087 355.627778 -0.113137 0.993046 0.032545 -42.973704 -0.557717 -0.090580 0.825074 -18.184316
0.830651 0.073469 0.551925 356.059815 -0.111183 0.993179 0.035125 -42.993926 -0.545580 -0.090541 0.833153 -18.143870
0.838183 0.071162 0.540726 356.411111 -0.108485 0.993393 0.037429 -43.014556 -0.534490 -0.090033 0.840365 -18.099833
0.844399 0.073150 0.530698 356.701111 -0.110187 0.993168 0.038423 -43.025852 -0.524261 -0.090920 0.846690 -18.072758
0.849143 0.074207 0.522924 356.953704 -0.111314 0.992986 0.039844 -43.029759 -0.516300 -0.092042 0.851448 -18.033305
0.852272 0.072844 0.518002 357.074815 -0.110670 0.992950 0.042454 -43.033093 -0.511258 -0.093509 0.854325 -18.004469
0.854754 0.073078 0.513863 357.264074 -0.111558 0.992766 0.044381 -43.036833 -0.506903 -0.095261 0.856723 -17.982821
0.857614 0.070887 0.509386 357.504074 -0.109309 0.992950 0.045855 -43.043130 -0.502544 -0.095006 0.859316 -17.950518
0.859682 0.068012 0.506282 357.631667 -0.106202 0.993238 0.046905 -43.050315 -0.499669 -0.094092 0.861091 -17.933384
0.861361 0.065148 0.503798 357.746296 -0.104045 0.993343 0.049436 -43.059296 -0.497224 -0.095000 0.862406 -17.918766
0.862892 0.064783 0.501219 357.890370 -0.104187 0.993250 0.050988 -43.060019 -0.494532 -0.096218 0.863817 -17.890222
0.865030 0.064354 0.497576 358.727593 -0.103101 0.993375 0.050763 -42.967593 -0.491012 -0.095212 0.865934 -17.463179
0.867004 0.062706 0.494340 359.549630 -0.101218 0.993531 0.051495 -42.881333 -0.487913 -0.094683 0.867742 -17.030849
0.867632 0.062931 0.493208 359.614815 -0.101554 0.993476 0.051885 -42.875778 -0.486725 -0.095105 0.868363 -17.000593
0.867564 0.067383 0.492740 359.715000 -0.106947 0.992877 0.052523 -42.854500 -0.485690 -0.098264 0.868590 -16.950951
