1.000000 0.000000 0.000000 0.000000 0.000000 1.000000 0.000000 0.000000 0.000000 0.000000 1.000000 0.000000
0.999993 0.003075 -0.001914 -0.026962 -0.003069 0.999990 0.003315 0.027053 0.001924 -0.003309 0.999993 -0.038907
0.999998 0.001863 -0.000542 -0.032579 -0.001864 0.999998 -0.000679 0.000348 0.000541 0.000680 1.000000 0.328133
0.999999 0.000610 0.001078 -0.090800 -0.000608 0.999999 -0.001428 -0.004932 -0.001079 0.001427 0.999998 0.802005
0.999998 -0.001021 0.001783 -0.118110 0.001016 0.999996 0.002783 -0.021133 -0.001786 -0.002781 0.999995 1.176063
0.999992 -0.003398 0.001925 -0.125026 0.003382 0.999958 0.008518 -0.034103 -0.001954 -0.008512 0.999962 1.594242
0.999984 -0.005729 0.000149 -0.116989 0.005727 0.999953 0.007812 -0.041938 -0.000193 -0.007811 0.999969 1.959951
0.999982 -0.006043 0.000560 -0.140230 0.006040 0.999968 0.005264 -0.054194 -0.000592 -0.005261 0.999986 2.412514
0.999978 -0.006588 -0.000153 -0.126946 0.006588 0.999976 0.001986 -0.071545 0.000140 -0.001987 0.999998 2.766750
0.999984 -0.005472 -0.001231 -0.104924 0.005473 0.999984 0.001235 -0.083286 0.001225 -0.001242 0.999999 3.163886
0.999988 -0.004468 -0.001907 -0.124260 0.004473 0.999986 0.002957 -0.100683 0.001894 -0.002965 0.999994 3.520277
0.999984 -0.004686 -0.003109 -0.123672 0.004703 0.999975 0.005289 -0.106789 0.003084 -0.005304 0.999981 3.892058
0.999982 -0.004114 -0.004413 -0.130557 0.004145 0.999967 0.006928 -0.121668 0.004384 -0.006946 0.999966 4.264952
0.999975 -0.005011 -0.005051 -0.144190 0.005049 0.999958 0.007605 -0.128698 0.005012 -0.007630 0.999958 4.657208
0.999967 -0.005027 -0.006395 -0.141018 0.005073 0.999961 0.007184 -0.134803 0.006358 -0.007216 0.999954 5.026074
0.999941 -0.007050 -0.008219 -0.146918 0.007102 0.999955 0.006247 -0.153858 0.008174 -0.006305 0.999947 5.415061
0.999917 -0.007542 -0.010413 -0.149263 0.007586 0.999962 0.004178 -0.162003 0.010381 -0.004257 0.999937 5.786208
0.999887 -0.009060 -0.011987 -0.155295 0.009096 0.999954 0.003027 -0.175264 0.011959 -0.003136 0.999924 6.156972
0.999864 -0.008361 -0.014227 -0.163713 0.008387 0.999963 0.001789 -0.184040 0.014211 -0.001908 0.999897 6.504494
0.999836 -0.006242 -0.017002 -0.146254 0.006258 0.999980 0.000921 -0.199104 0.016996 -0.001027 0.999855 6.857557
0.999818 -0.003766 -0.018683 -0.173521 0.003778 0.999993 0.000598 -0.208694 0.018680 -0.000669 0.999825 7.205171
0.999780 -0.004810 -0.020410 -0.186800 0.004845 0.999987 0.001644 -0.223257 0.020402 -0.001743 0.999790 7.560621
0.999739 -0.004360 -0.022445 -0.208355 0.004420 0.999987 0.002638 -0.238445 0.022433 -0.002737 0.999745 7.878109
0.999686 -0.004879 -0.024597 -0.250507 0.004961 0.999982 0.003282 -0.255274 0.024580 -0.003403 0.999692 8.246696
0.999647 -0.005032 -0.026097 -0.284041 0.005105 0.999983 0.002730 -0.263391 0.026083 -0.002862 0.999656 8.595769
0.999595 -0.005508 -0.027900 -0.319303 0.005578 0.999981 0.002419 -0.278246 0.027886 -0.002574 0.999608 8.942800
0.999557 -0.005698 -0.029218 -0.354280 0.005775 0.999980 0.002562 -0.292453 0.029202 -0.002730 0.999570 9.272567
0.999538 -0.003682 -0.030170 -0.390321 0.003818 0.999983 0.004463 -0.300455 0.030153 -0.004576 0.999535 9.611444
0.999500 -0.005726 -0.031108 -0.438159 0.005950 0.999957 0.007112 -0.313024 0.031065 -0.007294 0.999491 9.934040
0.999437 -0.007077 -0.032791 -0.450784 0.007373 0.999933 0.008924 -0.331703 0.032725 -0.009161 0.999422 10.255237
0.999412 -0.006525 -0.033667 -0.476592 0.006789 0.999947 0.007737 -0.336437 0.033615 -0.007961 0.999403 10.586279
0.999374 -0.006025 -0.034870 -0.496419 0.006216 0.999966 0.005386 -0.355487 0.034837 -0.005599 0.999377 10.914534
0.999336 -0.004271 -0.036194 -0.532350 0.004402 0.999984 0.003535 -0.365259 0.036179 -0.003692 0.999339 11.250484
0.999292 -0.003776 -0.037428 -0.567065 0.003896 0.999988 0.003132 -0.376855 0.037416 -0.003276 0.999294 11.554888
0.999208 -0.005334 -0.039427 -0.591379 0.005447 0.999981 0.002745 -0.397607 0.039412 -0.002958 0.999219 11.866397
0.999112 -0.005160 -0.041821 -0.627639 0.005248 0.999984 0.001993 -0.417662 0.041810 -0.002211 0.999123 12.170952
0.999035 -0.002793 -0.043826 -0.656337 0.002878 0.999994 0.001857 -0.413790 0.043821 -0.001981 0.999037 12.480059
0.998941 -0.003472 -0.045878 -0.724690 0.003609 0.999989 0.002895 -0.425057 0.045868 -0.003057 0.998943 12.810949
0.998839 -0.003337 -0.048047 -0.787276 0.003590 0.999980 0.005166 -0.441942 0.048028 -0.005332 0.998832 13.124516
0.998730 -0.002335 -0.050329 -0.841806 0.002656 0.999977 0.006326 -0.446901 0.050313 -0.006451 0.998713 13.397281
0.998638 -0.001985 -0.052132 -0.886666 0.002335 0.999975 0.006657 -0.459525 0.052118 -0.006770 0.998618 13.690156
0.998517 0.001144 -0.054423 -0.918743 -0.000847 0.999985 0.005481 -0.464713 0.054429 -0.005426 0.998503 13.926152
0.998424 0.002733 -0.056060 -0.975434 -0.002452 0.999984 0.005080 -0.475119 0.056073 -0.004934 0.998414 14.182144
0.998269 0.004281 -0.058654 -0.994462 -0.003910 0.999972 0.006429 -0.483060 0.058680 -0.006188 0.998258 14.438531
0.998205 0.006517 -0.059543 -1.056755 -0.006050 0.999950 0.008032 -0.487369 0.059592 -0.007657 0.998193 14.687471
0.998149 0.008652 -0.060205 -1.122881 -0.008161 0.999931 0.008397 -0.498388 0.060274 -0.007890 0.998151 14.955791
0.998147 0.012230 -0.059598 -1.188341 -0.011845 0.999907 0.006804 -0.513586 0.059675 -0.006085 0.998199 15.225025
0.998120 0.014567 -0.059539 -1.203331 -0.014351 0.999889 0.004046 -0.523954 0.059592 -0.003183 0.998218 15.504977
0.998200 0.015040 -0.058064 -1.206356 -0.014951 0.999886 0.001964 -0.528606 0.058087 -0.001092 0.998311 15.675563
0.998310 0.018839 -0.054982 -1.248693 -0.018707 0.999821 0.002911 -0.531444 0.055027 -0.001877 0.998483 15.946000
0.998315 0.023894 -0.052885 -1.205350 -0.023658 0.999707 0.005074 -0.541636 0.052991 -0.003814 0.998588 16.061328
0.998332 0.029064 -0.049886 -1.237212 -0.028667 0.999552 0.008655 -0.552405 0.050115 -0.007210 0.998717 16.291789
0.998354 0.033615 -0.046474 -1.267662 -0.033158 0.999394 0.010569 -0.567153 0.046801 -0.009011 0.998864 16.522353
0.998394 0.037700 -0.042283 -1.261828 -0.037284 0.999249 0.010581 -0.572970 0.042650 -0.008987 0.999050 16.747187
0.998436 0.041827 -0.037103 -1.283321 -0.041388 0.999065 0.012509 -0.573381 0.037591 -0.010953 0.999233 16.928541
0.998444 0.046688 -0.030477 -1.328507 -0.046298 0.998838 0.013384 -0.576684 0.031067 -0.011953 0.999446 17.131192
0.998403 0.051269 -0.023721 -1.334131 -0.050968 0.998614 0.013132 -0.582603 0.024361 -0.011902 0.999632 17.343034
0.998358 0.054809 -0.016678 -1.350892 -0.054594 0.998423 0.013079 -0.589709 0.017369 -0.012147 0.999775 17.543806
0.998135 0.060102 -0.010730 -1.281561 -0.059966 0.998122 0.012530 -0.591486 0.011463 -0.011863 0.999864 17.612332
0.997949 0.063848 -0.004705 -1.240117 -0.063798 0.997912 0.010113 -0.597508 0.005341 -0.009792 0.999938 17.706670
0.997887 0.064958 0.001412 -1.172365 -0.064968 0.997856 0.007879 -0.611940 -0.000897 -0.007955 0.999968 17.779397
0.997839 0.065247 0.007752 -1.108876 -0.065306 0.997837 0.007528 -0.615762 -0.007244 -0.008018 0.999942 17.829628
0.997848 0.063962 0.014457 -1.062247 -0.064104 0.997897 0.009574 -0.627785 -0.013814 -0.010480 0.999850 17.918086
0.997577 0.065858 0.022405 -1.042942 -0.066099 0.997761 0.010188 -0.627541 -0.021684 -0.011644 0.999697 17.945950
0.997141 0.069005 0.030790 -1.032481 -0.069363 0.997534 0.010706 -0.633067 -0.029975 -0.012811 0.999469 18.034742
0.996563 0.072928 0.039304 -1.038004 -0.073396 0.997247 0.010600 -0.639935 -0.038423 -0.013449 0.999171 18.133934
0.996205 0.073184 0.047124 -1.013787 -0.073809 0.997204 0.011653 -0.676266 -0.046139 -0.015087 0.998821 18.183334
0.995943 0.071071 0.055189 -0.974328 -0.071885 0.997329 0.012912 -0.700206 -0.054124 -0.016826 0.998393 18.242404
0.995423 0.069450 0.065649 -0.940851 -0.070372 0.997451 0.011830 -0.724395 -0.064660 -0.016395 0.997773 18.310952
0.994805 0.066499 0.077080 -0.919756 -0.067272 0.997707 0.007472 -0.739471 -0.076406 -0.012618 0.996997 18.359212
0.994193 0.062426 0.087658 -0.847216 -0.063199 0.997982 0.006069 -0.775701 -0.087103 -0.011573 0.996132 18.471283
0.992546 0.064548 0.103373 -0.829144 -0.065261 0.997862 0.003522 -0.781458 -0.102925 -0.010242 0.994636 18.530678
0.990664 0.065580 0.119515 -0.788907 -0.066319 0.997796 0.002211 -0.786895 -0.119107 -0.010117 0.992830 18.598594
0.988747 0.060987 0.136599 -0.781214 -0.061872 0.998082 0.002238 -0.802970 -0.136201 -0.010665 0.990624 18.684016
0.986227 0.060861 0.153793 -0.682740 -0.061800 0.998088 0.001327 -0.810466 -0.153418 -0.010814 0.988102 18.744971
0.982955 0.060993 0.173433 -0.627455 -0.062179 0.998064 0.001409 -0.824132 -0.173012 -0.012169 0.984845 18.829298
0.979167 0.061402 0.193551 -0.556519 -0.062647 0.998036 0.000313 -0.828707 -0.193152 -0.012431 0.981090 18.895988
0.975251 0.063447 0.211802 -0.360392 -0.064550 0.997913 -0.001711 -0.839315 -0.211468 -0.012003 0.977311 18.946861
0.970213 0.064136 0.233607 -0.249636 -0.065144 0.997870 -0.003409 -0.845685 -0.233328 -0.011910 0.972325 19.011251
0.964287 0.064697 0.256836 -0.102257 -0.065884 0.997819 -0.003992 -0.853648 -0.256534 -0.013071 0.966447 19.057610
0.957399 0.066679 0.280966 0.062315 -0.068026 0.997671 -0.004965 -0.858746 -0.280643 -0.014359 0.959705 19.080754
0.949423 0.068005 0.306549 0.223111 -0.069484 0.997564 -0.006100 -0.855306 -0.306217 -0.015509 0.951835 19.105232
0.941076 0.068225 0.331242 0.524148 -0.069806 0.997535 -0.007136 -0.864110 -0.330913 -0.016407 0.943519 19.085468
0.930374 0.065085 0.360789 0.660182 -0.066250 0.997761 -0.009152 -0.866598 -0.360576 -0.015387 0.932603 19.097213
0.918110 0.059554 0.391826 0.862078 -0.060021 0.998136 -0.011071 -0.881666 -0.391755 -0.013353 0.919973 19.123727
0.902795 0.057338 0.426232 1.024675 -0.056347 0.998299 -0.014946 -0.890184 -0.426364 -0.010524 0.904490 19.187750
0.886138 0.058369 0.459730 1.258165 -0.055370 0.998265 -0.020016 -0.887966 -0.460101 -0.007718 0.887833 19.247890
0.872031 0.057474 0.486064 1.720771 -0.052838 0.998332 -0.023251 -0.906934 -0.486590 -0.005407 0.873614 19.148594
0.855781 0.059837 0.513867 2.171663 -0.054313 0.998191 -0.025782 -0.912830 -0.514480 -0.005846 0.857483 19.034654
0.835243 0.061116 0.546474 2.383006 -0.055056 0.998105 -0.027477 -0.924021 -0.547118 -0.007137 0.837025 18.965059
0.820545 0.064292 0.567954 3.182331 -0.058397 0.997884 -0.028591 -0.960003 -0.568590 -0.009707 0.822563 18.837052
0.795579 0.063939 0.602466 3.609970 -0.057371 0.997898 -0.030145 -0.989628 -0.603127 -0.010581 0.797575 18.876299
0.780979 0.060193 0.621650 4.926298 -0.054270 0.998120 -0.028466 -1.067190 -0.622195 -0.011506 0.782778 18.626620
0.751124 0.057654 0.657639 5.476980 -0.050833 0.998273 -0.029457 -1.089104 -0.658201 -0.011304 0.752757 18.672698
0.720091 0.053283 0.691831 6.236657 -0.045561 0.998526 -0.029482 -1.159144 -0.692382 -0.010291 0.721457 18.734171
0.684687 0.048614 0.727214 6.800694 -0.039662 0.998780 -0.029425 -1.232798 -0.727757 -0.008695 0.685779 18.753012
0.647210 0.041491 0.761182 7.500435 -0.033779 0.999098 -0.025738 -1.353023 -0.761563 -0.009054 0.648028 18.801752
0.604731 0.039862 0.795431 7.983698 -0.033407 0.999137 -0.024672 -1.362855 -0.795729 -0.011653 0.605541 18.872341
0.560816 0.035384 0.827184 8.645872 -0.033117 0.999246 -0.020291 -1.422441 -0.827278 -0.016014 0.561565 18.982064
0.515760 0.036039 0.855975 9.294287 -0.038860 0.999071 -0.018648 -1.434276 -0.855851 -0.023646 0.516681 19.067470
0.471546 0.036108 0.881102 9.943307 -0.038706 0.999046 -0.020226 -1.452654 -0.880992 -0.024567 0.472494 19.128420
0.428295 0.030402 0.903127 10.716211 -0.029126 0.999379 -0.019830 -1.483358 -0.903169 -0.017811 0.428915 19.207319
0.386968 0.021463 0.921844 11.632304 -0.014665 0.999746 -0.017121 -1.518691 -0.921977 -0.006893 0.387184 19.307203
0.346448 0.017980 0.937897 12.395059 -0.006331 0.999838 -0.016828 -1.567920 -0.938048 -0.000108 0.346505 19.367689
0.310169 0.019693 0.950477 13.092985 -0.004024 0.999804 -0.019402 -1.557948 -0.950673 0.002193 0.310188 19.420830
0.277728 0.018038 0.960490 13.819735 0.003732 0.999796 -0.019856 -1.588748 -0.960653 0.009099 0.277604 19.479388
0.249298 0.015753 0.968299 14.503339 0.008471 0.999794 -0.018447 -1.607057 -0.968390 0.012801 0.249113 19.519007
0.224964 0.012703 0.974284 15.104822 0.015711 0.999738 -0.016663 -1.623579 -0.974240 0.019056 0.224706 19.544107
0.205553 0.010195 0.978593 15.936643 0.020195 0.999689 -0.014657 -1.647122 -0.978437 0.022776 0.205283 19.584099
0.190571 0.011287 0.981609 16.522709 0.022152 0.999630 -0.015795 -1.651452 -0.981424 0.024755 0.190251 19.600925
0.177894 0.010795 0.983990 16.653615 0.020800 0.999675 -0.014727 -1.648696 -0.983830 0.023087 0.177612 19.603577
0.167628 0.012149 0.985776 16.676324 0.021310 0.999646 -0.015944 -1.645744 -0.985620 0.023680 0.167309 19.582862
0.159044 0.013424 0.987180 16.816678 0.023697 0.999568 -0.017410 -1.660480 -0.986987 0.026162 0.158657 19.563277
0.153339 0.013226 0.988085 16.903985 0.029688 0.999397 -0.017985 -1.668254 -0.987728 0.032092 0.152854 19.544603
0.149979 0.012385 0.988612 16.979057 0.032660 0.999314 -0.017474 -1.660114 -0.988150 0.034909 0.149472 19.529197
0.147386 0.009808 0.989031 17.086281 0.028394 0.999497 -0.014143 -1.656417 -0.988671 0.030167 0.147033 19.513084
0.146739 0.002901 0.989171 17.141963 0.026762 0.999618 -0.006902 -1.644415 -0.988813 0.027485 0.146606 19.487795
0.147990 -0.003655 0.988982 17.173343 0.029002 0.999579 -0.000646 -1.631376 -0.988564 0.028778 0.148034 19.415155
0.148241 -0.007661 0.988922 17.268546 0.030714 0.999523 0.003139 -1.632090 -0.988474 0.029908 0.148406 19.376167
0.148765 -0.006666 0.988850 17.371802 0.031031 0.999516 0.002070 -1.640995 -0.988386 0.030377 0.148900 19.340213
0.150439 0.000172 0.988619 17.569291 0.031591 0.999489 -0.004982 -1.638674 -0.988115 0.031981 0.150357 19.314423
0.152629 0.007465 0.988255 18.566019 0.032772 0.999383 -0.012610 -1.634243 -0.987740 0.034312 0.152290 19.364854
0.156826 0.006026 0.987608 18.943204 0.033607 0.999370 -0.011434 -1.657070 -0.987054 0.034984 0.156525 19.346018
0.161088 0.000050 0.986940 19.109389 0.035768 0.999343 -0.005889 -1.681313 -0.986292 0.036249 0.160981 19.321951
0.165423 -0.002844 0.986219 19.375574 0.034260 0.999409 -0.002865 -1.619389 -0.985627 0.034262 0.165423 19.289453
0.169249 -0.004684 0.985562 19.525778 0.033101 0.999452 -0.000934 -1.628663 -0.985017 0.032782 0.169311 19.278308
0.172675 -0.002076 0.984977 19.719667 0.040308 0.999175 -0.004961 -1.657541 -0.984154 0.040559 0.172616 19.273723
0.175125 -0.001898 0.984545 20.747537 0.041177 0.999137 -0.005398 -1.731657 -0.983685 0.041486 0.175052 19.331152
0.180714 0.003213 0.983530 21.221833 0.037442 0.999247 -0.010144 -1.680081 -0.982823 0.038659 0.180457 19.332832
0.183560 0.000103 0.983008 22.254130 0.034016 0.999400 -0.006457 -1.693090 -0.982420 0.034624 0.183447 19.405030
0.187274 -0.003283 0.982302 22.507556 0.037457 0.999291 -0.003801 -1.691711 -0.981593 0.037506 0.187264 19.413259
0.190915 -0.005768 0.981590 22.756167 0.041438 0.999139 -0.002188 -1.747186 -0.980732 0.041093 0.190990 19.431041
0.193463 0.000176 0.981108 23.791741 0.039193 0.999200 -0.007908 -1.716884 -0.980324 0.039983 0.193301 19.482163
0.198534 0.002575 0.980091 24.042296 0.037510 0.999244 -0.010224 -1.730648 -0.979376 0.038793 0.198287 19.523079
0.201891 0.000734 0.979408 25.329185 0.035739 0.999328 -0.008117 -1.771458 -0.978756 0.036642 0.201730 19.607805
0.205006 0.000416 0.978761 26.485981 0.036104 0.999316 -0.007987 -1.748990 -0.978094 0.036975 0.204851 19.685533
0.207962 -0.001955 0.978135 27.113500 0.039727 0.999190 -0.006449 -1.795844 -0.977330 0.040200 0.207871 19.742783
0.211824 -0.004031 0.977299 28.054352 0.049181 0.998768 -0.006540 -1.840531 -0.976070 0.049450 0.211762 19.787031
0.211145 0.001424 0.977454 28.247111 0.037822 0.999238 -0.009626 -1.784840 -0.976723 0.039001 0.210930 19.822811
0.214104 -0.002440 0.976808 29.214852 0.038808 0.999229 -0.006010 -1.827406 -0.976040 0.039195 0.214033 19.889248
0.216406 -0.001345 0.976303 30.172389 0.039231 0.999203 -0.007319 -1.800980 -0.975515 0.039885 0.216286 19.969940
0.218361 -0.001468 0.975867 30.308056 0.038567 0.999231 -0.007127 -1.805587 -0.975106 0.039193 0.218250 19.986340
0.221046 -0.002004 0.975261 30.455519 0.037979 0.999257 -0.006555 -1.829841 -0.974524 0.038489 0.220958 20.008042
0.221992 0.000720 0.975048 30.640222 0.034612 0.999364 -0.008618 -1.779867 -0.974434 0.035662 0.221826 20.013302
0.221292 0.002944 0.975203 30.808130 0.032374 0.999422 -0.010363 -1.737114 -0.974670 0.033864 0.221069 20.062647
0.222987 0.003403 0.974815 31.031981 0.030657 0.999475 -0.010502 -1.732116 -0.974339 0.032227 0.222765 20.071989
0.224746 0.004369 0.974408 31.435444 0.028833 0.999522 -0.011132 -1.723899 -0.973991 0.030597 0.224513 20.119714
0.226614 0.007017 0.973959 32.398278 0.026452 0.999561 -0.013356 -1.730742 -0.973625 0.028790 0.226329 20.193181
0.230478 0.010166 0.973024 33.378630 0.025513 0.999538 -0.016487 -1.761555 -0.972743 0.028625 0.230112 20.261102
0.232828 0.014193 0.972414 34.240500 0.025958 0.999447 -0.020803 -1.757159 -0.972171 0.030085 0.232331 20.333111
0.237669 0.016467 0.971207 35.241926 0.020821 0.999540 -0.022043 -1.789039 -0.971123 0.025461 0.237216 20.386971
0.242591 0.016807 0.969983 36.094722 0.015313 0.999659 -0.021151 -1.807866 -0.970008 0.019985 0.242251 20.424112
0.246972 0.017186 0.968870 36.841630 0.019225 0.999559 -0.022631 -1.834708 -0.968832 0.024216 0.246532 20.485062
0.250170 0.016389 0.968063 37.810722 0.018063 0.999604 -0.021591 -1.890857 -0.968033 0.022888 0.249775 20.564685
0.251798 0.018070 0.967611 38.016148 0.017263 0.999583 -0.023160 -1.889685 -0.967626 0.022536 0.251381 20.633281
0.256168 0.015132 0.966514 39.160056 0.016898 0.999655 -0.020130 -1.930070 -0.966484 0.021489 0.255824 20.718277
0.259134 0.014209 0.965737 39.357963 0.020116 0.999595 -0.020105 -1.940146 -0.965632 0.024637 0.258743 20.765932
0.261808 0.017448 0.964962 39.575611 0.016901 0.999600 -0.022660 -1.953085 -0.964972 0.022241 0.261409 20.826774
0.265822 0.026513 0.963658 39.802574 0.013869 0.999413 -0.031322 -1.950817 -0.963922 0.021691 0.265298 20.871022
0.269020 0.032435 0.962588 40.013093 0.010572 0.999273 -0.036626 -1.943009 -0.963077 0.020029 0.268481 20.933116
0.274855 0.035335 0.960836 40.112778 0.008856 0.999189 -0.039279 -1.961907 -0.961445 0.019305 0.274319 20.970247
0.280606 0.033449 0.959240 41.087074 0.005858 0.999314 -0.036560 -2.015026 -0.959805 0.015878 0.280218 21.072080
0.288665 0.032489 0.956879 42.053259 0.005921 0.999344 -0.035717 -2.035659 -0.957412 0.015976 0.288283 21.151098
0.296622 0.029840 0.954529 42.856463 0.006356 0.999428 -0.033219 -2.059835 -0.954974 0.015920 0.296263 21.222815
0.303182 0.026368 0.952568 43.511648 0.004618 0.999565 -0.029138 -2.074496 -0.952921 0.013233 0.302929 21.305176
0.310972 0.018229 0.950244 44.428222 0.005367 0.999766 -0.020936 -2.115431 -0.950404 0.011610 0.310801 21.393347
0.318088 0.016372 0.947920 45.215370 0.005020 0.999808 -0.018952 -2.141643 -0.948048 0.010787 0.317945 21.478554
0.325248 0.017700 0.945463 46.036574 0.006723 0.999756 -0.021029 -2.173109 -0.945605 0.013196 0.325049 21.564149
0.331235 0.022556 0.943279 46.869704 0.009051 0.999592 -0.027080 -2.204952 -0.943505 0.017508 0.330896 21.651376
0.335726 0.025698 0.941609 47.230037 0.008626 0.999502 -0.030353 -2.224869 -0.941920 0.018313 0.335338 21.709296
0.340624 0.028420 0.939770 47.575648 0.010230 0.999372 -0.033930 -2.239189 -0.940144 0.021171 0.340120 21.768183
0.346437 0.026792 0.937691 48.453796 0.008705 0.999457 -0.031773 -2.288730 -0.938033 0.019169 0.346015 21.852693
0.349920 0.022787 0.936502 48.657481 0.013417 0.999480 -0.029333 -2.302176 -0.936683 0.022829 0.349432 21.895121
0.355903 0.013028 0.934432 49.245167 0.020126 0.999564 -0.021601 -2.323669 -0.934306 0.026494 0.355486 21.944947
0.357414 0.007512 0.933916 49.298074 0.020252 0.999670 -0.015792 -2.329154 -0.933726 0.024558 0.357144 22.017728
0.362382 0.001531 0.932029 49.799204 0.021132 0.999728 -0.009859 -2.356089 -0.931790 0.023268 0.362251 22.029953
0.364139 0.003044 0.931340 50.032833 0.016098 0.999825 -0.009562 -2.355157 -0.931206 0.018475 0.364026 22.081853
0.366947 0.004744 0.930230 50.952796 0.014429 0.999838 -0.010791 -2.379246 -0.930130 0.017382 0.366819 22.187876
0.367630 0.009328 0.929925 51.110130 0.011381 0.999830 -0.014528 -2.383826 -0.929902 0.015925 0.367461 22.214407
0.368965 0.012545 0.929359 51.287593 0.011491 0.999771 -0.018058 -2.390856 -0.929372 0.017342 0.368736 22.248589
0.371433 0.016690 0.928310 51.797611 0.014379 0.999615 -0.023726 -2.400491 -0.928348 0.022160 0.371050 22.301930
0.372889 0.018266 0.927696 52.635741 0.015469 0.999545 -0.025899 -2.425802 -0.927747 0.024008 0.372437 22.403137
0.374290 0.019661 0.927103 53.313685 0.014040 0.999540 -0.026865 -2.435178 -0.927205 0.023072 0.373842 22.483008
0.374823 0.016898 0.926942 54.039444 0.013188 0.999636 -0.023556 -2.462817 -0.927002 0.021054 0.374464 22.566740
0.375834 0.014248 0.926578 54.723222 0.014301 0.999673 -0.021173 -2.481567 -0.926577 0.021209 0.375507 22.637734
0.375658 0.012090 0.926679 55.186611 0.015825 0.999685 -0.019458 -2.501144 -0.926623 0.021974 0.375349 22.682144
0.375008 0.010386 0.926963 56.095241 0.014956 0.999739 -0.017252 -2.542433 -0.926901 0.020333 0.374755 22.784684
0.372805 0.010414 0.927851 56.194556 0.013424 0.999772 -0.016615 -2.558065 -0.927813 0.018649 0.372581 22.786034
0.370156 0.014430 0.928857 56.361296 0.010307 0.999754 -0.019638 -2.572250 -0.928912 0.016843 0.369917 22.806662
0.368060 0.016100 0.929663 56.523630 0.013474 0.999653 -0.022647 -2.598589 -0.929704 0.020862 0.367716 22.817970
0.365061 0.014498 0.930871 56.638889 0.015211 0.999652 -0.021535 -2.639683 -0.930859 0.022020 0.364714 22.830082
0.361632 0.017291 0.932161 56.838204 0.009466 0.999708 -0.022216 -2.620822 -0.932273 0.016858 0.361362 22.878877
0.359239 0.012693 0.933159 57.057870 0.011474 0.999772 -0.018017 -2.648111 -0.933175 0.017180 0.359012 22.945518
0.357601 0.009461 0.933827 57.182833 0.009113 0.999866 -0.013620 -2.669000 -0.933830 0.013381 0.357467 22.924426
0.355364 0.007533 0.934698 57.310778 0.011678 0.999854 -0.012498 -2.691856 -0.934655 0.015357 0.355224 22.912481
0.354355 0.009381 0.935064 57.518944 0.014498 0.999774 -0.015524 -2.673056 -0.934999 0.019058 0.354139 22.892242
0.352687 0.009559 0.935693 57.825593 0.017864 0.999697 -0.016946 -2.694694 -0.935571 0.022692 0.352409 22.877327
0.351358 0.012423 0.936159 58.133833 0.016066 0.999685 -0.019296 -2.687617 -0.936103 0.021820 0.351048 22.881739
0.350496 0.011535 0.936493 58.368000 0.018142 0.999653 -0.019103 -2.734144 -0.936389 0.023686 0.350165 22.881652
0.350081 0.011884 0.936644 58.603481 0.016621 0.999683 -0.018896 -2.724122 -0.936572 0.022183 0.349772 22.857233
0.350498 0.007183 0.936536 59.122907 0.023907 0.999576 -0.016614 -2.760150 -0.936258 0.028213 0.350177 22.892711
0.353768 0.004229 0.935324 59.740630 0.028531 0.999476 -0.015310 -2.765539 -0.934898 0.032102 0.353461 22.925948
0.355241 0.003794 0.934767 60.076556 0.031992 0.999357 -0.016214 -2.759300 -0.934227 0.035664 0.354891 22.941117
0.360188 0.004341 0.932870 60.667852 0.027713 0.999498 -0.015352 -2.777861 -0.932468 0.031383 0.359887 22.977626
0.365014 0.004556 0.930991 60.901870 0.028014 0.999482 -0.015875 -2.790619 -0.930581 0.031875 0.364697 22.974224
0.373006 0.005932 0.927810 61.364759 0.024434 0.999570 -0.016214 -2.783189 -0.927507 0.028718 0.372701 22.979306
0.380810 0.005826 0.924635 61.748556 0.023115 0.999608 -0.015818 -2.801415 -0.924364 0.027397 0.380526 22.992455
0.389268 0.005156 0.921110 62.171389 0.022035 0.999646 -0.014908 -2.798063 -0.920861 0.026100 0.389017 23.012235
0.398288 0.004406 0.917250 62.568833 0.019188 0.999730 -0.013134 -2.831785 -0.917060 0.022831 0.398095 23.035547
0.407788 0.003729 0.913069 62.915648 0.018739 0.999747 -0.012452 -2.838152 -0.912884 0.022188 0.407615 23.043134
0.417506 0.007785 0.908641 63.252759 0.013207 0.999806 -0.014635 -2.848720 -0.908578 0.018110 0.417322 23.048998
0.427363 0.011556 0.904006 63.580648 0.007732 0.999835 -0.016436 -2.855961 -0.904047 0.014014 0.427203 23.054398
0.438225 0.016020 0.898723 63.882778 0.002825 0.999812 -0.019200 -2.853430 -0.898861 0.010953 0.438097 23.061888
0.449272 0.016828 0.893236 64.214926 0.002226 0.999798 -0.019955 -2.884381 -0.893392 0.010954 0.449144 23.069394
0.458980 0.017465 0.888275 64.442630 -0.000891 0.999815 -0.019198 -2.901889 -0.888446 0.008020 0.458911 23.064691
0.468632 0.017150 0.883227 64.642537 -0.000328 0.999815 -0.019239 -2.911843 -0.883394 0.008726 0.468551 23.075172
0.477595 0.017138 0.878413 64.843963 -0.003185 0.999837 -0.017775 -2.928035 -0.878574 0.005691 0.477572 23.108598
0.487700 0.012363 0.872924 65.567370 -0.004017 0.999921 -0.011918 -2.944702 -0.873002 0.002306 0.487711 23.217473
0.497212 0.003107 0.867624 65.875204 0.001781 0.999988 -0.004602 -2.950235 -0.867627 0.003834 0.497200 23.250175
0.506741 -0.001508 0.862097 66.028426 0.004781 0.999988 -0.001060 -2.952448 -0.862085 0.004659 0.506743 23.261769
0.515616 -0.005477 0.856802 66.226981 0.006224 0.999977 0.002647 -2.945157 -0.856797 0.003968 0.515638 23.276192
0.523491 -0.011569 0.851953 67.253333 0.015497 0.999872 0.004056 -2.969446 -0.851890 0.011080 0.523603 23.472499
0.530744 -0.018087 0.847340 67.930056 0.022210 0.999726 0.007429 -2.966685 -0.847241 0.014877 0.531000 23.577637
0.535803 -0.030683 0.843785 68.534426 0.036189 0.999256 0.013356 -2.956146 -0.843567 0.023380 0.536515 23.686787
0.540057 -0.038956 0.840727 69.959759 0.043325 0.998891 0.018454 -3.000981 -0.840513 0.026458 0.541145 24.039493
0.546928 -0.037399 0.836344 70.267759 0.043626 0.998918 0.016139 -2.991720 -0.836042 0.027660 0.547968 24.053317
0.553415 -0.032514 0.832271 71.529852 0.044737 0.998956 0.009278 -3.006565 -0.831703 0.032099 0.554292 24.303618
0.558819 -0.031245 0.828701 71.835593 0.050326 0.998726 0.003720 -2.989791 -0.827761 0.039626 0.559679 24.326401
0.563553 -0.028890 0.825575 72.937407 0.048448 0.998824 0.001881 -3.005031 -0.824658 0.038937 0.564290 24.571798
0.568725 -0.027346 0.822073 73.174352 0.043881 0.999033 0.002875 -3.004861 -0.821357 0.034438 0.569374 24.571701
0.572781 -0.020033 0.819463 73.405111 0.034033 0.999421 0.000645 -2.999569 -0.819001 0.027520 0.573131 24.585617
0.575462 -0.019446 0.817597 74.210463 0.035773 0.999359 -0.001410 -3.021672 -0.817045 0.030060 0.575789 24.753740
0.579294 -0.015081 0.814979 75.005870 0.032280 0.999469 -0.004450 -3.043159 -0.814479 0.028886 0.579473 24.925131
0.582472 -0.011106 0.812775 75.753685 0.028558 0.999569 -0.006807 -3.046861 -0.812349 0.027176 0.582538 25.081045
0.586053 -0.011121 0.810196 76.481259 0.026244 0.999642 -0.005261 -3.084715 -0.809848 0.024346 0.586135 25.243083
0.589546 -0.014846 0.807598 77.189963 0.027574 0.999618 -0.001753 -3.106556 -0.807264 0.023302 0.589731 25.397129
0.592807 -0.020306 0.805088 77.888852 0.030834 0.999521 0.002506 -3.147443 -0.804754 0.023338 0.593149 25.539505
0.596490 -0.020195 0.802367 78.299000 0.030015 0.999545 0.002844 -3.145409 -0.802059 0.022387 0.596824 25.614668
0.599208 -0.019643 0.800352 78.590111 0.028035 0.999601 0.003545 -3.160591 -0.800102 0.020314 0.599520 25.665541
0.601420 -0.021121 0.798654 78.901426 0.030450 0.999530 0.003504 -3.189185 -0.798353 0.022212 0.601780 25.724180
0.603924 -0.021999 0.796738 79.577111 0.030465 0.999526 0.004506 -3.195726 -0.796459 0.021551 0.604308 25.862614
0.605706 -0.024915 0.795298 80.239481 0.034163 0.999402 0.005290 -3.208809 -0.794955 0.023966 0.606195 26.002010
0.608079 -0.023471 0.793529 80.837389 0.031521 0.999489 0.005408 -3.194119 -0.793250 0.021724 0.608508 26.127992
0.610178 -0.026203 0.791831 81.491611 0.033927 0.999400 0.006928 -3.218500 -0.791537 0.022638 0.610702 26.266729
0.612646 -0.025170 0.789957 81.682611 0.034305 0.999398 0.005239 -3.229411 -0.789613 0.023890 0.613140 26.314346
0.614583 -0.025243 0.788448 82.303463 0.035059 0.999374 0.004668 -3.252619 -0.788073 0.024773 0.615084 26.471713
0.617779 -0.027164 0.785883 82.829722 0.037368 0.999288 0.005165 -3.267317 -0.785464 0.026176 0.618354 26.576041
0.620900 -0.029505 0.783335 83.441648 0.040737 0.999156 0.005344 -3.275119 -0.782831 0.028592 0.621577 26.722710
0.624297 -0.030106 0.780607 83.980815 0.041290 0.999132 0.005512 -3.278070 -0.780095 0.028790 0.624998 26.834047
0.627113 -0.033792 0.778195 84.552167 0.045154 0.998956 0.006991 -3.298365 -0.777618 0.030754 0.627984 26.962810
0.630827 -0.034475 0.775157 85.096241 0.045324 0.998944 0.007544 -3.324130 -0.774598 0.030374 0.631724 27.096617
0.634394 -0.037365 0.772106 85.663611 0.048531 0.998786 0.008460 -3.344294 -0.771485 0.032104 0.635437 27.223954
0.638176 -0.037556 0.768974 85.820241 0.049982 0.998723 0.007297 -3.346741 -0.768267 0.033778 0.639238 27.258525
0.642239 -0.038345 0.765544 86.409130 0.052155 0.998619 0.006265 -3.356737 -0.764728 0.035903 0.643353 27.392758
0.647250 -0.032709 0.761576 86.957111 0.047425 0.998871 0.002595 -3.352719 -0.760802 0.034439 0.648070 27.534281
0.652587 -0.027690 0.757208 87.212333 0.044796 0.998994 -0.002075 -3.363611 -0.756389 0.035273 0.653171 27.595210
0.658354 -0.021404 0.752404 87.442889 0.040499 0.999155 -0.007013 -3.377920 -0.751618 0.035089 0.658664 27.649739
0.663034 -0.013930 0.748460 87.490537 0.034967 0.999312 -0.012378 -3.371489 -0.747773 0.034378 0.663064 27.702648
0.668615 -0.009857 0.743544 87.626148 0.032359 0.999351 -0.015849 -3.392215 -0.742904 0.034657 0.668500 27.748089
0.674654 -0.010276 0.738062 87.911370 0.029872 0.999464 -0.013390 -3.416793 -0.737529 0.031081 0.674600 27.797974
0.679951 -0.012356 0.733154 88.039741 0.026754 0.999610 -0.007965 -3.451298 -0.732770 0.025031 0.680016 27.834365
0.685586 -0.014847 0.727840 88.178407 0.022414 0.999749 -0.000719 -3.485967 -0.727646 0.016807 0.685747 27.882598
0.691091 -0.016108 0.722588 88.329519 0.017477 0.999832 0.005573 -3.508556 -0.722556 0.008777 0.691256 27.924329
0.697191 -0.019237 0.716628 88.522722 0.017178 0.999801 0.010126 -3.527587 -0.716680 0.005250 0.697382 27.971449
0.703333 -0.014512 0.710712 88.725111 0.012305 0.999890 0.008240 -3.518754 -0.710754 0.002950 0.703435 28.012144
0.710424 -0.019510 0.703503 88.944870 0.018475 0.999788 0.009069 -3.586276 -0.703531 0.006555 0.710634 28.081285
0.715349 -0.017451 0.698549 89.089333 0.018034 0.999816 0.006508 -3.596730 -0.698534 0.007942 0.715532 28.154002
0.722204 -0.015940 0.691496 89.380056 0.016536 0.999847 0.005778 -3.612217 -0.691482 0.007262 0.722357 28.218321
0.728635 -0.018775 0.684645 89.660204 0.019307 0.999790 0.006869 -3.626437 -0.684630 0.008213 0.728845 28.282554
0.734786 -0.017242 0.678080 89.901722 0.015585 0.999842 0.008535 -3.647098 -0.678120 0.004296 0.734939 28.338930
0.742326 -0.022961 0.669645 90.267833 0.019534 0.999730 0.012625 -3.674456 -0.669754 0.003709 0.742574 28.414665
0.749721 -0.026978 0.661204 90.626278 0.022571 0.999630 0.015194 -3.686589 -0.661369 0.003533 0.750053 28.492781
0.756478 -0.025670 0.653515 91.213870 0.021367 0.999666 0.014533 -3.671367 -0.653670 0.002970 0.756774 28.674972
0.762165 -0.023894 0.646942 91.633537 0.018579 0.999714 0.015035 -3.684298 -0.647116 0.000560 0.762391 28.850818
0.771429 -0.030543 0.635582 92.390463 0.026316 0.999524 0.016092 -3.704985 -0.635771 0.004312 0.771866 29.049176
0.777759 -0.030143 0.627840 92.906759 0.026071 0.999537 0.015693 -3.701174 -0.628022 0.004163 0.778184 29.231939
0.782186 -0.031696 0.622238 93.473611 0.027350 0.999489 0.016531 -3.692324 -0.622444 0.004088 0.782653 29.439947
0.785312 -0.032163 0.618264 94.064389 0.027872 0.999474 0.016591 -3.676144 -0.618472 0.004203 0.785795 29.658118
0.788108 -0.035571 0.614508 94.680741 0.031901 0.999348 0.016934 -3.671256 -0.614710 0.006258 0.788729 29.881921
0.790401 -0.038606 0.611373 95.315981 0.036343 0.999209 0.016111 -3.646565 -0.611511 0.009485 0.791179 30.117636
0.792718 -0.044957 0.607928 95.968537 0.043691 0.998902 0.016899 -3.631919 -0.608020 0.013165 0.793812 30.365080
0.795780 -0.052345 0.603319 96.633278 0.050020 0.998535 0.020658 -3.640539 -0.603516 0.013739 0.797232 30.604603
0.797897 -0.057507 0.600045 97.327630 0.055422 0.998221 0.021971 -3.607043 -0.600241 0.015725 0.799664 30.868333
0.800257 -0.058548 0.596793 97.975944 0.056916 0.998145 0.021601 -3.569654 -0.596950 0.016681 0.802105 31.128683
0.802795 -0.059605 0.593269 98.688426 0.058554 0.998062 0.021041 -3.563789 -0.593374 0.017847 0.804729 31.401464
0.805401 -0.054180 0.590249 99.319963 0.053383 0.998397 0.018804 -3.542346 -0.590321 0.016365 0.807002 31.678420
0.808443 -0.050508 0.586403 99.506167 0.048844 0.998632 0.018675 -3.539220 -0.586544 0.013545 0.809804 31.726976
0.811236 -0.050770 0.582511 99.733352 0.046810 0.998665 0.021852 -3.518209 -0.582842 0.009540 0.812529 31.782883
0.814911 -0.053226 0.577137 99.924130 0.044795 0.998580 0.028844 -3.521131 -0.577852 0.002348 0.816138 31.818933
0.817459 -0.056979 0.573162 100.618926 0.045255 0.998372 0.034705 -3.480150 -0.574207 -0.002431 0.818707 32.109998
0.820491 -0.062622 0.568219 101.240167 0.049568 0.998032 0.038416 -3.458748 -0.569506 -0.003354 0.821980 32.388250
0.823936 -0.066061 0.562820 101.834667 0.054964 0.997815 0.036656 -3.419678 -0.564011 0.000732 0.825767 32.626967
0.826699 -0.070560 0.558203 102.415074 0.065025 0.997439 0.029780 -3.379259 -0.558875 0.011678 0.829170 32.888489
0.830013 -0.072061 0.553069 102.873630 0.072144 0.997159 0.021652 -3.372428 -0.553059 0.021929 0.832854 33.135215
0.834063 -0.074311 0.546642 103.492333 0.077151 0.996861 0.017798 -3.359067 -0.546248 0.027329 0.837177 33.414903
0.838427 -0.077865 0.539423 104.127315 0.079802 0.996614 0.019823 -3.345376 -0.539139 0.026427 0.841802 33.699942
0.843005 -0.084989 0.531149 104.821056 0.086083 0.996028 0.022749 -3.342119 -0.530973 0.026546 0.846973 34.002121
0.846036 -0.086976 0.525982 105.407852 0.089761 0.995757 0.020279 -3.317487 -0.525514 0.030056 0.850254 34.295438
0.849479 -0.090963 0.519722 106.096630 0.096546 0.995194 0.016376 -3.335954 -0.518714 0.036266 0.854179 34.608983
0.852362 -0.090957 0.514982 106.710241 0.097914 0.995101 0.013697 -3.314150 -0.513705 0.038749 0.857092 34.937968
0.855106 -0.091925 0.510239 107.297000 0.097713 0.995094 0.015519 -3.324900 -0.509162 0.036587 0.859892 35.213098
0.857626 -0.096993 0.505045 107.956370 0.101498 0.994661 0.018668 -3.299356 -0.504159 0.035251 0.862891 35.487563
0.858726 -0.100622 0.502459 108.560667 0.103741 0.994365 0.021831 -3.287107 -0.501824 0.033379 0.864325 35.774530
0.859011 -0.104435 0.501192 109.118130 0.106297 0.994022 0.024941 -3.276656 -0.500800 0.031851 0.864977 36.059261
0.859817 -0.105923 0.499494 109.620204 0.108398 0.993814 0.024155 -3.232770 -0.498963 0.033375 0.865980 36.305107
0.860064 -0.110138 0.498156 110.324481 0.111406 0.993400 0.027290 -3.242978 -0.497874 0.032026 0.866658 36.662539
0.860330 -0.108339 0.498091 110.309111 0.111457 0.993490 0.023579 -3.215926 -0.497402 0.035229 0.866804 36.721323
0.860638 -0.102389 0.498818 110.237111 0.106199 0.994127 0.020825 -3.204357 -0.498021 0.035051 0.866457 36.790697
0.860139 -0.100021 0.500157 110.849426 0.103326 0.994422 0.021171 -3.208983 -0.499485 0.033469 0.865676 37.092546
0.859203 -0.095778 0.502590 111.274759 0.098897 0.994886 0.020524 -3.174817 -0.501986 0.032071 0.864281 37.326037
0.857212 -0.091081 0.506846 111.588241 0.092881 0.995439 0.021796 -3.184552 -0.506519 0.028393 0.861761 37.581413
0.855511 -0.094200 0.509144 111.627963 0.095106 0.995170 0.024317 -3.194830 -0.508975 0.027619 0.860338 37.691006
0.853965 -0.091493 0.512224 112.104741 0.088914 0.995599 0.029598 -3.213044 -0.512678 0.020268 0.858342 37.957826
0.851316 -0.094091 0.516148 112.649130 0.090931 0.995360 0.031469 -3.193341 -0.516714 0.020144 0.855921 38.246710
0.848081 -0.094037 0.521455 113.168389 0.093238 0.995255 0.027839 -3.210561 -0.521598 0.025010 0.852825 38.522795
0.846012 -0.086160 0.526155 113.526259 0.090045 0.995770 0.018277 -3.191672 -0.525505 0.031916 0.850192 38.733449
0.843753 -0.080885 0.530602 114.153370 0.087313 0.996096 0.013000 -3.189137 -0.529582 0.035360 0.847521 39.036951
0.839646 -0.082986 0.536758 114.596130 0.086387 0.996083 0.018865 -3.206296 -0.536221 0.030529 0.843526 39.292862
0.836178 -0.086484 0.541596 115.018611 0.087026 0.995901 0.024667 -3.208189 -0.541509 0.026507 0.840277 39.552694
0.831439 -0.090076 0.548266 115.358926 0.087622 0.995680 0.030705 -3.215006 -0.548664 0.022511 0.835740 39.792211
0.828061 -0.087855 0.553712 115.771204 0.086539 0.995838 0.028589 -3.192422 -0.553919 0.024244 0.832218 40.036631
0.826410 -0.090446 0.555758 116.496241 0.087809 0.995640 0.031462 -3.182646 -0.556181 0.022801 0.830749 40.332449
0.822816 -0.091860 0.560834 116.955593 0.090784 0.995423 0.029851 -3.178224 -0.561010 0.026353 0.827390 40.579364
0.819033 -0.093313 0.566107 117.372648 0.093165 0.995221 0.029256 -3.187146 -0.566131 0.028780 0.823813 40.844979
0.815519 -0.095437 0.570807 117.859611 0.098942 0.994780 0.024964 -3.123974 -0.570210 0.036118 0.820705 41.060261
0.811579 -0.096165 0.576274 118.381741 0.099234 0.994718 0.026239 -3.108926 -0.575754 0.035891 0.816835 41.298363
0.808451 -0.094054 0.581000 118.769019 0.095644 0.995022 0.027990 -3.115252 -0.580740 0.032941 0.813422 41.487811
0.803719 -0.098682 0.586769 119.221389 0.102103 0.994397 0.027382 -3.062696 -0.586183 0.037904 0.809292 41.686126
0.800132 -0.089615 0.593092 119.392019 0.089584 0.995540 0.029569 -3.121933 -0.593097 0.029473 0.804592 41.876892
0.797116 -0.084858 0.597834 119.467778 0.087780 0.995843 0.024312 -3.132309 -0.597411 0.033099 0.801252 41.948356
0.793793 -0.083813 0.602386 119.671056 0.089247 0.995789 0.020945 -3.138609 -0.601604 0.037135 0.797930 42.040156
0.789867 -0.075526 0.608610 119.916037 0.080818 0.996552 0.018780 -3.150939 -0.607930 0.034353 0.793247 42.197501
0.785507 -0.079790 0.613687 120.322407 0.078335 0.996497 0.029294 -3.155411 -0.613874 0.025063 0.789006 42.315388
0.780268 -0.079654 0.620352 120.664185 0.069155 0.996763 0.041003 -3.151750 -0.621610 0.010907 0.783251 42.500916
0.774850 -0.083540 0.626601 121.089426 0.069457 0.996479 0.046963 -3.117409 -0.628318 0.007132 0.777924 42.664844
0.769562 -0.084514 0.632955 121.467037 0.067717 0.996415 0.050713 -3.087967 -0.634972 0.003835 0.772526 42.833939
0.763890 -0.077806 0.640639 121.861833 0.060176 0.996968 0.049330 -3.055800 -0.642535 0.000868 0.766256 42.967897
0.758091 -0.079870 0.647239 122.464500 0.064587 0.996788 0.047355 -3.020009 -0.648943 0.005904 0.760814 43.191106
0.752533 -0.069272 0.654901 123.103185 0.059579 0.997536 0.037054 -2.991374 -0.655854 0.011134 0.754806 43.398072
0.745438 -0.072264 0.662646 124.039500 0.067046 0.997193 0.033326 -2.940439 -0.663194 0.019585 0.748191 43.711472
0.738661 -0.078920 0.669442 124.099611 0.072806 0.996654 0.037161 -2.976207 -0.670134 0.021290 0.741935 43.835175
0.732726 -0.082601 0.675492 124.374241 0.071790 0.996450 0.043977 -2.970891 -0.676726 0.016270 0.736055 43.929724
0.725625 -0.085768 0.682724 125.071056 0.072240 0.996214 0.048371 -2.974785 -0.684288 0.014221 0.729074 44.172513
0.718328 -0.083335 0.690696 125.674926 0.068265 0.996452 0.049229 -2.942122 -0.692347 0.011788 0.721468 44.391872
0.713064 -0.088011 0.695553 126.101111 0.076224 0.995941 0.047877 -2.907594 -0.696943 0.018878 0.716878 44.542737
0.708090 -0.094468 0.699775 126.915537 0.079668 0.995371 0.053757 -2.870867 -0.701614 0.017685 0.712338 44.786552
0.703729 -0.094985 0.704091 127.398944 0.077200 0.995378 0.057121 -2.843102 -0.706262 0.014158 0.707809 44.946662
0.699484 -0.094970 0.708310 127.871944 0.075467 0.995405 0.058937 -2.806283 -0.710652 0.012228 0.703437 45.124997
0.695300 -0.090636 0.712982 128.313185 0.070895 0.995828 0.057455 -2.765487 -0.715214 0.010598 0.698825 45.289487
0.691606 -0.090534 0.716578 128.838056 0.074805 0.995756 0.053607 -2.733920 -0.718391 0.016528 0.695443 45.453528
0.689470 -0.087125 0.719055 129.448352 0.076223 0.995954 0.047589 -2.682104 -0.720293 0.021997 0.693322 45.620831
0.686773 -0.082152 0.722214 129.742019 0.070852 0.996427 0.045969 -2.659691 -0.723410 0.019601 0.690140 45.748309
