1.000000 0.000000 0.000000 0.000000 0.000000 1.000000 0.000000 0.000000 0.000000 0.000000 1.000000 0.000000
0.999995 0.000708 0.003079 -0.315951 -0.000705 0.999999 -0.000912 -0.013834 -0.003079 0.000909 0.999995 -0.084935
1.000000 -0.000176 0.000916 -0.245431 0.000177 1.000000 -0.000358 -0.019049 -0.000916 0.000358 1.000000 0.450606
1.000000 -0.000696 -0.000701 -0.230460 0.000696 1.000000 0.000078 -0.058148 0.000700 -0.000079 1.000000 0.994284
0.999996 -0.001117 -0.002748 -0.091456 0.001111 0.999997 -0.002234 -0.068720 0.002751 0.002231 0.999994 1.538659
0.999999 -0.000516 -0.001606 -0.197223 0.000515 1.000000 -0.000774 -0.124344 0.001607 0.000773 0.999998 1.945763
1.000000 0.000440 -0.000296 -0.291796 -0.000440 1.000000 -0.000762 -0.144792 0.000295 0.000762 1.000000 2.466343
0.999994 -0.001489 -0.003231 -0.045136 0.001494 0.999998 0.001391 -0.181994 0.003229 -0.001395 0.999994 2.995240
0.999990 -0.000854 -0.004294 0.138591 0.000863 0.999998 0.002020 -0.193551 0.004292 -0.002024 0.999989 3.044150
0.999982 -0.000344 -0.005896 0.296162 0.000345 1.000000 0.000227 -0.197472 0.005896 -0.000229 0.999983 3.102994
0.999978 0.002389 -0.006156 0.740817 -0.002402 0.999995 -0.002164 -0.202171 0.006151 0.002178 0.999979 3.144680
0.999977 0.002184 -0.006479 1.007372 -0.002190 0.999997 -0.000843 -0.234045 0.006478 0.000857 0.999979 3.184213
0.999959 0.002698 -0.008667 1.355664 -0.002697 0.999996 0.000140 -0.258694 0.008667 -0.000116 0.999962 3.243902
0.999905 0.005740 -0.012498 1.847594 -0.005746 0.999983 -0.000467 -0.241182 0.012495 0.000539 0.999922 3.311331
0.999920 0.000495 -0.012627 2.137811 -0.000434 0.999988 0.004829 -0.284661 0.012629 -0.004823 0.999909 3.329659
0.999909 -0.004712 -0.012615 2.388424 0.004799 0.999965 0.006882 -0.297481 0.012582 -0.006942 0.999897 3.352022
0.999875 -0.008569 -0.013271 2.606693 0.008649 0.999945 0.006000 -0.316299 0.013219 -0.006114 0.999894 3.398857
0.999882 -0.010529 -0.011191 2.676981 0.010589 0.999930 0.005344 -0.333366 0.011134 -0.005461 0.999923 3.430872
0.999920 -0.009171 -0.008761 2.535970 0.009208 0.999949 0.004226 -0.336671 0.008722 -0.004307 0.999953 3.467438
0.999946 -0.006541 -0.008089 2.666789 0.006593 0.999958 0.006410 -0.336266 0.008047 -0.006463 0.999947 3.481941
0.999955 -0.007178 -0.006184 2.750585 0.007234 0.999933 0.009022 -0.326433 0.006119 -0.009067 0.999940 3.493036
0.999904 -0.011927 -0.007097 2.943119 0.012011 0.999857 0.011933 -0.316006 0.006954 -0.012017 0.999904 3.543159
0.999890 -0.014087 -0.004730 2.997139 0.014142 0.999828 0.011966 -0.330470 0.004561 -0.012031 0.999917 3.567634
0.999812 -0.019336 -0.001190 2.924956 0.019348 0.999754 0.010856 -0.352561 0.000980 -0.010877 0.999940 3.568375
0.999757 -0.022046 0.000035 3.094293 0.022044 0.999678 0.012548 -0.397184 -0.000312 -0.012544 0.999921 3.639814
0.999689 -0.024681 0.003502 3.074048 0.024638 0.999626 0.011869 -0.405246 -0.003794 -0.011780 0.999923 3.666198
0.999682 -0.024280 0.006767 3.113872 0.024211 0.999655 0.010176 -0.402112 -0.007012 -0.010009 0.999925 3.678239
0.999715 -0.022241 0.008628 3.041789 0.022149 0.999699 0.010598 -0.398606 -0.008862 -0.010404 0.999907 3.700356
0.999598 -0.027188 0.008009 3.178722 0.027070 0.999529 0.014449 -0.432174 -0.008398 -0.014226 0.999864 3.725068
0.999632 -0.024870 0.010797 3.097794 0.024713 0.999591 0.014408 -0.413212 -0.011150 -0.014136 0.999838 3.727826
0.999716 -0.022337 0.008352 3.469891 0.022207 0.999636 0.015313 -0.417499 -0.008691 -0.015123 0.999848 3.750203
0.999753 -0.018968 0.011551 3.305033 0.018788 0.999702 0.015568 -0.424560 -0.011843 -0.015347 0.999812 3.759731
0.999757 -0.017581 0.013262 3.210367 0.017369 0.999722 0.015918 -0.421786 -0.013538 -0.015684 0.999785 3.779775
0.999739 -0.017482 0.014682 3.295620 0.017240 0.999716 0.016445 -0.428552 -0.014965 -0.016188 0.999757 3.787960
0.999665 -0.019912 0.016532 3.236998 0.019616 0.999648 0.017854 -0.443562 -0.016882 -0.017524 0.999704 3.796576
0.999570 -0.021544 0.019898 3.150411 0.021200 0.999624 0.017376 -0.450536 -0.020265 -0.016946 0.999651 3.793367
0.999546 -0.021803 0.020790 3.020454 0.021438 0.999615 0.017620 -0.436156 -0.021166 -0.017166 0.999629 3.820513
0.999520 -0.023095 0.020653 3.121819 0.022709 0.999566 0.018748 -0.433285 -0.021077 -0.018270 0.999611 3.836085
0.999559 -0.022145 0.019788 3.385637 0.021757 0.999571 0.019605 -0.456778 -0.020214 -0.019166 0.999612 3.857765
0.999420 -0.027035 0.020732 3.403644 0.026641 0.999463 0.019074 -0.423907 -0.021236 -0.018511 0.999603 3.876306
0.999313 -0.031362 0.019773 3.530213 0.030953 0.999306 0.020700 -0.429299 -0.020409 -0.020074 0.999590 3.908613
0.999221 -0.034050 0.019926 3.653696 0.033576 0.999156 0.023653 -0.448855 -0.020715 -0.022966 0.999522 3.939776
0.999132 -0.037066 0.018995 3.780291 0.036615 0.999051 0.023571 -0.457182 -0.019851 -0.022855 0.999542 3.967004
0.998857 -0.043597 0.019580 3.888130 0.043071 0.998720 0.026518 -0.494087 -0.020711 -0.025645 0.999457 3.983758
0.998631 -0.048172 0.020391 3.990557 0.047576 0.998452 0.028809 -0.512548 -0.021747 -0.027799 0.999377 3.989866
0.998545 -0.048686 0.023166 3.962265 0.048008 0.998426 0.028986 -0.512185 -0.024541 -0.027832 0.999311 3.989032
0.998268 -0.053105 0.025315 3.982159 0.052305 0.998141 0.031271 -0.518366 -0.026929 -0.029892 0.999190 3.989247
0.998004 -0.057238 0.026683 3.930096 0.056390 0.997912 0.031505 -0.522244 -0.028430 -0.029937 0.999147 4.002426
0.997835 -0.057944 0.031110 3.870285 0.056956 0.997872 0.031741 -0.542875 -0.032883 -0.029900 0.999012 3.992252
0.997598 -0.061222 0.032403 3.963131 0.060209 0.997692 0.031378 -0.532801 -0.034249 -0.029351 0.998982 3.996450
0.997678 -0.059987 0.032244 4.056741 0.058921 0.997716 0.033029 -0.554743 -0.034152 -0.031052 0.998934 4.017157
0.997761 -0.055522 0.037282 4.011465 0.054242 0.997931 0.034517 -0.563944 -0.039121 -0.032418 0.998708 3.997777
0.997880 -0.053048 0.037692 4.069639 0.051699 0.998017 0.035908 -0.557200 -0.039522 -0.033884 0.998644 4.004692
0.997981 -0.050163 0.038948 4.103278 0.048752 0.998148 0.036371 -0.555210 -0.040701 -0.034399 0.998579 4.016882
0.998109 -0.046684 0.039993 4.166333 0.045194 0.998278 0.037382 -0.561484 -0.041669 -0.035504 0.998501 4.024524
0.998085 -0.043059 0.044422 3.995296 0.041449 0.998471 0.036560 -0.571651 -0.045928 -0.034649 0.998344 4.027514
0.998080 -0.041215 0.046239 3.935204 0.039465 0.998493 0.038144 -0.587663 -0.047742 -0.036246 0.998202 4.032152
0.997830 -0.044176 0.048831 3.660067 0.042275 0.998332 0.039307 -0.597032 -0.050486 -0.037157 0.998033 4.028112
0.997729 -0.045019 0.050111 3.693574 0.043067 0.998296 0.039370 -0.604537 -0.051798 -0.037122 0.997967 4.026605
0.997621 -0.045700 0.051621 3.598359 0.043733 0.998297 0.038599 -0.612346 -0.053297 -0.036249 0.997921 4.047009
0.997525 -0.048085 0.051304 3.701426 0.046098 0.998166 0.039238 -0.609577 -0.053096 -0.036776 0.997912 4.056830
0.997358 -0.049732 0.052952 3.464941 0.047681 0.998088 0.039330 -0.619819 -0.054807 -0.036701 0.997822 4.085207
0.997273 -0.050458 0.053852 3.418100 0.048378 0.998058 0.039254 -0.626072 -0.055728 -0.036541 0.997777 4.103466
0.997271 -0.051320 0.053071 3.660170 0.049239 0.997993 0.039815 -0.615574 -0.055008 -0.037094 0.997797 4.120234
0.997251 -0.051649 0.053136 3.686452 0.049544 0.997962 0.040205 -0.620488 -0.055104 -0.037462 0.997778 4.132798
0.996833 -0.058154 0.054237 3.181165 0.055722 0.997417 0.045322 -0.682245 -0.056733 -0.042157 0.997499 4.142834
0.996749 -0.059627 0.054190 3.331483 0.057257 0.997377 0.044287 -0.647900 -0.056688 -0.041040 0.997548 4.171297
0.996438 -0.064412 0.054422 3.397693 0.062027 0.997085 0.044433 -0.628667 -0.057125 -0.040899 0.997529 4.183155
0.996375 -0.065293 0.054528 3.481906 0.062909 0.997034 0.044341 -0.628954 -0.057261 -0.040750 0.997527 4.203234
0.996260 -0.067287 0.054215 3.522235 0.064738 0.996772 0.047483 -0.656880 -0.057235 -0.043795 0.997400 4.212349
0.995994 -0.070957 0.054415 3.611848 0.068386 0.996516 0.047744 -0.660287 -0.057614 -0.043831 0.997376 4.226478
0.995932 -0.070463 0.056161 3.577452 0.067816 0.996556 0.047715 -0.668784 -0.059330 -0.043712 0.997281 4.246699
0.995995 -0.068527 0.057432 3.588369 0.065793 0.996667 0.048229 -0.682487 -0.060545 -0.044257 0.997184 4.261162
0.995872 -0.069026 0.058942 3.653554 0.066183 0.996608 0.048902 -0.684251 -0.062118 -0.044800 0.997063 4.272735
0.995797 -0.068974 0.060251 3.718650 0.065977 0.996548 0.050383 -0.680554 -0.063518 -0.046196 0.996911 4.278022
0.995749 -0.068584 0.061476 3.796456 0.065444 0.996515 0.051712 -0.684339 -0.064808 -0.047469 0.996768 4.290967
0.995768 -0.067216 0.062669 3.916772 0.064028 0.996615 0.051572 -0.689765 -0.065924 -0.047341 0.996701 4.309766
0.995659 -0.067165 0.064429 3.958404 0.063929 0.996648 0.051041 -0.711332 -0.067641 -0.046700 0.996616 4.326970
0.995533 -0.068494 0.064976 4.065080 0.065331 0.996629 0.049618 -0.702370 -0.068155 -0.045151 0.996653 4.348964
0.995617 -0.064833 0.067405 4.013224 0.061398 0.996766 0.051844 -0.716354 -0.070548 -0.047478 0.996378 4.349482
0.995181 -0.070036 0.068628 4.041167 0.066452 0.996371 0.053183 -0.710293 -0.072104 -0.048366 0.996224 4.345986
0.995135 -0.069702 0.069628 4.152191 0.065980 0.996337 0.054400 -0.702351 -0.073165 -0.049541 0.996089 4.354704
0.995084 -0.069322 0.070734 4.250848 0.065605 0.996406 0.053581 -0.704846 -0.074194 -0.048677 0.996055 4.364583
0.994836 -0.070793 0.072724 4.207409 0.067131 0.996408 0.051622 -0.705675 -0.076117 -0.046473 0.996015 4.377176
0.994938 -0.066988 0.074909 4.223581 0.063293 0.996708 0.050659 -0.712076 -0.078056 -0.045661 0.995903 4.384060
0.995018 -0.063290 0.077035 4.305420 0.059574 0.996990 0.049620 -0.715322 -0.079943 -0.044783 0.995793 4.383527
0.995435 -0.053689 0.078906 4.472443 0.049486 0.997298 0.054290 -0.760271 -0.081608 -0.050138 0.995403 4.367869
0.994916 -0.063248 0.078370 4.607881 0.058785 0.996584 0.058002 -0.765896 -0.081770 -0.053100 0.995236 4.368937
0.994817 -0.062148 0.080479 4.666756 0.057603 0.996676 0.057617 -0.756147 -0.083793 -0.052683 0.995090 4.376510
0.994297 -0.069308 0.081061 4.816967 0.064586 0.996137 0.059494 -0.749070 -0.084871 -0.053919 0.994932 4.382735
0.994451 -0.062454 0.084654 4.777581 0.057396 0.996491 0.060921 -0.780800 -0.088162 -0.055724 0.994546 4.379147
0.994283 -0.062678 0.086440 4.740846 0.057271 0.996326 0.063682 -0.821146 -0.090114 -0.058368 0.994220 4.388305
0.994218 -0.059609 0.089320 4.548709 0.054180 0.996603 0.062023 -0.828733 -0.092713 -0.056825 0.994070 4.399282
0.994131 -0.057827 0.091428 4.687644 0.052275 0.996706 0.061998 -0.836840 -0.094712 -0.056855 0.993880 4.393869
0.993417 -0.065323 0.094101 4.472620 0.059263 0.996070 0.065814 -0.894320 -0.098030 -0.059804 0.993385 4.395540
0.993683 -0.059452 0.095184 4.623444 0.053259 0.996375 0.066329 -0.888945 -0.098783 -0.060840 0.993247 4.396021
0.993461 -0.061845 0.095976 4.723667 0.055420 0.996129 0.068227 -0.877939 -0.099824 -0.062462 0.993043 4.433716
0.993305 -0.064316 0.095967 4.822357 0.057680 0.995850 0.070401 -0.874113 -0.100096 -0.064394 0.992892 4.475242
0.992999 -0.069682 0.095378 4.939106 0.063142 0.995550 0.069954 -0.839337 -0.099828 -0.063442 0.992980 4.540190
0.993209 -0.066850 0.095224 5.054941 0.060077 0.995571 0.072309 -0.871318 -0.099636 -0.066097 0.992826 4.552306
0.993077 -0.067256 0.096307 5.061457 0.060435 0.995567 0.072076 -0.854426 -0.100727 -0.065756 0.992739 4.565494
0.993178 -0.066601 0.095719 5.083231 0.059905 0.995661 0.071207 -0.842469 -0.100047 -0.064988 0.992858 4.588313
0.993212 -0.067924 0.094430 5.157607 0.061172 0.995480 0.072649 -0.845015 -0.098937 -0.066380 0.992877 4.615926
0.993155 -0.069080 0.094188 5.236265 0.062356 0.995413 0.072560 -0.817207 -0.098768 -0.066190 0.992907 4.627146
0.993215 -0.068599 0.093910 5.319398 0.061872 0.995428 0.072760 -0.824349 -0.098472 -0.066456 0.992918 4.640187
0.993473 -0.064876 0.093819 5.430619 0.058229 0.995708 0.071937 -0.809928 -0.098084 -0.066005 0.992987 4.653932
0.993352 -0.067507 0.093240 5.535163 0.061090 0.995671 0.070051 -0.774236 -0.097565 -0.063890 0.993176 4.667212
0.993487 -0.068460 0.091081 5.806152 0.062291 0.995674 0.068939 -0.756912 -0.095406 -0.062817 0.993455 4.695228
0.993741 -0.064285 0.091357 5.963198 0.058193 0.995997 0.067855 -0.731996 -0.095353 -0.062114 0.993504 4.705782
0.993563 -0.070294 0.088831 6.212630 0.064122 0.995447 0.070528 -0.705842 -0.093384 -0.064378 0.993547 4.736792
0.992913 -0.073482 0.093405 6.077698 0.066770 0.995089 0.073066 -0.744558 -0.098315 -0.066311 0.992944 4.717644
0.992266 -0.083603 0.091754 6.214057 0.077221 0.994480 0.071034 -0.756931 -0.097187 -0.063399 0.993245 4.744277
0.992107 -0.082910 0.094070 6.222493 0.076743 0.994771 0.067388 -0.747524 -0.099166 -0.059637 0.993282 4.758448
0.992277 -0.077144 0.097140 6.180093 0.070853 0.995259 0.066637 -0.777036 -0.101820 -0.059239 0.993038 4.758582
0.992016 -0.078734 0.098517 6.244909 0.072384 0.995161 0.066454 -0.773731 -0.103273 -0.058793 0.992914 4.763645
0.991569 -0.083226 0.099324 6.283187 0.076380 0.994559 0.070848 -0.792886 -0.104680 -0.062664 0.992530 4.758751
0.991165 -0.085436 0.101450 6.328904 0.078340 0.994324 0.071987 -0.768231 -0.107024 -0.063404 0.992233 4.754916
0.990321 -0.093228 0.102826 6.344383 0.085399 0.993282 0.078086 -0.838796 -0.109415 -0.068549 0.991630 4.742911
0.989890 -0.095087 0.105247 6.356589 0.087128 0.993154 0.077808 -0.828927 -0.111924 -0.067851 0.991398 4.741610
0.989695 -0.094080 0.107950 6.377133 0.085904 0.993241 0.078051 -0.811927 -0.114563 -0.067974 0.991088 4.737624
0.989513 -0.094170 0.109528 6.439993 0.086069 0.993349 0.076481 -0.781922 -0.116001 -0.066252 0.991037 4.752908
0.989417 -0.093288 0.111141 6.469570 0.085074 0.993434 0.076498 -0.792753 -0.117548 -0.066233 0.990856 4.770458
0.989083 -0.093874 0.113590 6.496111 0.085522 0.993410 0.076299 -0.780209 -0.120004 -0.065752 0.990594 4.771072
0.988941 -0.092419 0.115991 6.526224 0.083622 0.993397 0.078552 -0.795570 -0.122485 -0.067984 0.990139 4.770062
0.988988 -0.091152 0.116593 6.597169 0.082166 0.993428 0.079689 -0.797665 -0.123090 -0.069231 0.989978 4.778395
0.988913 -0.093172 0.115627 6.693207 0.084529 0.993400 0.077532 -0.771815 -0.122088 -0.066898 0.990262 4.807544
0.989458 -0.084501 0.117612 6.730987 0.075868 0.994214 0.076041 -0.782488 -0.123357 -0.066316 0.990144 4.809035
0.989858 -0.080394 0.117127 6.889604 0.071895 0.994583 0.075067 -0.784879 -0.122527 -0.065885 0.990276 4.824532
0.990288 -0.075251 0.116905 7.085098 0.066540 0.994830 0.076722 -0.783598 -0.122074 -0.068198 0.990175 4.841005
0.990314 -0.070949 0.119345 7.035065 0.061737 0.994945 0.079199 -0.812868 -0.124361 -0.071064 0.989689 4.833822
0.990047 -0.072028 0.120905 6.935702 0.062440 0.994732 0.081301 -0.813798 -0.126124 -0.072942 0.989329 4.849991
0.989774 -0.077425 0.119806 7.049465 0.067778 0.994275 0.082609 -0.796794 -0.125517 -0.073644 0.989354 4.896136
0.989578 -0.081541 0.118690 7.157556 0.071929 0.993939 0.083139 -0.794988 -0.124750 -0.073735 0.989445 4.922428
0.989945 -0.081037 0.115944 7.291543 0.072107 0.994244 0.079248 -0.779009 -0.121698 -0.070091 0.990089 4.975424
0.990193 -0.076377 0.116978 7.156907 0.067896 0.994880 0.074858 -0.779639 -0.122096 -0.066182 0.990309 5.062566
0.990711 -0.072612 0.114975 7.373080 0.064377 0.995194 0.073788 -0.760832 -0.119780 -0.065701 0.990624 5.105796
0.990698 -0.067999 0.117874 6.906004 0.059317 0.995368 0.075659 -0.798360 -0.122473 -0.067963 0.990142 5.116996
0.990612 -0.068535 0.118282 6.829763 0.059311 0.995043 0.079817 -0.811472 -0.123166 -0.072052 0.989767 5.113241
0.990349 -0.068278 0.120614 6.690844 0.058650 0.994934 0.081650 -0.816057 -0.125578 -0.073788 0.989336 5.110737
0.990072 -0.069600 0.122117 6.836769 0.059657 0.994739 0.083277 -0.830686 -0.127271 -0.075165 0.989016 5.096330
0.990299 -0.068355 0.120980 7.025361 0.058239 0.994654 0.085273 -0.829769 -0.126162 -0.077400 0.988985 5.105096
0.990189 -0.071294 0.120180 7.160654 0.061126 0.994395 0.086270 -0.807005 -0.125657 -0.078077 0.988997 5.129185
0.989625 -0.073719 0.123324 7.135291 0.063254 0.994222 0.086727 -0.819962 -0.129005 -0.078027 0.988569 5.136656
0.989209 -0.079535 0.123047 7.231676 0.068996 0.993758 0.087666 -0.779937 -0.129252 -0.078230 0.988521 5.178898
0.988448 -0.085550 0.125104 7.265933 0.074757 0.993261 0.088565 -0.749755 -0.131838 -0.078189 0.988183 5.196487
0.988299 -0.087871 0.124677 7.412150 0.077055 0.993040 0.089074 -0.734482 -0.131636 -0.078425 0.988191 5.241640
0.988566 -0.085373 0.124296 7.532980 0.074967 0.993460 0.086124 -0.724982 -0.130836 -0.075822 0.988500 5.279088
0.988923 -0.078843 0.125756 7.585880 0.068942 0.994308 0.081237 -0.721718 -0.131445 -0.071667 0.988730 5.300056
0.989467 -0.069370 0.127054 7.563254 0.059233 0.994879 0.081900 -0.716640 -0.132085 -0.073511 0.988509 5.317443
0.988921 -0.063398 0.134227 7.233322 0.052257 0.995013 0.084959 -0.758963 -0.138944 -0.077004 0.987302 5.293170
0.989131 -0.062089 0.133282 7.327528 0.050636 0.994862 0.087666 -0.749471 -0.138040 -0.079965 0.987193 5.302072
0.989074 -0.063266 0.133155 7.355100 0.051754 0.994757 0.088210 -0.736616 -0.138037 -0.080355 0.987162 5.319988
0.988802 -0.068091 0.132792 7.463102 0.056563 0.994448 0.088736 -0.734620 -0.138096 -0.080231 0.987164 5.332104
0.988617 -0.070763 0.132772 7.581361 0.059249 0.994290 0.088753 -0.725205 -0.138295 -0.079876 0.987165 5.355296
0.988723 -0.070016 0.132381 7.726850 0.058636 0.994394 0.087995 -0.701543 -0.137799 -0.079240 0.987285 5.379387
0.988868 -0.069356 0.131646 7.866254 0.058003 0.994413 0.088200 -0.684015 -0.137027 -0.079583 0.987365 5.406453
0.988722 -0.070082 0.132350 7.907583 0.058586 0.994321 0.088848 -0.669949 -0.137825 -0.080092 0.987213 5.418090
0.988657 -0.072421 0.131577 8.169502 0.061049 0.994203 0.088506 -0.650030 -0.137223 -0.079470 0.987347 5.425526
0.988846 -0.073130 0.129753 8.301376 0.061980 0.994191 0.087989 -0.634489 -0.135434 -0.078966 0.987634 5.444901
0.988573 -0.073906 0.131384 8.291993 0.062649 0.994162 0.087845 -0.632496 -0.137110 -0.078610 0.987432 5.452990
0.988252 -0.074033 0.133704 8.184293 0.062550 0.994143 0.088138 -0.649059 -0.139446 -0.078739 0.987094 5.463023
0.988291 -0.075014 0.132868 8.170219 0.063600 0.994074 0.088162 -0.635470 -0.138694 -0.078679 0.987205 5.493285
0.988351 -0.072629 0.133747 8.149404 0.061179 0.994256 0.087820 -0.629721 -0.139357 -0.078615 0.987117 5.513449
0.988096 -0.073617 0.135083 8.157513 0.062103 0.994221 0.087561 -0.626046 -0.140749 -0.078130 0.986958 5.519507
0.987871 -0.075489 0.135690 8.297793 0.063904 0.994087 0.087796 -0.622410 -0.141516 -0.078060 0.986854 5.522494
0.987954 -0.075337 0.135171 8.352585 0.063824 0.994111 0.087580 -0.611311 -0.140973 -0.077897 0.986944 5.547188
0.987760 -0.075902 0.136269 8.407767 0.064281 0.994066 0.087748 -0.611510 -0.142121 -0.077914 0.986778 5.566644
0.987689 -0.077321 0.135986 8.509272 0.065743 0.993978 0.087668 -0.597184 -0.141946 -0.077648 0.986824 5.588276
0.987452 -0.079553 0.136415 8.656461 0.067913 0.993806 0.087967 -0.596283 -0.142568 -0.077599 0.986738 5.595334
0.987418 -0.079634 0.136619 8.741824 0.067836 0.993724 0.088944 -0.591841 -0.142845 -0.078557 0.986623 5.602192
0.987436 -0.079100 0.136798 8.833589 0.067242 0.993738 0.089233 -0.579757 -0.143000 -0.078913 0.986572 5.628933
0.987249 -0.080642 0.137244 8.817033 0.068799 0.993657 0.088955 -0.577715 -0.143547 -0.078379 0.986535 5.655717
0.987119 -0.080093 0.138499 8.710689 0.068142 0.993700 0.088980 -0.576357 -0.144754 -0.078396 0.986357 5.709868
0.987090 -0.079681 0.138937 8.813565 0.067671 0.993719 0.089128 -0.563301 -0.145167 -0.078576 0.986282 5.735270
0.987163 -0.078344 0.139185 9.050576 0.066021 0.993655 0.091053 -0.400163 -0.145435 -0.080695 0.986071 6.362485
0.987113 -0.079159 0.139073 9.394630 0.066780 0.993560 0.091536 -0.258091 -0.145424 -0.081069 0.986043 6.897242
0.987055 -0.079215 0.139455 9.663135 0.067107 0.993724 0.089493 -0.110832 -0.145669 -0.078976 0.986176 7.460840
0.987242 -0.076112 0.139855 9.950296 0.064200 0.994067 0.087801 0.064717 -0.145708 -0.077702 0.986272 8.137460
0.987221 -0.076042 0.140044 10.206952 0.064065 0.994046 0.088135 0.224922 -0.145913 -0.078037 0.986215 8.788549
0.987111 -0.073501 0.142163 10.452291 0.061332 0.994216 0.088170 0.353378 -0.147821 -0.078314 0.985909 9.309919
0.987485 -0.070284 0.141186 10.751983 0.058101 0.994368 0.088636 0.512130 -0.146620 -0.079323 0.986007 9.971548
0.987464 -0.070449 0.141252 11.045869 0.058337 0.994399 0.088133 0.672369 -0.146670 -0.078788 0.986043 10.574215
0.987656 -0.069360 0.140446 11.360111 0.057340 0.994478 0.087897 0.832904 -0.145767 -0.078759 0.986179 11.188184
0.987696 -0.064249 0.142579 11.581431 0.052066 0.994794 0.087597 0.974194 -0.147465 -0.079095 0.985900 11.779344
0.987812 -0.065127 0.141373 11.917896 0.052949 0.994689 0.088261 1.131439 -0.146370 -0.079700 0.986014 12.399842
0.987808 -0.068047 0.140014 12.177311 0.055930 0.994484 0.088735 1.276106 -0.145280 -0.079823 0.986165 12.992978
0.987759 -0.067718 0.140522 12.461985 0.055512 0.994480 0.089037 1.281874 -0.145776 -0.080147 0.986066 12.994382
0.987564 -0.074008 0.138708 12.807848 0.061775 0.993977 0.090516 1.275904 -0.144572 -0.080822 0.986188 13.012742
0.987702 -0.071870 0.138848 12.925889 0.059826 0.994229 0.089050 1.300607 -0.144447 -0.079648 0.986302 13.037144
0.987610 -0.074710 0.138003 13.046470 0.062775 0.994060 0.088900 1.306535 -0.143825 -0.079136 0.986434 13.055126
0.987348 -0.072726 0.140905 13.071154 0.060370 0.994105 0.090063 1.304971 -0.146624 -0.080417 0.985918 13.040908
0.987018 -0.078343 0.140204 13.184391 0.065794 0.993582 0.092015 1.334650 -0.146513 -0.081596 0.985838 13.045298
0.986950 -0.077316 0.141252 13.294422 0.064926 0.993794 0.090319 1.347181 -0.147359 -0.079969 0.985845 13.053047
0.986637 -0.079193 0.142393 13.234280 0.066812 0.993723 0.089730 1.375794 -0.148605 -0.079018 0.985735 13.064749
0.986420 -0.078418 0.144313 13.109300 0.065756 0.993722 0.090515 1.353847 -0.150505 -0.079797 0.985384 13.070614
0.986619 -0.074990 0.144775 13.397211 0.062330 0.993982 0.090085 1.387639 -0.150659 -0.079856 0.985355 13.076230
0.986890 -0.069527 0.145650 13.704381 0.056839 0.994360 0.089538 1.390679 -0.151054 -0.080086 0.985276 13.077806
0.987165 -0.066081 0.145394 13.741196 0.053278 0.994492 0.090261 1.401218 -0.150557 -0.081356 0.985248 13.118782
0.986968 -0.065150 0.147137 13.741317 0.052244 0.994576 0.089940 1.405784 -0.152199 -0.081081 0.985019 13.185709
0.987080 -0.061377 0.148007 14.015150 0.048605 0.994896 0.088424 1.402938 -0.152679 -0.080087 0.985025 13.196606
0.987093 -0.060764 0.148174 14.262331 0.048048 0.994966 0.087937 1.431100 -0.152771 -0.079683 0.985044 13.226652
0.986786 -0.066868 0.147586 14.519289 0.054110 0.994576 0.088835 1.472101 -0.152725 -0.079675 0.985052 13.250320
0.986744 -0.066177 0.148176 14.750063 0.053149 0.994503 0.090216 1.625429 -0.153332 -0.081144 0.984838 13.958087
0.986859 -0.062645 0.148946 15.011578 0.049834 0.994851 0.088245 1.755914 -0.153707 -0.079662 0.984900 14.356526
0.986752 -0.064206 0.148990 15.151183 0.051606 0.994875 0.086950 1.741786 -0.153810 -0.078109 0.985008 14.385994
0.986835 -0.065847 0.147715 15.517637 0.053426 0.994815 0.086538 1.911400 -0.152648 -0.077506 0.985237 15.068036
0.987448 -0.064320 0.144252 15.955689 0.051802 0.994691 0.088921 2.051094 -0.149205 -0.080332 0.985538 15.756044
0.986967 -0.066379 0.146594 15.743613 0.053839 0.994672 0.087916 2.062550 -0.151649 -0.078878 0.985282 15.778924
0.987110 -0.063366 0.146967 15.862576 0.051049 0.994976 0.086119 2.075941 -0.151686 -0.077506 0.985385 15.802879
0.987379 -0.064766 0.144526 16.059874 0.052406 0.994763 0.087749 2.070028 -0.149452 -0.079068 0.985603 15.847612
0.987482 -0.066078 0.143225 16.227035 0.053630 0.994578 0.089098 2.066306 -0.148336 -0.080302 0.985672 15.852575
0.987595 -0.064098 0.143344 16.192672 0.051648 0.994696 0.088952 2.071348 -0.148285 -0.080445 0.985667 15.862041
0.987865 -0.062143 0.142342 16.177896 0.049530 0.994664 0.090503 2.067113 -0.147207 -0.082355 0.985671 15.871205
0.987954 -0.060442 0.142453 16.147981 0.047624 0.994644 0.091736 2.070515 -0.147235 -0.083847 0.985541 15.877836
0.987911 -0.058000 0.143762 16.100059 0.044922 0.994689 0.092604 2.060883 -0.148370 -0.085026 0.985270 15.885115
0.987953 -0.055015 0.144643 16.112465 0.041895 0.994855 0.092241 2.070417 -0.148973 -0.085070 0.985175 15.915366
0.987709 -0.056787 0.145623 15.960698 0.043573 0.994770 0.092381 2.079565 -0.150108 -0.084900 0.985017 15.965516
0.987733 -0.057573 0.145154 15.864000 0.044482 0.994776 0.091878 2.094741 -0.149685 -0.084295 0.985134 16.048827
0.987746 -0.060426 0.143895 16.155415 0.047567 0.994697 0.091185 2.105969 -0.148642 -0.083223 0.985383 16.109896
0.988142 -0.059733 0.141447 16.588893 0.047230 0.994807 0.090157 2.129107 -0.146098 -0.082408 0.985832 16.171445
0.988282 -0.058289 0.141074 16.556885 0.045801 0.994870 0.090204 2.110230 -0.145608 -0.082685 0.985881 16.203413
0.988480 -0.057777 0.139890 16.538809 0.045082 0.994712 0.092279 2.087187 -0.144482 -0.084909 0.985858 16.228566
0.988301 -0.058274 0.140945 16.643585 0.044807 0.994284 0.096908 2.054743 -0.145787 -0.089459 0.985263 16.215941
0.988239 -0.062091 0.139746 16.846396 0.048085 0.993676 0.101465 2.057770 -0.145163 -0.093552 0.984975 16.235132
0.987552 -0.062490 0.144344 16.785315 0.047828 0.993541 0.102907 2.042757 -0.149843 -0.094722 0.984162 16.225418
0.987218 -0.062780 0.146487 16.867206 0.047829 0.993484 0.103446 2.035130 -0.152027 -0.095118 0.983789 16.241634
0.986920 -0.063761 0.148062 16.948448 0.048508 0.993348 0.104440 2.032191 -0.153736 -0.095892 0.983448 16.261436
0.986606 -0.066998 0.148725 17.045374 0.051303 0.992938 0.106968 2.024569 -0.154841 -0.097905 0.983076 16.294613
0.986525 -0.067472 0.149048 17.248606 0.051555 0.992793 0.108188 2.033550 -0.155274 -0.099046 0.982894 16.328623
0.986198 -0.066892 0.151457 17.225057 0.050639 0.992780 0.108740 2.025180 -0.157637 -0.099570 0.982464 16.344720
0.985718 -0.068123 0.154014 17.233115 0.051405 0.992597 0.110042 2.000604 -0.160370 -0.100553 0.981922 16.350331
0.985454 -0.069127 0.155249 17.342719 0.051982 0.992358 0.111907 2.016552 -0.161799 -0.102209 0.981517 16.369781
0.985206 -0.070440 0.156231 17.574954 0.052989 0.992160 0.113182 2.016594 -0.162978 -0.103229 0.981214 16.389626
0.985289 -0.069669 0.156048 17.947872 0.052213 0.992188 0.113300 2.229709 -0.162723 -0.103485 0.981230 17.075270
0.985648 -0.065750 0.155484 18.313143 0.048344 0.992396 0.113196 2.432537 -0.161745 -0.104055 0.981331 17.686004
0.985449 -0.063973 0.157472 18.468387 0.046733 0.992738 0.110845 2.616961 -0.163419 -0.101873 0.981283 18.283072
0.985766 -0.060142 0.156997 18.803241 0.043442 0.993232 0.107716 2.843381 -0.162413 -0.099362 0.981707 18.963661
0.985837 -0.057059 0.157704 19.019593 0.040154 0.993299 0.108376 3.060519 -0.162831 -0.100509 0.981521 19.666341
0.985648 -0.055329 0.159492 19.148630 0.037734 0.993069 0.111311 3.233456 -0.164545 -0.103695 0.980904 20.281363
0.985432 -0.051766 0.161998 19.276315 0.033358 0.992880 0.114355 3.410759 -0.166764 -0.107285 0.980143 20.933462
0.985803 -0.050511 0.160127 19.617222 0.032674 0.993156 0.112133 3.665581 -0.164695 -0.105309 0.980707 21.629160
0.985713 -0.049605 0.160962 19.817926 0.031615 0.993154 0.112457 3.829094 -0.165438 -0.105761 0.980533 22.241790
0.985843 -0.049018 0.160347 20.013963 0.031064 0.993153 0.112614 4.049630 -0.164770 -0.106038 0.980616 22.907410
0.986289 -0.051644 0.156736 20.530963 0.034055 0.993022 0.112903 4.282141 -0.161473 -0.106017 0.981166 23.549130
0.985952 -0.051429 0.158913 20.687056 0.033712 0.993110 0.112235 4.439052 -0.163590 -0.105301 0.980892 24.074167
0.986101 -0.052090 0.157768 21.077907 0.034641 0.993172 0.111398 4.624030 -0.162493 -0.104385 0.981173 24.608507
0.986234 -0.053955 0.156307 21.442444 0.036733 0.993137 0.111042 4.819741 -0.161225 -0.103772 0.981447 25.142573
0.986337 -0.053385 0.155850 21.571667 0.036209 0.993156 0.111038 4.829483 -0.160712 -0.103877 0.981520 25.171382
0.986212 -0.051469 0.157278 21.636741 0.034202 0.993278 0.110589 4.831787 -0.161912 -0.103685 0.981343 25.190870
0.986056 -0.049573 0.158860 21.465778 0.032307 0.993463 0.109487 4.840911 -0.163249 -0.102828 0.981212 25.243051
0.985849 -0.047853 0.160658 21.435556 0.030461 0.993573 0.109020 4.882348 -0.164843 -0.102583 0.980971 25.358902
0.985990 -0.046308 0.160244 21.818204 0.029099 0.993712 0.108121 5.084824 -0.164244 -0.101944 0.981138 25.970933
0.986036 -0.046556 0.159891 22.183741 0.029651 0.993867 0.106531 5.304172 -0.163870 -0.100302 0.981369 26.645582
0.985154 -0.049377 0.164420 22.289296 0.031880 0.993704 0.107402 5.504759 -0.168688 -0.100566 0.980526 27.294710
0.985278 -0.050228 0.163414 22.730981 0.032776 0.993634 0.107786 5.732170 -0.167788 -0.100843 0.980652 27.970256
0.985483 -0.049812 0.162300 23.168426 0.032685 0.993771 0.106537 5.957093 -0.166596 -0.099686 0.980973 28.648652
0.985636 -0.048713 0.161704 23.546630 0.031871 0.993945 0.105157 6.163941 -0.165847 -0.098492 0.981221 29.263815
0.985604 -0.047497 0.162260 23.842056 0.030527 0.993948 0.105523 6.356272 -0.166291 -0.099051 0.981089 29.856465
0.985557 -0.045023 0.163251 24.148407 0.027961 0.994042 0.105348 6.548169 -0.167021 -0.099262 0.980944 30.425895
0.985693 -0.044582 0.162547 24.516685 0.027645 0.994088 0.105004 6.752433 -0.166267 -0.099008 0.981098 31.052975
0.984935 -0.045332 0.166878 24.701241 0.028154 0.994189 0.103903 6.921981 -0.170618 -0.097639 0.980488 31.641381
0.984994 -0.044440 0.166769 25.062944 0.027426 0.994306 0.102973 7.121224 -0.170396 -0.096854 0.980604 32.264055
0.985286 -0.043479 0.165293 25.484667 0.026523 0.994283 0.103434 7.322720 -0.168845 -0.097528 0.980806 32.916569
0.984945 -0.037932 0.168658 25.760370 0.020670 0.994472 0.102949 7.504835 -0.171631 -0.097913 0.980284 33.531926
0.984957 -0.034650 0.169288 26.091278 0.017346 0.994567 0.102646 7.695252 -0.171925 -0.098166 0.980207 34.168176
0.984915 -0.030604 0.170308 26.385685 0.013210 0.994661 0.102344 8.064454 -0.172531 -0.098550 0.980062 35.433590
0.984761 -0.027077 0.171793 26.447037 0.009718 0.994830 0.101091 8.085869 -0.173642 -0.097881 0.979932 35.445362
0.984576 -0.029167 0.172506 26.418481 0.011737 0.994796 0.101208 8.098498 -0.174560 -0.097622 0.979795 35.486586
0.984420 -0.029180 0.173394 26.502056 0.011474 0.994692 0.102250 8.108961 -0.175457 -0.098668 0.979530 35.538205
0.983954 -0.028520 0.176131 26.148481 0.010480 0.994676 0.102517 8.117820 -0.178117 -0.099026 0.979014 35.565545
0.983862 -0.027130 0.176860 26.046111 0.009069 0.994729 0.102138 8.131415 -0.178699 -0.098885 0.978922 35.607065
