1.000000 0.000000 0.000000 0.000000 0.000000 1.000000 0.000000 0.000000 0.000000 0.000000 1.000000 0.000000
0.999982 -0.000870 0.006004 0.021042 0.000873 1.000000 -0.000499 0.003913 -0.006003 0.000504 0.999982 -0.029544
1.000000 -0.000520 0.000080 -0.006873 0.000520 1.000000 0.000045 -0.000511 -0.000080 -0.000045 1.000000 -0.002097
0.999978 -0.000623 -0.006610 -0.038636 0.000629 1.000000 0.000855 -0.017469 0.006609 -0.000859 0.999978 0.034764
0.999909 -0.000609 -0.013464 -0.078463 0.000618 1.000000 0.000684 -0.028811 0.013463 -0.000692 0.999909 0.078497
0.999759 0.000232 -0.021960 -0.120468 -0.000257 0.999999 -0.001134 -0.016429 0.021960 0.001139 0.999758 0.112284
0.999447 -0.001961 -0.033194 -0.147538 0.001911 0.999997 -0.001528 -0.040115 0.033197 0.001464 0.999448 0.181499
0.998938 -0.000795 -0.046058 -0.186927 0.000683 0.999997 -0.002447 -0.036811 0.046060 0.002413 0.998936 0.238473
0.998092 0.000338 -0.061743 -0.237870 -0.000525 0.999995 -0.003003 -0.024185 0.061742 0.003029 0.998088 0.303126
0.996865 -0.001418 -0.079112 -0.308103 0.001085 0.999990 -0.004249 -0.019721 0.079117 0.004150 0.996857 0.372732
0.995196 -0.001587 -0.097887 -0.379141 0.001085 0.999986 -0.005181 -0.002710 0.097894 0.005050 0.995184 0.433455
0.992758 -0.002619 -0.120105 -0.427179 0.002122 0.999989 -0.004259 -0.038073 0.120115 0.003974 0.992752 0.508411
0.989635 0.000486 -0.143607 -0.507229 -0.001402 0.999979 -0.006280 -0.031161 0.143601 0.006417 0.989615 0.575629
0.985756 0.004582 -0.168119 -0.609311 -0.006134 0.999943 -0.008713 -0.016517 0.168069 0.009620 0.985728 0.635690
0.980946 0.007297 -0.194143 -0.716431 -0.009491 0.999901 -0.010375 -0.015602 0.194049 0.012020 0.980918 0.696629
0.974642 0.004784 -0.223721 -0.794656 -0.007177 0.999925 -0.009888 -0.051484 0.223657 0.011243 0.974603 0.774491
0.967076 0.007514 -0.254375 -0.893970 -0.010667 0.999882 -0.011021 -0.026229 0.254262 0.013371 0.967043 0.845902
0.958189 0.006266 -0.286067 -1.025222 -0.010941 0.999831 -0.014746 0.026024 0.285926 0.017259 0.958096 0.905518
0.947477 0.008181 -0.319719 -1.148807 -0.012549 0.999854 -0.011606 -0.005058 0.319578 0.015008 0.947441 0.988994
0.935650 0.011913 -0.352729 -1.291773 -0.017439 0.999770 -0.012492 -0.023012 0.352499 0.017840 0.935642 1.056573
0.922266 0.009207 -0.386445 -1.438231 -0.016555 0.999740 -0.015691 0.034703 0.386201 0.020869 0.922179 1.119875
0.906852 0.008521 -0.421364 -1.618194 -0.016526 0.999746 -0.015351 0.029194 0.421126 0.020884 0.906762 1.192765
0.888862 0.002220 -0.458170 -1.789917 -0.010841 0.999810 -0.016188 0.024677 0.458047 0.019356 0.888717 1.279992
0.868235 -0.000758 -0.496153 -1.989707 -0.009154 0.999804 -0.017547 0.016427 0.496070 0.019777 0.868058 1.350783
0.843495 -0.001299 -0.537135 -2.214591 -0.008546 0.999838 -0.015838 0.020202 0.537069 0.017950 0.843347 1.438793
0.814489 0.003949 -0.580166 -2.432530 -0.014913 0.999789 -0.014130 0.027639 0.579988 0.020161 0.814376 1.517707
0.782055 0.007191 -0.623167 -2.698843 -0.020210 0.999700 -0.013828 0.033667 0.622881 0.023408 0.781966 1.602579
0.748594 0.006836 -0.662994 -3.030870 -0.023616 0.999587 -0.016359 0.070601 0.662608 0.027903 0.748446 1.666546
0.712859 0.006167 -0.701280 -3.423085 -0.020390 0.999721 -0.011935 0.019103 0.701011 0.022807 0.712786 1.730919
0.676671 0.001235 -0.736285 -3.859839 -0.016393 0.999776 -0.013389 0.039874 0.736103 0.021130 0.676539 1.773810
0.640042 0.002221 -0.768337 -4.323411 -0.018039 0.999764 -0.012137 0.039069 0.768128 0.021628 0.639931 1.796466
0.599972 0.001713 -0.800019 -4.797428 -0.012777 0.999891 -0.007441 0.008051 0.799919 0.014686 0.599928 1.823370
0.556465 0.003060 -0.830865 -5.281144 -0.018519 0.999791 -0.008720 0.047062 0.830664 0.020239 0.556405 1.856522
0.505633 0.005840 -0.862729 -5.724087 -0.021164 0.999760 -0.005637 0.041778 0.862489 0.021109 0.505635 1.908140
0.452168 0.008787 -0.891890 -6.206772 -0.024886 0.999687 -0.002768 0.053005 0.891586 0.023447 0.452245 1.966271
0.398157 0.011015 -0.917251 -6.700963 -0.026195 0.999657 0.000634 0.045700 0.916943 0.023775 0.398309 2.005728
0.343898 0.014757 -0.938891 -7.212478 -0.025302 0.999659 0.006445 0.037616 0.938666 0.021540 0.344155 2.050770
0.291737 0.016565 -0.956355 -7.751457 -0.022612 0.999690 0.010417 0.030457 0.956231 0.018586 0.292021 2.083163
0.242416 0.019588 -0.969975 -8.304496 -0.018701 0.999705 0.015515 -0.012552 0.969992 0.014378 0.242711 2.101673
0.197297 0.017787 -0.980182 -9.655550 -0.022325 0.999658 0.013646 0.031375 0.980090 0.019191 0.197626 2.106460
0.156496 0.017116 -0.987530 -10.468089 -0.024415 0.999611 0.013456 0.051013 0.987377 0.022004 0.156853 2.113821
0.119648 0.016052 -0.992687 -11.078937 -0.024073 0.999622 0.013262 0.054632 0.992524 0.022311 0.119989 2.120808
0.085783 0.014366 -0.996210 -11.512439 -0.020822 0.999703 0.012623 0.046036 0.996096 0.019661 0.086057 2.127481
0.055271 0.009054 -0.998430 -11.904006 -0.024529 0.999669 0.007707 0.072214 0.998170 0.024065 0.055475 2.129452
0.028857 0.009220 -0.999541 -12.291522 -0.020510 0.999752 0.008630 0.064398 0.999373 0.020252 0.029039 2.127186
0.007227 0.009263 -0.999931 -12.700346 -0.017583 0.999804 0.009135 0.039025 0.999819 0.017516 0.007389 2.127855
-0.007804 0.006052 -0.999951 -12.871978 -0.019548 0.999790 0.006203 0.078510 0.999778 0.019596 -0.007684 2.120055
-0.020928 0.006639 -0.999759 -12.896015 -0.016176 0.999845 0.006978 0.078230 0.999650 0.016318 -0.020817 2.114678
-0.030519 0.005340 -0.999520 -12.933230 -0.019844 0.999785 0.005947 0.102117 0.999337 0.020016 -0.030406 2.111023
-0.036739 0.009815 -0.999277 -12.910202 -0.020579 0.999732 0.010576 0.045213 0.999113 0.020953 -0.036527 2.084527
-0.041377 0.009424 -0.999099 -12.948996 -0.018379 0.999779 0.010192 0.065610 0.998974 0.018785 -0.041195 2.076585
-0.042433 0.008932 -0.999059 -13.856370 -0.020097 0.999750 0.009791 0.075807 0.998897 0.020494 -0.042243 2.057921
-0.042074 0.011776 -0.999045 -14.030876 -0.016745 0.999782 0.012490 0.072026 0.998974 0.017254 -0.041867 2.060851
-0.040001 0.014844 -0.999089 -14.249248 -0.017897 0.999719 0.015570 0.054279 0.999039 0.018503 -0.039724 2.053516
-0.038842 0.014491 -0.999140 -14.595935 -0.017111 0.999739 0.015165 0.065056 0.999099 0.017685 -0.038584 2.039533
-0.037714 0.014958 -0.999177 -14.911220 -0.018425 0.999708 0.015661 0.023282 0.999119 0.019001 -0.037427 2.030758
-0.036900 0.012970 -0.999235 -15.127272 -0.017326 0.999757 0.013617 0.061665 0.999169 0.017815 -0.036666 2.030582
-0.035730 0.016513 -0.999225 -15.324983 -0.014882 0.999744 0.017053 0.065608 0.999251 0.015480 -0.035475 2.029452
-0.034680 0.017184 -0.999251 -15.510928 -0.015248 0.999727 0.017721 0.116700 0.999282 0.015851 -0.034408 2.029208
-0.033421 0.020107 -0.999239 -15.735956 -0.015975 0.999659 0.020650 0.107989 0.999314 0.016653 -0.033088 2.027056
-0.031692 0.019531 -0.999307 -16.507976 -0.013243 0.999713 0.019959 0.121593 0.999410 0.013867 -0.031424 2.008772
-0.030403 0.015749 -0.999414 -17.041496 -0.016206 0.999737 0.016247 0.142426 0.999406 0.016691 -0.030140 2.008115
-0.029262 0.013221 -0.999484 -17.475602 -0.018862 0.999727 0.013776 0.176319 0.999394 0.019256 -0.029005 2.008649
-0.028830 0.018306 -0.999417 -17.696983 -0.008815 0.999789 0.018567 0.134961 0.999546 0.009345 -0.028662 2.008170
-0.029608 0.023463 -0.999286 -18.012374 0.002190 0.999724 0.023408 0.089808 0.999559 -0.001495 -0.029651 2.028645
-0.028407 0.021141 -0.999373 -18.159457 0.002973 0.999774 0.021065 0.150369 0.999592 -0.002373 -0.028463 2.020785
-0.028099 0.020123 -0.999402 -18.444250 0.008370 0.999767 0.019895 0.097606 0.999570 -0.007806 -0.028261 2.015055
-0.029641 0.013902 -0.999464 -18.847593 0.012678 0.999828 0.013531 0.095284 0.999480 -0.012270 -0.029812 2.019546
-0.030144 0.007839 -0.999515 -19.075296 0.015353 0.999855 0.007379 0.117240 0.999428 -0.015123 -0.030260 2.026004
-0.029910 0.006121 -0.999534 -19.705111 0.015253 0.999868 0.005667 0.164210 0.999436 -0.015077 -0.029999 2.005131
-0.031133 0.017516 -0.999362 -19.740593 0.020313 0.999651 0.016889 0.081896 0.999309 -0.019774 -0.031478 2.013596
-0.031525 0.016087 -0.999374 -19.989870 0.014758 0.999769 0.015628 0.198110 0.999394 -0.014256 -0.031755 2.015803
-0.032386 0.020281 -0.999270 -20.775296 0.012674 0.999722 0.019879 0.212334 0.999395 -0.012021 -0.032634 2.007665
-0.032863 0.023216 -0.999190 -21.844870 0.012641 0.999660 0.022811 0.175392 0.999380 -0.011882 -0.033146 1.993294
-0.033527 0.017704 -0.999281 -22.875833 0.012126 0.999777 0.017306 0.207194 0.999364 -0.011537 -0.033734 1.979584
-0.033442 0.013546 -0.999349 -23.969481 0.011903 0.999843 0.013155 0.232380 0.999370 -0.011456 -0.033598 1.961580
-0.033695 0.013722 -0.999338 -25.165759 0.011508 0.999845 0.013341 0.250800 0.999366 -0.011051 -0.033847 1.937052
-0.034249 0.018995 -0.999233 -26.320019 0.012613 0.999748 0.018572 0.194018 0.999334 -0.011967 -0.034480 1.923605
-0.034530 0.020459 -0.999194 -27.447556 0.010790 0.999740 0.020097 0.140329 0.999345 -0.010088 -0.034742 1.905506
-0.033480 0.019683 -0.999246 -28.559815 0.010078 0.999762 0.019355 0.065045 0.999389 -0.009422 -0.033671 1.881451
-0.033221 0.013272 -0.999360 -29.672167 0.010237 0.999864 0.012938 0.091798 0.999395 -0.009801 -0.033353 1.857989
-0.031771 0.011563 -0.999429 -30.769037 0.008514 0.999900 0.011297 0.123366 0.999459 -0.008150 -0.031866 1.831182
-0.030698 0.018005 -0.999367 -30.925222 0.006184 0.999822 0.017823 0.042077 0.999510 -0.005633 -0.030804 1.826282
-0.030961 0.024151 -0.999229 -32.171907 0.007799 0.999683 0.023920 0.035656 0.999490 -0.007052 -0.031140 1.806792
-0.030997 0.027169 -0.999150 -32.220556 0.009634 0.999592 0.026882 0.079618 0.999473 -0.008793 -0.031246 1.814001
-0.032013 0.030139 -0.999033 -32.296685 0.011670 0.999488 0.029779 0.093554 0.999419 -0.010705 -0.032348 1.817089
-0.032826 0.031171 -0.998975 -32.446815 0.012750 0.999445 0.030766 0.100827 0.999380 -0.011727 -0.033205 1.813905
-0.034131 0.027137 -0.999049 -32.602611 0.016892 0.999504 0.026573 0.113119 0.999275 -0.015969 -0.034573 1.833397
-0.034355 0.026220 -0.999066 -32.852278 0.015463 0.999550 0.025701 0.067448 0.999290 -0.014566 -0.034745 1.827778
-0.034650 0.020075 -0.999198 -33.052630 0.011756 0.999737 0.019678 0.123170 0.999330 -0.011064 -0.034877 1.840402
-0.036783 0.019589 -0.999131 -33.301370 0.007777 0.999783 0.019315 0.115887 0.999293 -0.007060 -0.036927 1.843019
-0.037099 0.019690 -0.999118 -34.426241 0.008946 0.999772 0.019371 0.079408 0.999271 -0.008219 -0.037267 1.825683
-0.038382 0.014036 -0.999165 -35.551630 0.013182 0.999821 0.013539 0.115526 0.999176 -0.012652 -0.038560 1.805616
-0.038845 0.009145 -0.999203 -36.615704 0.016636 0.999825 0.008504 0.164002 0.999107 -0.016293 -0.038991 1.790760
-0.040473 0.010899 -0.999121 -37.478259 0.019218 0.999764 0.010127 0.171573 0.998996 -0.018791 -0.040673 1.777465
-0.041841 0.015844 -0.998999 -38.428315 0.020731 0.999673 0.014987 0.176633 0.998909 -0.020083 -0.042155 1.756522
-0.044221 0.018323 -0.998854 -39.454667 0.022853 0.999589 0.017325 0.189631 0.998760 -0.022061 -0.044621 1.740774
-0.046060 0.016670 -0.998800 -40.274148 0.024191 0.999586 0.015568 0.202938 0.998646 -0.023444 -0.046444 1.728795
-0.048297 0.013833 -0.998737 -40.606722 0.019908 0.999719 0.012884 0.189550 0.998635 -0.019261 -0.048558 1.725417
-0.050358 0.012227 -0.998657 -40.883537 0.018449 0.999766 0.011310 0.176548 0.998561 -0.017855 -0.050572 1.707388
-0.051795 0.010258 -0.998605 -41.119667 0.014897 0.999844 0.009498 0.182648 0.998547 -0.014384 -0.051939 1.697697
-0.052714 0.011860 -0.998539 -42.159537 0.010957 0.999876 0.011297 0.165709 0.998550 -0.010346 -0.052837 1.674320
-0.053675 0.012490 -0.998480 -43.165389 0.013319 0.999842 0.011791 0.172698 0.998470 -0.012665 -0.053833 1.653944
-0.053643 0.011053 -0.998499 -43.902667 0.008491 0.999908 0.010612 0.184254 0.998524 -0.007909 -0.053731 1.628172
-0.053816 0.010152 -0.998499 -44.426667 0.007549 0.999924 0.009759 0.191363 0.998522 -0.007013 -0.053888 1.608405
-0.054767 0.011943 -0.998428 -45.524944 0.009409 0.999890 0.011445 0.186999 0.998455 -0.008767 -0.054873 1.586672
-0.055178 0.014193 -0.998376 -46.543593 0.008059 0.999873 0.013769 0.187142 0.998444 -0.007287 -0.055285 1.566349
-0.054976 0.017682 -0.998331 -47.536889 0.006429 0.999829 0.017354 0.187799 0.998467 -0.005464 -0.055080 1.543337
-0.058376 0.019100 -0.998112 -47.836426 0.018209 0.999671 0.018064 0.216233 0.998128 -0.017120 -0.058704 1.536033
-0.060301 0.019137 -0.997997 -47.984444 0.018191 0.999671 0.018070 0.224920 0.998015 -0.017064 -0.060629 1.538700
-0.061613 0.017726 -0.997943 -48.178741 0.020879 0.999646 0.016468 0.226683 0.997882 -0.019821 -0.061962 1.530825
-0.064044 0.014727 -0.997838 -48.733037 0.026568 0.999562 0.013047 0.217426 0.997593 -0.025675 -0.064407 1.529580
-0.064621 0.011802 -0.997840 -49.557611 0.027284 0.999577 0.010055 0.211348 0.997537 -0.026575 -0.064915 1.517122
-0.063636 0.010269 -0.997920 -50.546463 0.027615 0.999582 0.008525 0.194473 0.997591 -0.027015 -0.063893 1.493776
-0.061508 0.009215 -0.998064 -51.546241 0.025645 0.999642 0.007649 0.187174 0.997777 -0.025125 -0.061722 1.470222
-0.057322 0.009783 -0.998308 -52.428407 0.024126 0.999673 0.008411 0.178774 0.998064 -0.023603 -0.057539 1.448329
-0.052092 0.011691 -0.998574 -52.643537 0.024636 0.999642 0.010418 0.163508 0.998338 -0.024058 -0.052362 1.445428
-0.045865 0.012842 -0.998865 -53.698593 0.028737 0.999521 0.011531 0.166992 0.998534 -0.028176 -0.046212 1.432518
-0.037076 0.014496 -0.999207 -54.642222 0.024914 0.999597 0.013577 0.144098 0.999002 -0.024391 -0.037423 1.414025
-0.026214 0.015966 -0.999529 -55.093426 0.023823 0.999598 0.015342 0.142716 0.999372 -0.023409 -0.026584 1.419922
-0.011936 0.017398 -0.999777 -55.893611 0.019380 0.999665 0.017165 0.139359 0.999741 -0.019171 -0.012270 1.417031
0.005796 0.018740 -0.999808 -56.807778 0.018599 0.999649 0.018845 0.130373 0.999810 -0.018705 0.005445 1.418023
0.027640 0.019204 -0.999433 -57.623870 0.018367 0.999637 0.019716 0.134882 0.999449 -0.018901 0.027277 1.421803
0.051437 0.019422 -0.998487 -57.988185 0.021262 0.999563 0.020538 0.142857 0.998450 -0.022286 0.051001 1.451406
0.078646 0.018963 -0.996722 -58.401463 0.022639 0.999527 0.020802 0.148608 0.996645 -0.024201 0.078179 1.485970
0.110911 0.019205 -0.993645 -59.014389 0.024666 0.999452 0.022070 0.150088 0.993524 -0.026957 0.110376 1.527444
0.146413 0.018662 -0.989048 -59.611093 0.024741 0.999440 0.022520 0.167286 0.988914 -0.027767 0.145869 1.583070
0.185672 0.016435 -0.982474 -60.183463 0.020991 0.999566 0.020688 0.201227 0.982387 -0.024464 0.185247 1.642003
0.228513 0.017070 -0.973391 -60.727056 0.024796 0.999420 0.023347 0.198360 0.973225 -0.029471 0.227957 1.710717
0.273908 0.016708 -0.961611 -61.411389 0.031622 0.999152 0.026368 0.199847 0.961236 -0.037630 0.273147 1.790853
0.321606 0.012038 -0.946797 -62.045500 0.036888 0.999001 0.025232 0.195982 0.946155 -0.043040 0.320841 1.881618
0.373446 0.005313 -0.927637 -62.628889 0.041386 0.998892 0.022382 0.219364 0.926728 -0.046749 0.372813 1.948699
0.421890 0.000561 -0.906647 -63.263259 0.045791 0.998710 0.021927 0.245133 0.905490 -0.050767 0.421320 2.077080
0.466678 -0.005321 -0.884412 -63.686889 0.044436 0.998860 0.017438 0.363602 0.883311 -0.047438 0.466382 2.210119
0.508893 -0.007922 -0.860793 -64.235241 0.053914 0.998288 0.022685 0.343173 0.859140 -0.057953 0.508449 2.374109
0.550053 -0.012592 -0.835035 -64.677593 0.064792 0.997516 0.027637 0.336918 0.832613 -0.069306 0.549502 2.507158
0.590866 -0.016901 -0.806593 -65.100889 0.076902 0.996408 0.035456 0.295551 0.803096 -0.082978 0.590044 2.649103
0.627479 -0.020622 -0.778361 -65.551074 0.082434 0.995791 0.040072 0.217061 0.774258 -0.089308 0.626537 2.845152
0.665342 -0.023998 -0.746153 -65.840093 0.078638 0.996176 0.038082 0.261685 0.742386 -0.084013 0.664684 2.983406
0.703694 -0.028804 -0.709919 -66.180648 0.074453 0.996666 0.033361 0.197473 0.706591 -0.076331 0.703493 3.137908
0.741612 -0.034107 -0.669961 -66.559056 0.072134 0.996970 0.029094 0.146279 0.666939 -0.069903 0.741826 3.294576
0.779793 -0.037198 -0.624931 -66.965204 0.071971 0.996941 0.030465 0.167129 0.621886 -0.068733 0.780085 3.431135
0.815882 -0.034454 -0.577191 -67.372019 0.066924 0.997141 0.035078 0.069778 0.574332 -0.067247 0.815856 3.584371
0.847537 -0.035808 -0.529527 -67.679796 0.064034 0.997332 0.035047 0.143643 0.526860 -0.063612 0.847569 3.757080
0.875117 -0.031449 -0.482888 -67.982130 0.058094 0.997497 0.040317 0.107061 0.480411 -0.063335 0.874754 3.941240
0.897174 -0.026761 -0.440865 -68.268037 0.051096 0.997749 0.043417 0.194700 0.438711 -0.061479 0.896523 4.143337
0.915734 -0.022512 -0.401154 -68.524000 0.044343 0.997992 0.045217 0.207071 0.399331 -0.059195 0.914894 4.349532
0.930360 -0.017656 -0.366223 -68.802370 0.037058 0.998253 0.046017 0.308703 0.364771 -0.056384 0.929389 4.544045
0.941237 -0.018129 -0.337261 -69.054537 0.037440 0.998005 0.050843 0.321583 0.335666 -0.060483 0.940037 4.802818
0.949553 -0.018562 -0.313056 -69.267759 0.037081 0.997890 0.053304 0.387085 0.311406 -0.062223 0.948237 4.985792
0.956501 -0.012931 -0.291442 -69.522889 0.031430 0.997770 0.058884 0.305821 0.290031 -0.065483 0.954774 5.170888
0.961696 -0.011355 -0.273881 -69.732093 0.029338 0.997666 0.061654 0.366966 0.272542 -0.067327 0.959785 5.358285
0.966252 -0.004121 -0.257565 -69.955815 0.021591 0.997649 0.065038 0.342576 0.256692 -0.068404 0.964070 5.516591
0.969887 0.001159 -0.243553 -70.232963 0.015443 0.997684 0.066248 0.403271 0.243066 -0.068014 0.967623 5.775586
0.973026 0.001072 -0.230695 -70.413370 0.014646 0.997685 0.066411 0.448186 0.230232 -0.067998 0.970757 5.972940
0.976494 0.007224 -0.215422 -70.617667 0.007447 0.997711 0.067212 0.457489 0.215415 -0.067237 0.974205 6.148634
0.979704 0.010493 -0.200174 -70.726426 0.003363 0.997628 0.068755 0.494168 0.200421 -0.068033 0.977345 6.259712
0.982339 0.010003 -0.186844 -70.835519 0.002984 0.997606 0.069094 0.537806 0.187087 -0.068431 0.979957 6.399967
0.984768 0.009594 -0.173608 -71.028130 0.002095 0.997749 0.067019 0.601461 0.173861 -0.066362 0.982532 6.668006
0.986564 0.008934 -0.163131 -71.150556 0.001240 0.998066 0.062158 0.647691 0.163371 -0.061525 0.984644 6.892285
0.988121 0.008239 -0.153459 -71.279296 0.000322 0.998449 0.055677 0.692985 0.153680 -0.055065 0.986585 7.114117
0.989531 0.012145 -0.143808 -71.453056 -0.004005 0.998380 0.056756 0.735042 0.144264 -0.055586 0.987977 7.402649
0.990315 0.012491 -0.138274 -71.554704 -0.003893 0.998051 0.062282 0.792859 0.138783 -0.061141 0.988434 7.677790
0.990775 0.017472 -0.134385 -71.674352 -0.008217 0.997575 0.069119 0.848240 0.135267 -0.067377 0.988516 7.947709
0.991445 0.020809 -0.128856 -71.840407 -0.011401 0.997243 0.073325 0.895231 0.130026 -0.071229 0.988949 8.235502
0.991872 0.019333 -0.125759 -71.953296 -0.010268 0.997328 0.072335 0.952339 0.126822 -0.070456 0.989420 8.511356
0.992243 0.023531 -0.122063 -72.075093 -0.014922 0.997367 0.070969 1.010394 0.123412 -0.068597 0.989982 8.768558
0.992636 0.022164 -0.119087 -72.140759 -0.013543 0.997260 0.072720 1.057713 0.120373 -0.070572 0.990217 8.891975
0.993031 0.024247 -0.115330 -72.287167 -0.015470 0.996957 0.076402 1.090130 0.116832 -0.074085 0.990385 9.186507
0.993406 0.022308 -0.112455 -72.335907 -0.013600 0.996890 0.077620 1.118547 0.113837 -0.075579 0.990621 9.259488
0.993742 0.021348 -0.109639 -72.451981 -0.013234 0.997155 0.074202 1.180947 0.110911 -0.072287 0.991198 9.539473
0.993912 0.025161 -0.107261 -72.507111 -0.018059 0.997611 0.066676 1.215173 0.108682 -0.064333 0.991993 9.624128
0.994029 0.023600 -0.106532 -72.564370 -0.017334 0.998086 0.059362 1.242167 0.107729 -0.057161 0.992536 9.763313
0.994231 0.025671 -0.104140 -72.692389 -0.019983 0.998270 0.055302 1.294061 0.105380 -0.052902 0.993024 10.048531
0.994618 0.021247 -0.101413 -72.776833 -0.015439 0.998214 0.057714 1.294354 0.102458 -0.055838 0.993169 10.096893
0.994796 0.018493 -0.100198 -72.912463 -0.012311 0.998003 0.061964 1.338030 0.101144 -0.060408 0.993036 10.440684
0.994820 0.018851 -0.099886 -73.021093 -0.012359 0.997795 0.065212 1.388711 0.100895 -0.063639 0.992860 10.702611
0.995179 0.016211 -0.096727 -73.119056 -0.009618 0.997623 0.068236 1.428127 0.097604 -0.066977 0.992969 11.003823
0.995284 0.013471 -0.096066 -73.206685 -0.006959 0.997674 0.067806 1.478756 0.096756 -0.066818 0.993063 11.264238
0.995465 0.012291 -0.094331 -73.309222 -0.005890 0.997679 0.067838 1.526692 0.094946 -0.066975 0.993227 11.566687
0.995509 0.010985 -0.094032 -73.394074 -0.004813 0.997834 0.065609 1.578294 0.094549 -0.064862 0.993405 11.820109
0.995649 0.008887 -0.092759 -73.499741 -0.002865 0.997891 0.064850 1.630741 0.093140 -0.064302 0.993575 12.116396
0.995714 0.018083 -0.090702 -73.609056 -0.012490 0.998007 0.061855 1.696259 0.091640 -0.060457 0.993955 12.305169
0.995769 0.014970 -0.090664 -73.675685 -0.009270 0.997973 0.062968 1.739799 0.091423 -0.061861 0.993889 12.499029
0.995845 0.014108 -0.089963 -73.790593 -0.008537 0.998039 0.062011 1.783288 0.090662 -0.060985 0.994013 12.771389
0.995814 0.011348 -0.090699 -73.890000 -0.005673 0.998024 0.062578 1.858793 0.091230 -0.061801 0.993910 13.047291
0.995742 0.008389 -0.091803 -73.989759 -0.002604 0.998013 0.062947 1.907052 0.092148 -0.062440 0.993786 13.317550
0.995533 0.014896 -0.093228 -74.034537 -0.009031 0.997972 0.063011 1.919759 0.093978 -0.061888 0.993649 13.349734
0.995370 0.018814 -0.094261 -74.078611 -0.012827 0.997885 0.063726 1.909059 0.095260 -0.062222 0.993506 13.394295
0.995098 0.017845 -0.097266 -74.139074 -0.012244 0.998249 0.057875 1.966893 0.098129 -0.056400 0.993574 13.550890
0.994819 0.016783 -0.100266 -74.208111 -0.011349 0.998448 0.054523 2.019367 0.101026 -0.053102 0.993466 13.826538
0.994442 0.018977 -0.103564 -74.290630 -0.013844 0.998650 0.050057 2.086407 0.104374 -0.048345 0.993362 14.082476
0.994205 0.019192 -0.105771 -74.419796 -0.013697 0.998530 0.052436 2.129648 0.106621 -0.050683 0.993007 14.428222
0.993973 0.019188 -0.107935 -74.538796 -0.013601 0.998541 0.052263 2.175996 0.108780 -0.050480 0.992783 14.689858
0.993811 0.016382 -0.109870 -74.657648 -0.010578 0.998528 0.053201 2.249985 0.110580 -0.051709 0.992521 14.996966
0.993595 0.019168 -0.111359 -74.749556 -0.013012 0.998360 0.055742 2.276320 0.112245 -0.053936 0.992216 15.201583
0.993512 0.017510 -0.112371 -74.865389 -0.010720 0.998095 0.060751 2.329159 0.113221 -0.059152 0.991807 15.491666
0.993662 0.016857 -0.111137 -74.951815 -0.010072 0.998067 0.061330 2.404254 0.111956 -0.059821 0.991911 15.719578
0.993845 0.018102 -0.109288 -75.082407 -0.011439 0.998054 0.061290 2.449231 0.110185 -0.059662 0.992119 16.006901
0.994241 0.018919 -0.105486 -75.114815 -0.012683 0.998150 0.059468 2.497302 0.106416 -0.057788 0.992641 16.051786
0.994588 0.019682 -0.102012 -75.120815 -0.013939 0.998293 0.056716 2.527394 0.102954 -0.054987 0.993165 16.088798
0.995213 0.018742 -0.095915 -75.194407 -0.013562 0.998429 0.054375 2.614111 0.096784 -0.052814 0.993903 16.195210
0.995409 0.018660 -0.093877 -75.281778 -0.013652 0.998463 0.053714 2.669526 0.094735 -0.052186 0.994134 16.494943
0.995484 0.013339 -0.093986 -75.368741 -0.008149 0.998432 0.055386 2.702933 0.094578 -0.054370 0.994032 16.769759
0.995641 0.011549 -0.092554 -75.488111 -0.006094 0.998239 0.058997 2.747070 0.093073 -0.058176 0.993958 17.122687
0.995641 0.010163 -0.092708 -75.582870 -0.004901 0.998373 0.056811 2.808294 0.093134 -0.056109 0.994071 17.403260
0.995870 0.013066 -0.089842 -75.728981 -0.008283 0.998538 0.053410 2.890993 0.090409 -0.052446 0.994523 17.754034
0.995977 0.013782 -0.088545 -75.872056 -0.009568 0.998809 0.047843 2.917824 0.089099 -0.046804 0.994923 18.098046
0.996050 0.015047 -0.087509 -75.978500 -0.011323 0.999016 0.042888 2.947893 0.088068 -0.041728 0.995240 18.433510
0.996049 0.020072 -0.086513 -76.107333 -0.016938 0.999178 0.036815 2.983354 0.087181 -0.035204 0.995570 18.761317
0.996177 0.021542 -0.084664 -76.226630 -0.018547 0.999179 0.036010 3.014611 0.085371 -0.034302 0.995759 19.107495
0.996096 0.018370 -0.086339 -76.258241 -0.014817 0.999024 0.041614 3.032943 0.087020 -0.040172 0.995396 19.380821
0.996025 0.015806 -0.087661 -76.316685 -0.011498 0.998711 0.049437 3.071637 0.088329 -0.048233 0.994923 19.659618
0.996029 0.014352 -0.087860 -76.224444 -0.009353 0.998328 0.057050 3.078315 0.088532 -0.056001 0.994498 19.674311
0.995955 0.010049 -0.089290 -76.174926 -0.005059 0.998421 0.055945 3.073481 0.089711 -0.055267 0.994433 19.713634
0.996067 0.003667 -0.088522 -76.065963 0.001074 0.998570 0.053446 3.111870 0.088591 -0.053331 0.994639 19.797329
0.995889 0.008104 -0.090223 -75.979796 -0.003340 0.998598 0.052833 3.087517 0.090524 -0.052314 0.994519 19.860530
0.995796 0.015111 -0.090343 -75.972093 -0.010672 0.998721 0.049419 3.118602 0.090974 -0.048247 0.994684 19.888362
0.995598 0.016515 -0.092261 -75.955056 -0.012292 0.998859 0.046152 3.122463 0.092918 -0.044814 0.994665 19.962639
0.995032 0.016516 -0.098177 -75.953352 -0.012418 0.999032 0.042202 3.150463 0.098779 -0.040774 0.994274 20.193381
0.994583 0.017451 -0.102475 -76.030833 -0.013518 0.999150 0.038951 3.140409 0.103068 -0.037354 0.993973 20.470730
0.994210 0.025936 -0.104279 -76.027944 -0.022189 0.999071 0.036936 3.220572 0.105140 -0.034409 0.993862 20.577067
0.993646 0.033715 -0.107381 -76.145963 -0.029867 0.998860 0.037246 3.309793 0.108514 -0.033802 0.993520 20.878684
0.993102 0.037655 -0.111040 -76.284037 -0.033011 0.998514 0.043366 3.324598 0.112508 -0.039401 0.992869 21.191134
0.992642 0.037274 -0.115203 -76.412796 -0.031825 0.998302 0.048787 3.347820 0.116826 -0.044762 0.992143 21.479018
0.992088 0.037343 -0.119866 -76.551722 -0.031190 0.998118 0.052804 3.382665 0.121612 -0.048648 0.991385 21.787051
0.991347 0.034352 -0.126696 -76.674037 -0.027728 0.998173 0.053676 3.446443 0.128308 -0.049698 0.990488 22.089499
0.990571 0.030150 -0.133645 -76.778574 -0.022670 0.998109 0.057137 3.498091 0.135115 -0.053569 0.989381 22.380019
0.989871 0.028653 -0.139050 -76.713574 -0.020909 0.998165 0.056833 3.525950 0.140424 -0.053350 0.988653 22.446401
0.988988 0.034228 -0.143982 -76.708759 -0.026348 0.998067 0.056280 3.526633 0.145630 -0.051867 0.987979 22.516337
0.988042 0.035043 -0.150147 -76.760630 -0.027818 0.998364 0.049951 3.574500 0.151652 -0.045177 0.987401 22.658373
0.987184 0.039342 -0.154659 -76.749926 -0.032548 0.998401 0.046217 3.610754 0.156230 -0.040590 0.986886 22.749071
0.986367 0.040537 -0.159487 -76.687815 -0.033641 0.998388 0.045705 3.618530 0.161082 -0.039716 0.986142 22.817695
0.985045 0.045439 -0.166195 -76.579630 -0.037692 0.998064 0.049478 3.678980 0.168121 -0.042474 0.984851 22.929210
0.983843 0.047714 -0.172555 -76.504907 -0.038977 0.997797 0.053678 3.677069 0.174736 -0.046085 0.983536 22.975466
0.982744 0.047151 -0.178859 -76.410370 -0.037582 0.997694 0.056521 3.668804 0.181111 -0.048824 0.982250 23.029909
0.980985 0.043578 -0.189130 -76.306167 -0.034130 0.998015 0.052928 3.683670 0.191061 -0.045466 0.980525 23.152414
0.978916 0.041128 -0.200080 -76.262722 -0.032487 0.998400 0.046284 3.692730 0.201663 -0.038808 0.978686 23.277888
0.976350 0.041244 -0.212226 -76.186389 -0.032667 0.998508 0.043764 3.720989 0.213714 -0.035796 0.976240 23.401780
0.973531 0.045781 -0.223924 -76.193704 -0.037022 0.998382 0.043163 3.777961 0.225537 -0.033730 0.973650 23.499731
0.970520 0.045886 -0.236612 -76.356315 -0.034613 0.998069 0.051582 3.801759 0.238522 -0.041872 0.970234 23.802811
0.967017 0.048874 -0.249977 -76.439222 -0.035748 0.997746 0.056786 3.837876 0.252189 -0.045977 0.966585 23.936261
0.963259 0.050760 -0.263736 -76.405833 -0.036326 0.997578 0.059323 3.875531 0.266108 -0.047563 0.962769 24.035173
0.959297 0.055276 -0.276935 -76.409019 -0.041664 0.997628 0.054802 3.890831 0.279307 -0.041033 0.959325 24.146581
0.955323 0.054479 -0.290498 -76.428407 -0.042403 0.997961 0.047707 3.886924 0.292505 -0.033258 0.955686 24.276721
0.951098 0.052376 -0.304415 -76.474685 -0.041038 0.998209 0.043530 3.902976 0.306150 -0.028909 0.951544 24.422591
0.946799 0.053183 -0.317402 -76.506444 -0.040102 0.998061 0.047609 3.944887 0.319318 -0.032348 0.947095 24.533496
0.942174 0.056860 -0.330265 -76.528463 -0.040525 0.997600 0.056142 3.943420 0.332665 -0.039512 0.942217 24.654359
0.937853 0.056680 -0.342373 -76.578500 -0.037385 0.997332 0.062700 3.926363 0.345013 -0.046004 0.937470 24.739879
0.933298 0.053196 -0.355140 -76.639704 -0.033598 0.997564 0.061129 3.926224 0.357527 -0.045120 0.932812 24.827202
0.929045 0.048566 -0.366766 -77.028796 -0.028748 0.997826 0.059307 3.961474 0.368848 -0.044555 0.928421 25.110367
0.925446 0.049621 -0.375617 -77.111759 -0.033171 0.998191 0.050139 3.991759 0.377426 -0.033941 0.925418 25.189855
0.922512 0.047017 -0.383094 -77.183722 -0.032366 0.998480 0.044602 3.991643 0.384609 -0.028747 0.922632 25.259062
0.918427 0.045780 -0.392933 -77.564648 -0.030391 0.998511 0.045299 4.008287 0.394422 -0.029662 0.918450 25.555106
0.914249 0.050505 -0.401993 -77.616333 -0.035115 0.998344 0.045567 4.009659 0.403628 -0.027544 0.914508 25.619377
0.909661 0.048413 -0.412521 -77.623333 -0.032141 0.998410 0.046298 4.071124 0.414107 -0.028857 0.909771 25.695144
0.905220 0.049882 -0.422005 -77.538778 -0.030601 0.998160 0.052344 4.086509 0.423840 -0.034469 0.905081 25.725400
0.900617 0.050997 -0.431611 -77.469981 -0.026889 0.997727 0.061780 4.088056 0.433781 -0.044034 0.899942 25.749295
0.895792 0.061290 -0.440227 -77.482648 -0.034475 0.997044 0.068661 4.102969 0.443134 -0.046329 0.895258 25.793672
0.892169 0.070576 -0.446153 -78.044556 -0.045632 0.996748 0.066422 4.144394 0.449390 -0.038901 0.892488 26.092433
0.888636 0.070076 -0.453228 -78.072407 -0.048904 0.997102 0.058281 4.166185 0.455998 -0.029626 0.889487 26.129876
0.885983 0.066552 -0.458917 -78.559093 -0.049101 0.997548 0.049868 4.247807 0.461110 -0.021649 0.887079 26.409181
0.881865 0.062858 -0.467292 -78.568778 -0.043096 0.997671 0.052873 4.218313 0.469527 -0.026489 0.882520 26.456328
0.878741 0.065617 -0.472767 -78.542463 -0.043595 0.997399 0.057402 4.218359 0.475304 -0.029831 0.879316 26.475833
0.874372 0.067628 -0.480521 -78.571667 -0.042899 0.997137 0.062275 4.233902 0.483357 -0.033837 0.874769 26.538991
0.870822 0.066163 -0.487126 -78.791907 -0.041441 0.997255 0.061367 4.250637 0.489849 -0.033252 0.871173 26.678317
0.868280 0.056959 -0.492794 -78.852130 -0.033646 0.997861 0.056053 4.246841 0.494932 -0.032089 0.868339 26.731955
0.865012 0.050414 -0.499211 -79.398741 -0.028847 0.998291 0.050830 4.294744 0.500921 -0.029568 0.864988 27.020250
0.862867 0.053623 -0.502578 -79.442889 -0.032469 0.998183 0.050757 4.281444 0.504387 -0.027479 0.863040 27.039209
0.860236 0.054712 -0.506953 -79.388870 -0.030029 0.997937 0.056745 4.257704 0.509011 -0.033590 0.860104 27.061236
0.856461 0.057946 -0.512949 -79.359907 -0.031412 0.997688 0.060258 4.247311 0.515254 -0.035496 0.856302 27.128023
0.852645 0.059307 -0.519114 -79.347722 -0.031326 0.997552 0.062514 4.233561 0.521551 -0.037040 0.852416 27.192499
0.848953 0.056931 -0.525393 -79.337796 -0.027728 0.997610 0.063295 4.213841 0.527741 -0.039167 0.848502 27.266123
0.845862 0.054768 -0.530582 -79.813519 -0.024726 0.997672 0.063563 4.257078 0.532828 -0.040646 0.845247 27.495067
0.842862 0.054284 -0.535384 -80.303130 -0.023530 0.997665 0.064112 4.298193 0.537614 -0.041440 0.842172 27.724572
0.839473 0.052209 -0.540888 -80.344759 -0.019848 0.997656 0.065493 4.290496 0.543039 -0.044244 0.838541 27.774695
0.836349 0.054868 -0.545444 -80.905519 -0.023068 0.997620 0.064982 4.335665 0.547711 -0.041766 0.835624 28.017484
0.833218 0.051285 -0.550562 -81.439185 -0.020628 0.997879 0.061734 4.381224 0.552560 -0.040081 0.832509 28.258157
0.829631 0.044916 -0.556503 -81.477407 -0.015365 0.998218 0.057661 4.382265 0.558101 -0.039287 0.828843 28.306838
0.826830 0.044860 -0.560660 -82.085370 -0.016502 0.998320 0.055542 4.436126 0.562210 -0.036672 0.826181 28.566124
0.824399 0.047697 -0.563995 -82.676481 -0.016726 0.998061 0.059957 4.470315 0.565761 -0.039995 0.823599 28.811398
0.820719 0.052492 -0.568916 -82.665759 -0.015461 0.997446 0.069726 4.451306 0.571123 -0.048430 0.819434 28.857762
0.818733 0.054498 -0.571582 -83.218093 -0.011657 0.996858 0.078347 4.503256 0.574056 -0.057482 0.816796 29.097495
0.818857 0.054473 -0.571407 -83.918574 -0.008153 0.996490 0.083314 4.555209 0.573940 -0.063564 0.816427 29.325823
0.816766 0.050915 -0.574718 -84.377222 -0.004373 0.996616 0.082077 4.609794 0.576952 -0.064524 0.814225 29.506939
0.813981 0.049119 -0.578811 -84.945074 -0.004276 0.996898 0.078586 4.673215 0.580876 -0.061492 0.811666 29.749232
0.811491 0.046826 -0.582486 -85.440037 -0.002956 0.997100 0.076039 4.724054 0.584357 -0.059983 0.809276 29.968234
0.810234 0.045010 -0.584375 -85.994333 -0.001949 0.997248 0.074109 4.779024 0.586103 -0.058907 0.808092 30.163768
0.808706 0.043107 -0.586631 -86.541167 -0.000014 0.997313 0.073265 4.843113 0.588213 -0.059242 0.806533 30.383510
0.807250 0.044145 -0.588556 -87.012907 -0.000215 0.997221 0.074503 4.868752 0.590209 -0.060016 0.805016 30.556737
0.805711 0.043596 -0.590703 -87.511056 0.001310 0.997154 0.075380 4.922169 0.592308 -0.061508 0.803361 30.747303
0.804126 0.043203 -0.592888 -87.956074 0.001896 0.997164 0.075234 4.970143 0.594457 -0.061622 0.801763 30.915367
0.802212 0.041669 -0.595583 -88.407352 0.004056 0.997158 0.075228 5.011593 0.597025 -0.062764 0.799764 31.091423
0.800149 0.040283 -0.598448 -88.862000 0.005304 0.997228 0.074217 5.050891 0.599779 -0.062559 0.797717 31.270369
0.797196 0.039490 -0.602428 -89.240204 0.003676 0.997522 0.070254 5.087943 0.603710 -0.058220 0.795076 31.432012
0.794314 0.036853 -0.606389 -89.618296 0.004364 0.997786 0.066357 5.118154 0.607492 -0.055354 0.792395 31.591480
0.790228 0.033295 -0.611908 -89.995963 0.007512 0.997922 0.064000 5.159250 0.612767 -0.055171 0.788336 31.762179
0.787993 0.029615 -0.614971 -90.423519 0.012628 0.997855 0.064235 5.196981 0.615554 -0.058383 0.785929 31.902682
0.783137 0.030480 -0.621101 -90.704833 0.012997 0.997778 0.065352 5.216035 0.621713 -0.059252 0.781001 32.017815
0.780152 0.034459 -0.624640 -91.121222 0.009500 0.997714 0.066904 5.245669 0.625518 -0.058130 0.778041 32.135994
0.776873 0.038987 -0.628449 -91.534241 0.006570 0.997525 0.070005 5.285507 0.629622 -0.058513 0.774695 32.255420
0.769680 0.046278 -0.636750 -91.762444 0.004051 0.996995 0.077357 5.296285 0.638417 -0.062120 0.767180 32.379998
0.764345 0.049012 -0.642942 -92.053833 0.004501 0.996677 0.081328 5.316941 0.644792 -0.065057 0.761584 32.475303
0.759542 0.047152 -0.648747 -92.412204 0.008397 0.996575 0.082264 5.350530 0.650404 -0.067930 0.756545 32.575883
0.754181 0.046236 -0.655037 -92.742315 0.011018 0.996487 0.083024 5.373937 0.656574 -0.069832 0.751022 32.654356
0.743590 0.044046 -0.667184 -92.974630 0.015754 0.996397 0.083338 5.398415 0.668450 -0.072481 0.740217 32.734789
0.729611 0.045488 -0.682348 -93.106981 0.016851 0.996287 0.084434 5.405169 0.683655 -0.073102 0.726135 32.807344
0.717766 0.043988 -0.694894 -93.437185 0.018229 0.996473 0.081907 5.445052 0.696046 -0.071457 0.714433 32.882053
0.700148 0.043595 -0.712666 -93.567167 0.018944 0.996649 0.079579 5.441530 0.713746 -0.069217 0.696975 32.940022
0.684047 0.040653 -0.728305 -93.832815 0.019210 0.997096 0.073699 5.464052 0.729185 -0.064404 0.681279 33.002224
0.669381 0.037363 -0.741979 -94.100870 0.019971 0.997469 0.068245 5.479656 0.742651 -0.060500 0.666941 33.045991
0.653290 0.034952 -0.756301 -94.345056 0.018320 0.997912 0.061943 5.519474 0.756887 -0.054321 0.651285 33.091740
0.635257 0.037724 -0.771379 -94.574463 0.012187 0.998192 0.058852 5.540917 0.772205 -0.046787 0.633649 33.141868
0.619090 0.036232 -0.784484 -94.900407 0.012926 0.998330 0.056309 5.582183 0.785214 -0.045000 0.617588 33.189993
0.600409 0.035094 -0.798923 -95.139630 0.017143 0.998242 0.056733 5.594846 0.799509 -0.047759 0.598752 33.225908
0.578820 0.034758 -0.814714 -95.390778 0.021484 0.998094 0.057845 5.606328 0.815172 -0.050985 0.576971 33.274778
0.557524 0.036163 -0.829372 -95.690000 0.023223 0.997980 0.059126 5.621237 0.829836 -0.052225 0.555559 33.311952
0.535763 0.037955 -0.843515 -96.011333 0.021798 0.998035 0.058753 5.662174 0.844087 -0.049865 0.533883 33.336203
0.510213 0.041652 -0.859039 -96.245926 0.020996 0.997926 0.060857 5.675185 0.859792 -0.049087 0.508280 33.365660
0.486399 0.043502 -0.872653 -96.556648 0.020760 0.997903 0.061316 5.702317 0.873490 -0.047940 0.484475 33.388934
0.458779 0.049041 -0.887196 -96.799222 0.016421 0.997837 0.063648 5.697044 0.888398 -0.043769 0.456982 33.419380
0.432332 0.052633 -0.900177 -97.040426 0.013622 0.997800 0.064884 5.708213 0.901612 -0.040314 0.430664 33.434176
0.406621 0.056001 -0.911879 -97.364222 0.012247 0.997696 0.066732 5.714120 0.913515 -0.038302 0.404998 33.444851
0.376901 0.053381 -0.924714 -97.652241 0.017765 0.997738 0.064838 5.732994 0.926083 -0.040865 0.375100 33.460803
0.330377 0.051703 -0.942432 -97.860870 0.017170 0.998004 0.060771 5.743606 0.943693 -0.036259 0.328830 33.557112
0.298154 0.046557 -0.953381 -98.248630 0.023547 0.998147 0.056107 5.751009 0.954227 -0.039178 0.296506 33.562474
0.263889 0.044074 -0.963545 -98.516500 0.023153 0.998378 0.052009 5.774402 0.964275 -0.036033 0.262441 33.557134
0.241441 0.039513 -0.969611 -98.942389 0.021823 0.998697 0.046132 5.843039 0.970170 -0.032298 0.240264 33.477505
0.191465 0.036553 -0.980819 -99.354315 0.022162 0.998891 0.041553 5.884435 0.981249 -0.029693 0.190442 33.521272
0.155159 0.032145 -0.987366 -99.767481 0.027552 0.998941 0.036852 5.907724 0.987505 -0.032922 0.154109 33.473336
0.117848 0.030145 -0.992574 -100.177000 0.022670 0.999197 0.033038 5.932759 0.992773 -0.026395 0.117070 33.410507
0.076253 0.029628 -0.996648 -100.649259 0.026624 0.999142 0.031739 5.938844 0.996733 -0.028955 0.075399 33.359602
0.037379 0.026187 -0.998958 -101.139074 0.023145 0.999366 0.027063 6.026224 0.999033 -0.024133 0.036749 33.276474
-0.003867 0.029463 -0.999559 -101.657593 0.026980 0.999205 0.029349 6.024883 0.999629 -0.026854 -0.004659 33.188265
-0.053103 0.030710 -0.998117 -102.128741 0.028463 0.999167 0.029228 6.048811 0.998183 -0.026858 -0.053933 33.141658
-0.100896 0.030243 -0.994437 -102.690389 0.028872 0.999206 0.027458 6.092393 0.994478 -0.025941 -0.101690 33.069362
-0.153364 0.033816 -0.987591 -103.323519 0.033292 0.999024 0.029037 6.065230 0.987609 -0.028426 -0.154340 33.026972
-0.204187 0.033627 -0.978354 -104.066185 0.033001 0.999078 0.027452 6.095093 0.978376 -0.026681 -0.205109 32.948656
-0.253081 0.033345 -0.966870 -104.727259 0.032995 0.999122 0.025821 6.108487 0.966882 -0.025367 -0.253959 32.881702
-0.301305 0.035443 -0.952869 -105.344852 0.038183 0.998956 0.025083 6.120824 0.952763 -0.028826 -0.302344 32.802376
-0.347871 0.036328 -0.936838 -105.956630 0.042210 0.998843 0.023059 6.130185 0.936592 -0.031523 -0.349002 32.723071
-0.391953 0.036007 -0.919280 -106.585222 0.043207 0.998852 0.020702 6.149424 0.918970 -0.031606 -0.393059 32.637546
-0.433547 0.036907 -0.900375 -107.189481 0.045700 0.998776 0.018935 6.154809 0.899972 -0.032938 -0.434703 32.542393
-0.470920 0.038496 -0.881336 -107.655463 0.048843 0.998653 0.017522 6.155409 0.880823 -0.034796 -0.472166 32.449410
-0.504580 0.035471 -0.862636 -108.185481 0.043770 0.998922 0.015473 6.153193 0.862255 -0.029951 -0.505589 32.383438
-0.531790 0.035549 -0.846130 -108.816722 0.043358 0.998951 0.014720 6.144441 0.845766 -0.028858 -0.532773 32.245290
-0.553304 0.034377 -0.832270 -109.497556 0.041519 0.999044 0.013663 6.141006 0.831944 -0.026995 -0.554202 32.084024
-0.570866 0.031813 -0.820426 -110.163407 0.038395 0.999190 0.012029 6.143467 0.820145 -0.024634 -0.571626 31.945563
-0.584384 0.031158 -0.810879 -110.748130 0.036935 0.999248 0.011778 6.144696 0.810636 -0.023067 -0.585095 31.809073
-0.595449 0.031020 -0.802794 -111.240593 0.036221 0.999275 0.011746 6.140137 0.802576 -0.022084 -0.596141 31.709713
-0.605478 0.031185 -0.795251 -111.847130 0.036315 0.999274 0.011537 6.148809 0.795033 -0.021894 -0.606171 31.564377
-0.612961 0.033023 -0.789423 -112.285370 0.038098 0.999199 0.012216 6.150420 0.789194 -0.022587 -0.613729 31.466183
