1.000000 0.000000 0.000000 0.000000 0.000000 1.000000 0.000000 0.000000 0.000000 0.000000 1.000000 0.000000
0.999994 -0.003407 -0.000735 -0.001125 0.003406 0.999993 -0.001476 0.019890 0.000740 0.001474 0.999999 -0.267801
1.000000 -0.000364 -0.000249 -0.020946 0.000364 1.000000 0.000152 -0.002355 0.000249 -0.000152 1.000000 0.036678
0.999996 0.002812 0.000140 -0.046830 -0.002812 0.999996 0.000226 -0.022498 -0.000139 -0.000227 1.000000 0.331160
0.999991 0.004079 0.000762 -0.075676 -0.004079 0.999992 -0.000184 -0.053240 -0.000763 0.000181 1.000000 0.636683
0.999972 0.007407 0.001151 -0.102683 -0.007406 0.999972 -0.000887 -0.062417 -0.001157 0.000878 0.999999 0.947527
0.999965 0.008203 0.001483 -0.102897 -0.008201 0.999965 -0.001359 -0.079589 -0.001494 0.001347 0.999998 1.256984
0.999964 0.008352 0.001504 -0.115268 -0.008350 0.999965 -0.000977 -0.100103 -0.001512 0.000964 0.999998 1.534468
0.999960 0.008607 0.002366 -0.147516 -0.008611 0.999961 0.001712 -0.124824 -0.002351 -0.001733 0.999996 1.811620
0.999950 0.009137 0.003984 -0.159625 -0.009158 0.999945 0.005181 -0.138191 -0.003937 -0.005217 0.999979 2.057505
0.999923 0.010920 0.005953 -0.181888 -0.010967 0.999908 0.008003 -0.139692 -0.005865 -0.008068 0.999950 2.310814
0.999909 0.011556 0.006997 -0.195566 -0.011625 0.999883 0.009907 -0.150517 -0.006881 -0.009988 0.999926 2.551178
0.999890 0.011870 0.008869 -0.236008 -0.011955 0.999883 0.009576 -0.161030 -0.008754 -0.009681 0.999915 2.765742
0.999869 0.012475 0.010292 -0.264510 -0.012549 0.999896 0.007152 -0.164919 -0.010202 -0.007280 0.999921 2.893670
0.999846 0.013147 0.011578 -0.280498 -0.013193 0.999905 0.003941 -0.154403 -0.011525 -0.004093 0.999925 3.011284
0.999839 0.011309 0.013944 -0.329909 -0.011342 0.999933 0.002242 -0.143459 -0.013918 -0.002400 0.999900 3.109200
0.999803 0.010208 0.017055 -0.370138 -0.010201 0.999948 -0.000522 -0.123509 -0.017059 0.000348 0.999854 3.186938
0.999786 0.007652 0.019228 -0.368306 -0.007629 0.999970 -0.001291 -0.125243 -0.019238 0.001144 0.999814 3.279302
0.999696 0.012014 0.021523 -0.397262 -0.011943 0.999923 -0.003409 -0.131891 -0.021562 0.003151 0.999762 3.340739
0.999577 0.015707 0.024484 -0.396002 -0.015606 0.999869 -0.004288 -0.134082 -0.024548 0.003904 0.999691 3.427142
0.999460 0.015725 0.028842 -0.493515 -0.015637 0.999872 -0.003274 -0.139263 -0.028890 0.002821 0.999579 3.525281
0.999407 0.013957 0.031481 -0.398185 -0.013855 0.999898 -0.003453 -0.130463 -0.031526 0.003015 0.999498 3.570017
0.999401 0.008364 0.033576 -0.344507 -0.008247 0.999959 -0.003625 -0.121878 -0.033605 0.003346 0.999430 3.625559
0.999314 0.005720 0.036577 -0.368522 -0.005630 0.999981 -0.002562 -0.120092 -0.036591 0.002354 0.999328 3.661204
0.999213 0.005326 0.039307 -0.385451 -0.005275 0.999985 -0.001401 -0.126429 -0.039314 0.001193 0.999226 3.711035
0.999103 0.006290 0.041879 -0.385538 -0.006189 0.999978 -0.002546 -0.119525 -0.041894 0.002285 0.999120 3.761023
0.999022 0.006782 0.043687 -0.374002 -0.006618 0.999971 -0.003885 -0.121159 -0.043712 0.003593 0.999038 3.801428
0.998904 0.007731 0.046152 -0.360529 -0.007527 0.999961 -0.004576 -0.120041 -0.046185 0.004224 0.998924 3.842619
0.998817 0.009588 0.047665 -0.358456 -0.009354 0.999943 -0.005133 -0.129745 -0.047711 0.004681 0.998850 3.877350
0.998714 0.012846 0.049034 -0.328036 -0.012540 0.999900 -0.006557 -0.134319 -0.049113 0.005933 0.998776 3.903936
0.998666 0.010504 0.050549 -0.328809 -0.010102 0.999915 -0.008196 -0.129992 -0.050631 0.007675 0.998688 3.941942
0.998640 0.008481 0.051437 -0.275273 -0.008015 0.999925 -0.009268 -0.135166 -0.051512 0.008844 0.998633 3.969354
0.998547 0.008615 0.053187 -0.266509 -0.008056 0.999910 -0.010706 -0.130665 -0.053275 0.010262 0.998527 3.998143
0.998478 0.008831 0.054442 -0.255218 -0.008168 0.999890 -0.012388 -0.122351 -0.054545 0.011924 0.998440 4.031668
0.998402 0.008409 0.055885 -0.254241 -0.007630 0.999871 -0.014128 -0.127496 -0.055997 0.013679 0.998337 4.058792
0.998366 0.007464 0.056657 -0.253020 -0.006559 0.999848 -0.016142 -0.121957 -0.056769 0.015744 0.998263 4.091548
0.998304 0.008894 0.057526 -0.248181 -0.007826 0.999793 -0.018759 -0.120128 -0.057681 0.018277 0.998168 4.117540
0.998374 -0.002431 0.056953 -0.261459 0.003484 0.999825 -0.018396 -0.131986 -0.056898 0.018564 0.998207 4.149163
0.998472 -0.001522 0.055237 -0.263256 0.002638 0.999794 -0.020126 -0.124147 -0.055195 0.020241 0.998270 4.181345
0.998677 0.002436 0.051357 -0.162478 -0.001340 0.999771 -0.021364 -0.134397 -0.051397 0.021267 0.998452 4.199207
0.998840 0.003586 0.048012 -0.194360 -0.002491 0.999736 -0.022847 -0.130004 -0.048081 0.022701 0.998585 4.226333
0.999092 0.002148 0.042544 -0.195651 -0.001140 0.999718 -0.023696 -0.129795 -0.042583 0.023626 0.998814 4.249095
0.999323 -0.000757 0.036775 -0.244112 0.001659 0.999698 -0.024503 -0.122492 -0.036745 0.024548 0.999023 4.282361
0.999556 -0.001041 0.029762 -0.249427 0.001798 0.999675 -0.025425 -0.117706 -0.029726 0.025467 0.999234 4.303445
0.999749 -0.001340 0.022340 -0.266613 0.001930 0.999649 -0.026426 -0.123170 -0.022297 0.026463 0.999401 4.326242
0.999908 -0.002774 0.013295 -0.292555 0.003141 0.999613 -0.027660 -0.123936 -0.013213 0.027699 0.999529 4.350255
0.999994 -0.002985 0.001577 -0.313963 0.003030 0.999559 -0.029541 -0.122656 -0.001488 0.029546 0.999562 4.372001
0.999893 -0.002856 -0.014360 -0.319043 0.002396 0.999487 -0.031939 -0.121338 0.014444 0.031901 0.999387 4.383573
0.999472 0.000035 -0.032503 -0.362674 -0.001106 0.999458 -0.032914 -0.120387 0.032484 0.032933 0.998930 4.396562
0.998593 0.001313 -0.053019 -0.407586 -0.003057 0.999456 -0.032824 -0.117991 0.052947 0.032940 0.998054 4.413674
0.997067 0.002689 -0.076480 -0.470849 -0.005114 0.999490 -0.031520 -0.129632 0.076357 0.031818 0.996573 4.492636
0.994728 0.004279 -0.102460 -0.564371 -0.007415 0.999515 -0.030243 -0.128415 0.102281 0.030844 0.994277 4.584376
0.991211 0.004332 -0.132219 -0.651166 -0.008126 0.999570 -0.028170 -0.148057 0.132040 0.028997 0.990820 4.668281
0.986358 0.003428 -0.164580 -0.755926 -0.007645 0.999658 -0.024996 -0.161696 0.164438 0.025913 0.986047 4.762459
0.979575 0.003973 -0.201042 -0.861409 -0.008500 0.999729 -0.021659 -0.164082 0.200902 0.022926 0.979343 4.864274
0.970800 0.005835 -0.239818 -1.076812 -0.010104 0.999811 -0.016577 -0.174640 0.239676 0.018517 0.970676 4.994116
0.959747 0.008992 -0.280723 -1.268429 -0.012924 0.999843 -0.012157 -0.179409 0.280570 0.015296 0.959712 5.120031
0.946520 0.014523 -0.322319 -1.579513 -0.018074 0.999804 -0.008026 -0.185303 0.322140 0.013422 0.946597 5.293965
0.930477 0.016958 -0.365959 -1.762487 -0.019305 0.999810 -0.002756 -0.198696 0.365843 0.009629 0.930627 5.441699
0.911743 0.020255 -0.410262 -1.976856 -0.019984 0.999788 0.004951 -0.215622 0.410276 0.003684 0.911954 5.578276
0.889693 0.025332 -0.455856 -2.208294 -0.022361 0.999679 0.011910 -0.230883 0.456011 -0.000403 0.889974 5.757880
0.864381 0.030539 -0.501910 -2.446763 -0.025711 0.999533 0.016538 -0.240591 0.502180 -0.001391 0.864762 5.928514
0.835206 0.035240 -0.548807 -2.666746 -0.029220 0.999379 0.019703 -0.233506 0.549161 -0.000420 0.835717 6.096416
0.804776 0.038807 -0.592309 -3.029413 -0.032701 0.999244 0.021038 -0.206911 0.592678 0.002438 0.805436 6.233890
0.774252 0.041702 -0.631502 -3.598420 -0.034474 0.999124 0.023712 -0.184632 0.631938 0.003411 0.775011 6.348056
0.742653 0.044881 -0.668171 -4.294309 -0.035704 0.998986 0.027418 -0.147797 0.668724 0.003494 0.743503 6.446785
0.713777 0.043675 -0.699010 -5.110757 -0.031733 0.999046 0.030019 -0.123168 0.699654 0.000755 0.714482 6.498112
0.684320 0.041246 -0.728015 -6.077954 -0.027160 0.999148 0.031077 -0.093273 0.728676 -0.001493 0.684857 6.549115
0.649186 0.042102 -0.759463 -6.814472 -0.025050 0.999109 0.033975 -0.078833 0.760217 -0.003031 0.649662 6.620000
0.610822 0.041253 -0.790693 -7.538693 -0.020389 0.999130 0.036377 -0.049239 0.791505 -0.006098 0.611132 6.714878
0.566991 0.041864 -0.822659 -8.134122 -0.019961 0.999113 0.037086 -0.009826 0.823482 -0.004606 0.567324 6.827177
0.520257 0.041196 -0.853016 -8.755324 -0.021647 0.999151 0.035050 0.044790 0.853735 0.000230 0.520707 6.911703
0.471665 0.039610 -0.880888 -9.426994 -0.016688 0.999213 0.035995 0.069583 0.881620 -0.002277 0.471954 6.985046
0.421935 0.038874 -0.905792 -10.161572 -0.011414 0.999229 0.037567 0.091006 0.906554 -0.005513 0.422053 7.052643
0.373152 0.038588 -0.926968 -11.026185 -0.009193 0.999239 0.037895 0.118840 0.927725 -0.005619 0.373222 7.104380
0.327344 0.043659 -0.943896 -11.945663 -0.009074 0.999031 0.043062 0.165649 0.944862 -0.005531 0.327423 7.114964
0.280643 0.047945 -0.958614 -12.649354 -0.009990 0.998843 0.047032 0.187156 0.959760 -0.003622 0.280797 7.139232
0.237639 0.049630 -0.970085 -13.537033 -0.010029 0.998766 0.048641 0.220456 0.971302 -0.001830 0.237844 7.151652
0.196409 0.050448 -0.979224 -14.308072 -0.010036 0.998727 0.049439 0.241609 0.980471 0.000118 0.196665 7.181066
0.158031 0.048694 -0.986233 -15.246148 -0.009020 0.998813 0.047870 0.288179 0.987393 0.001331 0.158283 7.200344
0.124686 0.045786 -0.991139 -15.738750 -0.012358 0.998929 0.044591 0.289576 0.992119 0.006689 0.125118 7.204210
0.098125 0.045183 -0.994148 -16.775259 -0.015205 0.998920 0.043899 0.349750 0.995058 0.010809 0.098706 7.216236
0.079355 0.048735 -0.995655 -17.736506 -0.017025 0.998725 0.047528 0.397251 0.996701 0.013179 0.080083 7.210847
0.069902 0.053800 -0.996102 -17.981246 -0.014558 0.998493 0.052907 0.427541 0.997448 0.010803 0.070580 7.162371
0.065440 0.056434 -0.996259 -18.108333 -0.011861 0.998373 0.055775 0.432555 0.997786 0.008166 0.066003 7.101011
0.063946 0.054054 -0.996488 -18.385241 -0.011844 0.998503 0.053403 0.455640 0.997883 0.008387 0.064491 7.055489
0.065962 0.049623 -0.996587 -18.550407 -0.006696 0.998762 0.049288 0.488837 0.997800 0.003422 0.066213 7.034553
0.069800 0.047988 -0.996406 -18.687259 0.007682 0.998787 0.048641 0.497998 0.997532 -0.011050 0.069347 7.050742
0.076102 0.047959 -0.995946 -18.668944 0.010239 0.998752 0.048877 0.495409 0.997048 -0.013917 0.075516 7.045477
0.083427 0.046546 -0.995426 -18.771537 0.011855 0.998792 0.047697 0.484957 0.996443 -0.015780 0.082774 6.996434
0.084617 0.039158 -0.995644 -20.256185 0.011723 0.999119 0.040291 0.578679 0.996345 -0.015081 0.084083 7.073471
0.085032 0.030510 -0.995911 -20.374074 0.008426 0.999473 0.031338 0.564139 0.996343 -0.011057 0.084730 7.121941
0.087717 0.024131 -0.995853 -20.431056 0.007335 0.999664 0.024869 0.511541 0.996119 -0.009486 0.087510 7.075679
0.083805 0.019996 -0.996282 -22.078648 -0.001901 0.999800 0.019907 0.612876 0.996480 0.000225 0.083827 7.163278
0.079343 0.026432 -0.996497 -22.834685 -0.012191 0.999599 0.025543 0.613368 0.996773 0.010121 0.079634 7.198060
0.079173 0.036122 -0.996206 -22.930074 -0.017655 0.999237 0.034829 0.556212 0.996705 0.014831 0.079750 7.106135
0.078516 0.045606 -0.995869 -23.028481 -0.018723 0.998844 0.044266 0.569254 0.996737 0.015170 0.079279 7.027204
0.075777 0.055241 -0.995593 -23.270685 -0.022238 0.998309 0.053699 0.608029 0.996877 0.018071 0.076877 7.054247
0.076374 0.062964 -0.995089 -23.433685 -0.021061 0.997883 0.061524 0.630823 0.996857 0.016259 0.077538 7.036200
0.075309 0.063572 -0.995132 -23.679685 -0.020511 0.997853 0.062193 0.660408 0.996949 0.015728 0.076451 7.045240
0.072016 0.060951 -0.995540 -24.567759 -0.021218 0.997999 0.059567 0.710531 0.997178 0.016834 0.073165 7.102183
0.068651 0.055886 -0.996074 -26.184352 -0.023447 0.998244 0.054391 0.793311 0.997365 0.019621 0.069841 7.136073
0.067940 0.050965 -0.996387 -26.377000 -0.021643 0.998535 0.049599 0.799342 0.997455 0.018195 0.068943 7.079438
0.061357 0.046183 -0.997047 -27.881944 -0.024300 0.998702 0.044764 0.883765 0.997820 0.021482 0.062400 7.125484
0.060907 0.046138 -0.997077 -28.258889 -0.022795 0.998735 0.044822 0.830808 0.997883 0.019998 0.061882 7.031853
0.059347 0.049119 -0.997028 -28.342519 -0.022570 0.998599 0.047853 0.813343 0.997982 0.019663 0.060372 6.943865
0.056833 0.054124 -0.996916 -28.476074 -0.024005 0.998315 0.052831 0.821269 0.998095 0.020928 0.058037 6.874670
0.054646 0.057118 -0.996871 -28.606852 -0.023880 0.998152 0.055882 0.822081 0.998220 0.020752 0.055909 6.796035
0.053752 0.060003 -0.996750 -28.710333 -0.029467 0.997853 0.058481 0.846085 0.998120 0.026228 0.055404 6.704419
0.055206 0.062231 -0.996534 -28.832259 -0.038082 0.997461 0.060179 0.871145 0.997749 0.034628 0.057436 6.624763
0.056889 0.064538 -0.996293 -28.982889 -0.043024 0.997140 0.062136 0.881322 0.997453 0.039330 0.059503 6.542851
0.056232 0.063995 -0.996365 -30.712370 -0.044283 0.997122 0.061544 0.972733 0.997435 0.040661 0.058904 6.560411
0.055845 0.062894 -0.996457 -32.155796 -0.045214 0.997150 0.060404 1.045827 0.997415 0.041680 0.058529 6.561443
0.055986 0.062182 -0.996493 -33.515000 -0.048145 0.997066 0.059513 1.111756 0.997270 0.044644 0.058815 6.564904
0.055711 0.061472 -0.996553 -35.055833 -0.050504 0.996999 0.058676 1.184024 0.997169 0.047061 0.058649 6.581493
0.058180 0.059532 -0.996529 -35.192778 -0.054398 0.996926 0.056379 1.211715 0.996823 0.050930 0.061240 6.517892
0.062100 0.056042 -0.996495 -35.269944 -0.062025 0.996709 0.052188 1.222473 0.996141 0.058567 0.065371 6.436865
0.067673 0.055599 -0.996157 -35.419944 -0.065613 0.996533 0.051162 1.249997 0.995548 0.061898 0.071086 6.360158
0.073579 0.060525 -0.995451 -35.591167 -0.066081 0.996259 0.055690 1.244521 0.995098 0.061683 0.077303 6.292609
0.076362 0.063390 -0.995063 -37.495870 -0.067557 0.996013 0.058266 1.337071 0.994789 0.062774 0.080340 6.343709
0.078969 0.062604 -0.994909 -38.971556 -0.065327 0.996206 0.057500 1.407647 0.994734 0.060454 0.082759 6.360628
0.084419 0.062336 -0.994479 -39.019037 -0.068175 0.996064 0.056648 1.413177 0.994096 0.063016 0.088336 6.306142
0.091268 0.064055 -0.993764 -39.076426 -0.073881 0.995614 0.057389 1.414064 0.993082 0.068183 0.095600 6.247827
0.095590 0.065117 -0.993289 -41.288222 -0.078009 0.995279 0.057740 1.519664 0.992359 0.071966 0.100219 6.342214
0.102131 0.065804 -0.992592 -42.651981 -0.081743 0.994990 0.057552 1.561179 0.991407 0.075260 0.106998 6.363257
0.109509 0.065773 -0.991807 -44.049000 -0.086574 0.994648 0.056403 1.616367 0.990209 0.079688 0.114617 6.383896
0.116133 0.065237 -0.991089 -45.729185 -0.087403 0.994641 0.055229 1.685520 0.989381 0.080210 0.121212 6.434748
0.121667 0.064425 -0.990478 -47.184352 -0.085894 0.994831 0.054157 1.740315 0.988847 0.078487 0.126572 6.478105
0.126654 0.064766 -0.989830 -49.450833 -0.086967 0.994749 0.053960 1.844712 0.988127 0.079248 0.131622 6.576023
0.132354 0.066268 -0.988985 -50.708537 -0.085131 0.994836 0.055267 1.877326 0.987540 0.076879 0.137312 6.617317
0.136485 0.067340 -0.988351 -52.488852 -0.085548 0.994761 0.055963 1.956543 0.986942 0.076913 0.141531 6.700428
0.141765 0.067242 -0.987614 -52.666000 -0.084887 0.994841 0.055549 1.949039 0.986254 0.075960 0.146741 6.695190
0.146683 0.062500 -0.987207 -54.205426 -0.084892 0.995115 0.050387 2.009800 0.985534 0.076415 0.151272 6.757652
0.150208 0.057445 -0.986984 -55.783685 -0.085386 0.995334 0.044936 2.072106 0.984960 0.077525 0.154412 6.829137
0.154403 0.056654 -0.986382 -57.279852 -0.084865 0.995425 0.043889 2.122833 0.984357 0.076933 0.158504 6.888866
0.156893 0.058738 -0.985867 -58.756241 -0.084866 0.995339 0.045797 2.167556 0.983963 0.076481 0.161147 6.956042
0.158684 0.058816 -0.985576 -60.247407 -0.085291 0.995309 0.045664 2.210556 0.983639 0.076815 0.162956 7.022203
0.159065 0.059029 -0.985502 -61.824963 -0.086631 0.995195 0.045627 2.265348 0.983460 0.078117 0.163414 7.093084
0.160302 0.059849 -0.985252 -63.348963 -0.087902 0.995060 0.046143 2.313539 0.983146 0.079209 0.164771 7.149087
0.161572 0.059775 -0.985049 -64.973111 -0.088097 0.995052 0.045932 2.360087 0.982921 0.079358 0.166039 7.216895
0.162222 0.057904 -0.985054 -66.565685 -0.089157 0.995054 0.043809 2.406291 0.982718 0.080718 0.166582 7.290805
0.163215 0.055794 -0.985012 -68.051537 -0.085257 0.995463 0.042259 2.440959 0.982900 0.077081 0.167231 7.351625
0.163897 0.055385 -0.984921 -69.962056 -0.082745 0.995676 0.042221 2.499683 0.983001 0.074577 0.167771 7.438543
0.163594 0.055414 -0.984970 -71.731852 -0.079784 0.995894 0.042777 2.558124 0.983297 0.071586 0.167343 7.526633
0.164444 0.058014 -0.984679 -73.345630 -0.078507 0.995872 0.045562 2.591324 0.983257 0.069812 0.168319 7.598124
0.162521 0.062130 -0.984747 -75.029981 -0.080585 0.995517 0.049510 2.643280 0.983409 0.071310 0.166799 7.686225
0.162573 0.062179 -0.984735 -76.613815 -0.081340 0.995460 0.049427 2.695757 0.983338 0.072063 0.166892 7.764255
0.163034 0.060648 -0.984755 -78.123241 -0.083420 0.995382 0.047491 2.734198 0.983088 0.074406 0.167341 7.830864
0.163277 0.057971 -0.984876 -79.781481 -0.081486 0.995654 0.045096 2.793978 0.983210 0.072890 0.167291 7.907695
0.163689 0.056884 -0.984871 -81.454833 -0.080058 0.995809 0.044210 2.849570 0.983258 0.071610 0.167557 7.976912
0.163537 0.058977 -0.984773 -82.991463 -0.081528 0.995605 0.046087 2.873687 0.983163 0.072749 0.167626 8.056508
0.163492 0.061563 -0.984622 -84.552926 -0.080834 0.995531 0.048823 2.913854 0.983227 0.071609 0.167738 8.130769
0.164439 0.063331 -0.984352 -86.211981 -0.079640 0.995531 0.050746 2.991178 0.983167 0.070049 0.168748 8.199716
0.163417 0.064816 -0.984426 -87.650741 -0.084115 0.995121 0.051557 3.000669 0.982965 0.074380 0.168072 8.278308
0.163590 0.062497 -0.984547 -89.246574 -0.083517 0.995286 0.049302 3.061474 0.982987 0.074161 0.168039 8.348162
0.163962 0.060983 -0.984580 -90.884611 -0.081655 0.995501 0.048062 3.117654 0.983081 0.072516 0.168204 8.422126
0.164761 0.062170 -0.984372 -92.453907 -0.082961 0.995348 0.048978 3.160031 0.982838 0.073595 0.169152 8.491241
0.165626 0.064389 -0.984084 -94.034278 -0.080440 0.995423 0.051593 3.221480 0.982903 0.070615 0.170048 8.564605
0.166199 0.066880 -0.983822 -95.528278 -0.079972 0.995325 0.054152 3.258681 0.982844 0.069678 0.170770 8.625177
0.167584 0.068603 -0.983468 -97.249296 -0.081088 0.995155 0.055601 3.340952 0.982517 0.070430 0.172335 8.707273
0.168079 0.070935 -0.983218 -98.782426 -0.084168 0.994798 0.057382 3.405461 0.982174 0.073111 0.173175 8.774374
0.168619 0.069675 -0.983216 -100.424074 -0.084389 0.994857 0.056027 3.481685 0.982062 0.073526 0.173631 8.845961
0.168802 0.066376 -0.983413 -101.760204 -0.088103 0.994752 0.052018 3.512467 0.981704 0.077861 0.173764 8.880829
0.169774 0.064974 -0.983339 -103.406259 -0.088423 0.994804 0.050465 3.575867 0.981508 0.078382 0.174637 8.954404
0.170255 0.063708 -0.983339 -104.987759 -0.089961 0.994745 0.048871 3.637561 0.981285 0.080142 0.175092 9.036749
0.170723 0.063300 -0.983284 -106.578574 -0.088612 0.994877 0.048661 3.708039 0.981326 0.078823 0.175457 9.118856
0.170577 0.065786 -0.983146 -108.090259 -0.089308 0.994694 0.051064 3.749483 0.981289 0.079092 0.175547 9.188267
0.170881 0.067493 -0.982977 -109.586519 -0.088000 0.994710 0.053000 3.797456 0.981354 0.077445 0.175917 9.256507
0.169537 0.067298 -0.983223 -111.188333 -0.092442 0.994353 0.052120 3.861087 0.981179 0.082055 0.174801 9.338760
0.169315 0.069407 -0.983115 -112.911352 -0.098678 0.993699 0.053160 3.944119 0.980610 0.088011 0.175097 9.428854
0.168606 0.069852 -0.983205 -114.390778 -0.102024 0.993365 0.053078 3.970887 0.980389 0.091361 0.174614 9.486099
0.169034 0.066094 -0.983392 -116.001148 -0.101745 0.993589 0.049291 4.030276 0.980344 0.091723 0.174675 9.556839
0.168910 0.062544 -0.983645 -117.628833 -0.103555 0.993587 0.045393 4.100889 0.980177 0.094194 0.174304 9.634253
0.167683 0.061020 -0.983951 -119.199167 -0.100955 0.993898 0.044432 4.136841 0.980658 0.091884 0.172820 9.710847
0.167363 0.060436 -0.984041 -120.986611 -0.099296 0.994077 0.044164 4.193150 0.980882 0.090320 0.172373 9.809602
0.167752 0.061810 -0.983890 -122.926407 -0.099951 0.993956 0.045400 4.260324 0.980749 0.090725 0.172916 9.911851
0.168001 0.065736 -0.983593 -124.635019 -0.100357 0.993731 0.049273 4.321056 0.980665 0.090432 0.173544 9.983374
0.167626 0.066203 -0.983625 -126.347426 -0.101853 0.993566 0.049514 4.384872 0.980575 0.091886 0.173291 10.066070
0.167470 0.062210 -0.983912 -128.120537 -0.102846 0.993664 0.045321 4.450520 0.980498 0.093601 0.172807 10.152124
0.167213 0.058842 -0.984163 -129.906019 -0.104723 0.993630 0.041615 4.516331 0.980343 0.096106 0.172310 10.232946
0.167550 0.057154 -0.984206 -131.681222 -0.104927 0.993682 0.039842 4.580339 0.980264 0.096594 0.172488 10.309793
0.167510 0.058760 -0.984118 -133.298074 -0.106678 0.993441 0.041159 4.623430 0.980082 0.098090 0.172680 10.379945
0.165747 0.064102 -0.984083 -134.865759 -0.109781 0.992882 0.046185 4.660037 0.980039 0.100379 0.171604 10.459044
0.166230 0.068209 -0.983725 -136.723833 -0.116087 0.992021 0.049168 4.727939 0.979230 0.106024 0.172822 10.535017
0.166868 0.069320 -0.983540 -138.363296 -0.123899 0.991093 0.048832 4.784774 0.978164 0.113711 0.173971 10.592095
0.166721 0.068018 -0.983655 -139.972389 -0.127050 0.990783 0.046977 4.844150 0.977784 0.117141 0.173826 10.662062
0.166612 0.067902 -0.983682 -141.661574 -0.132251 0.990151 0.045949 4.890446 0.977113 0.122438 0.173951 10.741691
0.165681 0.067374 -0.983875 -143.245185 -0.132070 0.990193 0.045566 4.935824 0.977296 0.122390 0.172955 10.817771
0.165778 0.066977 -0.983886 -144.973000 -0.133730 0.990002 0.044861 4.982424 0.977054 0.124138 0.173077 10.904420
0.164980 0.068035 -0.983948 -146.941963 -0.135274 0.989751 0.045755 5.040111 0.976976 0.125554 0.172492 11.009974
0.168017 0.072674 -0.983102 -148.787500 -0.133563 0.989761 0.050340 5.110257 0.976694 0.122848 0.176003 11.051964
0.167712 0.076870 -0.982835 -150.538630 -0.132395 0.989680 0.054813 5.163094 0.976905 0.120930 0.176158 11.125647
0.167986 0.075766 -0.982873 -152.229815 -0.134445 0.989487 0.053297 5.236269 0.976578 0.123189 0.176406 11.211826
0.166912 0.074464 -0.983156 -153.641222 -0.133773 0.989634 0.052244 5.283889 0.976855 0.122799 0.175143 11.297086
0.168980 0.073907 -0.982845 -155.378185 -0.132956 0.989779 0.051570 5.345876 0.976611 0.121961 0.177079 11.373091
0.169731 0.073427 -0.982751 -157.066056 -0.133251 0.989772 0.050938 5.399885 0.976440 0.122307 0.177779 11.452266
0.170852 0.075497 -0.982400 -158.781426 -0.134274 0.989542 0.052694 5.466161 0.976105 0.122908 0.179202 11.529173
0.172581 0.080190 -0.981726 -160.421796 -0.139706 0.988597 0.056192 5.526000 0.975038 0.127455 0.181816 11.603228
0.174252 0.081307 -0.981339 -162.156389 -0.140737 0.988410 0.056902 5.595787 0.974592 0.128195 0.183676 11.682484
0.175199 0.079134 -0.981348 -163.948667 -0.142261 0.988339 0.054300 5.679920 0.974201 0.130094 0.184414 11.769770
0.175618 0.076276 -0.981499 -165.382852 -0.141314 0.988622 0.051545 5.724235 0.974263 0.129647 0.184398 11.814028
0.175479 0.073884 -0.981707 -167.101537 -0.137807 0.989205 0.049815 5.799624 0.974791 0.126545 0.183766 11.919085
0.175141 0.073348 -0.981807 -168.758556 -0.136911 0.989346 0.049488 5.847957 0.974978 0.125752 0.183317 12.002078
0.174568 0.073361 -0.981908 -170.298352 -0.134455 0.989656 0.050035 5.894693 0.975422 0.123288 0.182626 12.078914
0.174165 0.072765 -0.982024 -171.955852 -0.136689 0.989398 0.049069 5.944152 0.975183 0.125685 0.182264 12.168446
0.174463 0.072700 -0.981976 -173.517148 -0.135297 0.989582 0.049225 6.002330 0.975324 0.124270 0.182481 12.235055
0.174795 0.074608 -0.981774 -175.077722 -0.133822 0.989672 0.051383 6.064819 0.975468 0.122401 0.182974 12.297107
0.173598 0.075945 -0.981884 -176.929019 -0.133920 0.989581 0.052863 6.141928 0.975669 0.122317 0.181960 12.413455
0.173395 0.074256 -0.982049 -178.616167 -0.132624 0.989831 0.051428 6.198337 0.975882 0.121326 0.181480 12.496010
0.173610 0.074694 -0.981978 -180.275185 -0.134448 0.989581 0.051503 6.262722 0.975594 0.123083 0.181844 12.559012
0.173907 0.079803 -0.981523 -181.896185 -0.136414 0.989054 0.056245 6.317778 0.975268 0.124112 0.182890 12.629925
0.171875 0.088354 -0.981148 -183.893833 -0.143766 0.987556 0.063747 6.398269 0.974572 0.130099 0.182439 12.774656
0.178242 0.088712 -0.979980 -185.249074 -0.149078 0.986866 0.062221 6.473207 0.972628 0.135003 0.189126 12.759876
0.179858 0.085837 -0.979940 -186.952222 -0.153036 0.986498 0.058324 6.563774 0.971715 0.139476 0.190566 12.836291
0.182307 0.081022 -0.979898 -188.617963 -0.153719 0.986693 0.052985 6.626472 0.971151 0.140969 0.192335 12.903937
0.183419 0.079917 -0.979781 -190.266111 -0.156450 0.986360 0.051165 6.691306 0.970506 0.143902 0.193420 12.981335
0.185046 0.076519 -0.979746 -191.949815 -0.154308 0.986860 0.047930 6.754783 0.970540 0.142313 0.194421 13.065106
0.186153 0.071969 -0.979881 -193.624815 -0.151284 0.987520 0.043790 6.811424 0.970804 0.140088 0.194718 13.145107
0.187363 0.068054 -0.979931 -195.112593 -0.147003 0.988305 0.040528 6.850667 0.971229 0.136459 0.195176 13.198507
0.188906 0.070284 -0.979477 -196.929630 -0.143879 0.988652 0.043193 6.908646 0.971398 0.132767 0.196875 13.279869
0.189572 0.076473 -0.978884 -198.717593 -0.144329 0.988303 0.049258 6.965446 0.971201 0.131943 0.198392 13.379710
0.190208 0.080147 -0.978467 -200.502037 -0.144356 0.988112 0.052875 7.023643 0.971073 0.131190 0.199516 13.483746
0.192907 0.077411 -0.978159 -202.018704 -0.147158 0.987891 0.049160 7.077757 0.970119 0.134461 0.201962 13.542709
0.194132 0.078270 -0.977848 -203.556111 -0.151060 0.987308 0.049037 7.130917 0.969275 0.138194 0.203491 13.621986
0.195232 0.079357 -0.977541 -205.374074 -0.150183 0.987385 0.050162 7.192687 0.969190 0.137017 0.204687 13.726276
0.196291 0.077603 -0.977470 -206.938333 -0.152928 0.987088 0.047656 7.242691 0.968547 0.140128 0.205624 13.807481
0.198171 0.076643 -0.977166 -208.741111 -0.155488 0.986773 0.045864 7.307343 0.967756 0.142849 0.207466 13.919764
0.200237 0.079458 -0.976520 -209.922593 -0.159646 0.986031 0.047496 7.321402 0.966653 0.146387 0.210125 13.983349
0.200580 0.081713 -0.976264 -210.257222 -0.159977 0.985871 0.049648 7.321535 0.966527 0.146222 0.210818 14.017212
0.201149 0.084007 -0.975952 -211.897778 -0.162474 0.985377 0.051332 7.363213 0.965992 0.148242 0.211857 14.116054
0.201926 0.084951 -0.975710 -213.434630 -0.161235 0.985522 0.052437 7.396669 0.966038 0.146731 0.212700 14.203712
0.202410 0.085902 -0.975526 -214.587037 -0.161192 0.985481 0.053333 7.426141 0.965944 0.146452 0.213318 14.255600
0.203851 0.084678 -0.975333 -216.277222 -0.160150 0.985716 0.052107 7.493233 0.965814 0.145578 0.214501 14.362369
0.206678 0.084820 -0.974726 -216.945556 -0.160076 0.985743 0.051837 7.528269 0.965225 0.145317 0.217309 14.377856
0.207601 0.085871 -0.974437 -218.367963 -0.161129 0.985535 0.052521 7.570283 0.964852 0.146107 0.218435 14.479652
0.209534 0.084216 -0.974168 -219.611296 -0.161820 0.985533 0.050393 7.618644 0.964318 0.147081 0.220130 14.529316
0.207809 0.080704 -0.974835 -220.955926 -0.159234 0.986088 0.047691 7.671506 0.965122 0.145317 0.217769 14.601838
0.203565 0.077792 -0.975966 -222.111667 -0.160029 0.986076 0.045219 7.700698 0.965894 0.146978 0.213179 14.663565
0.199046 0.075215 -0.977100 -223.594074 -0.162248 0.985820 0.042835 7.749189 0.966466 0.150007 0.208427 14.754096
0.195011 0.074442 -0.977972 -225.061667 -0.163124 0.985690 0.042502 7.796317 0.967141 0.151242 0.204364 14.841333
0.191753 0.075447 -0.978539 -226.294444 -0.164756 0.985366 0.043688 7.821559 0.967516 0.152843 0.201377 14.914832
0.189332 0.076906 -0.978897 -227.538333 -0.163948 0.985409 0.045708 7.849143 0.968129 0.151834 0.199179 14.993667
0.187160 0.078419 -0.979194 -228.766852 -0.161982 0.985627 0.047973 7.878639 0.968882 0.149633 0.197172 15.072032
0.185040 0.078942 -0.979555 -229.966481 -0.160949 0.985744 0.049037 7.911122 0.969461 0.148585 0.195108 15.145040
0.184334 0.077986 -0.979765 -231.161481 -0.161569 0.985691 0.048060 7.954033 0.969493 0.149440 0.194296 15.206643
0.185856 0.076973 -0.979557 -232.468333 -0.163101 0.985513 0.046496 8.006206 0.968946 0.151125 0.195718 15.255589
0.187162 0.076722 -0.979329 -233.602963 -0.166563 0.984988 0.045333 8.051144 0.968105 0.154635 0.197131 15.304934
0.187439 0.075591 -0.979364 -234.884074 -0.168861 0.984671 0.043682 8.086643 0.967653 0.157189 0.197330 15.377737
0.188550 0.073410 -0.979316 -236.177222 -0.169354 0.984693 0.041207 8.129411 0.967351 0.158082 0.198096 15.450086
0.189000 0.070743 -0.979425 -237.391667 -0.168566 0.984934 0.038613 8.158324 0.967401 0.157800 0.198077 15.515572
0.189665 0.070122 -0.979342 -238.597593 -0.168727 0.984936 0.037846 8.189322 0.967243 0.158064 0.198639 15.578125
0.189702 0.072369 -0.979171 -239.902037 -0.166059 0.985278 0.040649 8.224487 0.967697 0.154889 0.198927 15.659897
0.190193 0.073135 -0.979019 -241.092593 -0.166028 0.985254 0.041347 8.253494 0.967606 0.154681 0.199531 15.714491
0.191886 0.068329 -0.979036 -242.284815 -0.159877 0.986424 0.037510 8.282396 0.968307 0.149327 0.200205 15.777558
0.190818 0.065884 -0.979412 -243.850926 -0.157498 0.986874 0.035701 8.329435 0.968908 0.147443 0.198690 15.899323
0.192337 0.066537 -0.979071 -245.028333 -0.162072 0.986152 0.035179 8.361691 0.967853 0.151913 0.200457 15.945525
0.193923 0.070203 -0.978502 -246.183889 -0.162950 0.985885 0.038439 8.386422 0.967389 0.151992 0.202625 15.997063
0.195402 0.069728 -0.978241 -247.542222 -0.160757 0.986255 0.038189 8.420626 0.967458 0.149797 0.203925 16.084019
0.197120 0.070245 -0.977860 -248.829074 -0.159169 0.986489 0.038779 8.462872 0.967372 0.148001 0.205637 16.161001
0.199524 0.074887 -0.977027 -250.109630 -0.160552 0.986099 0.042795 8.500791 0.966650 0.148325 0.208774 16.222264
0.201283 0.078250 -0.976403 -251.681667 -0.156709 0.986537 0.046757 8.551374 0.966917 0.143599 0.210835 16.333331
0.201686 0.078943 -0.976264 -253.090556 -0.156098 0.986597 0.047530 8.592552 0.966931 0.142807 0.211306 16.421216
0.204647 0.079904 -0.975569 -254.415926 -0.159593 0.986050 0.047284 8.651093 0.965738 0.146018 0.214544 16.490169
0.207090 0.082296 -0.974854 -255.762963 -0.162543 0.985501 0.048665 8.690437 0.964725 0.148377 0.217463 16.569333
0.210345 0.082756 -0.974118 -257.153148 -0.162599 0.985494 0.048611 8.742754 0.964011 0.148165 0.220750 16.657925
0.213552 0.081023 -0.973566 -258.504074 -0.166003 0.985072 0.045568 8.786456 0.962725 0.151884 0.223814 16.733866
0.214841 0.078096 -0.973522 -260.003704 -0.166349 0.985158 0.042319 8.837228 0.962378 0.152853 0.224643 16.857860
0.216970 0.077227 -0.973119 -261.227778 -0.165314 0.985374 0.041340 8.866648 0.962079 0.151900 0.226564 16.923179
0.218641 0.079080 -0.972596 -262.441296 -0.165194 0.985324 0.042979 8.907474 0.961721 0.151271 0.228495 16.987504
0.219778 0.082364 -0.972067 -264.011667 -0.168476 0.984662 0.045340 8.968157 0.960892 0.153805 0.230284 17.105391
0.222030 0.081922 -0.971592 -265.560926 -0.166992 0.984936 0.044886 9.017348 0.960633 0.152282 0.232365 17.193665
0.223221 0.078619 -0.971592 -267.213889 -0.166251 0.985209 0.041525 9.087344 0.960486 0.152259 0.232989 17.305261
0.224574 0.075603 -0.971520 -268.942778 -0.164431 0.985629 0.038691 9.135733 0.960484 0.151059 0.233778 17.402116
0.224167 0.074462 -0.971702 -270.587778 -0.163823 0.985767 0.037747 9.184856 0.960683 0.150725 0.233176 17.518394
0.224258 0.073358 -0.971765 -272.290741 -0.163011 0.985937 0.036810 9.229767 0.960800 0.150153 0.233062 17.640574
0.225239 0.073204 -0.971549 -273.815370 -0.162406 0.986043 0.036645 9.268604 0.960672 0.149532 0.233985 17.736424
0.225849 0.074375 -0.971319 -275.347593 -0.164938 0.985605 0.037118 9.316652 0.960098 0.151824 0.234865 17.833797
0.226262 0.076502 -0.971058 -276.995000 -0.164910 0.985529 0.039218 9.360991 0.960005 0.151263 0.235603 17.944454
0.227823 0.077942 -0.970578 -278.394815 -0.164233 0.985586 0.040597 9.406617 0.959752 0.150152 0.237340 17.998859
0.227568 0.079914 -0.970477 -280.059444 -0.165339 0.985326 0.042367 9.465407 0.959623 0.150817 0.237441 18.110547
0.226933 0.081478 -0.970496 -281.562407 -0.166719 0.985035 0.043715 9.507002 0.959534 0.151880 0.237121 18.202039
0.227354 0.080339 -0.970493 -283.052778 -0.168109 0.984867 0.042147 9.566920 0.959192 0.153566 0.237419 18.284945
0.226647 0.075420 -0.971052 -284.278333 -0.166707 0.985289 0.037616 9.604474 0.959604 0.153356 0.235886 18.369644
0.227075 0.069472 -0.971396 -285.813704 -0.167684 0.985345 0.031272 9.655035 0.959333 0.155787 0.235397 18.462476
0.226744 0.064283 -0.971831 -287.118704 -0.164708 0.985978 0.026789 9.689743 0.959926 0.153994 0.234153 18.534458
0.226098 0.063567 -0.972028 -288.821111 -0.159544 0.986810 0.027423 9.724300 0.960951 0.148881 0.233257 18.647588
0.226601 0.065901 -0.971756 -288.991111 -0.157623 0.987038 0.030182 9.733467 0.961149 0.146332 0.234052 18.663075
0.226742 0.066837 -0.971659 -289.132778 -0.153942 0.987561 0.032008 9.749939 0.961712 0.142322 0.234211 18.652934
0.227658 0.065267 -0.971552 -289.418148 -0.150790 0.988078 0.031044 9.769437 0.961995 0.139433 0.234785 18.663491
0.228421 0.065053 -0.971387 -289.669630 -0.149087 0.988334 0.031131 9.795163 0.962080 0.137710 0.235454 18.662378
0.227129 0.066471 -0.971594 -289.768333 -0.148666 0.988341 0.032863 9.796031 0.962450 0.136979 0.234363 18.662551
0.226075 0.066374 -0.971846 -289.936852 -0.147347 0.988526 0.033236 9.804907 0.962901 0.135685 0.233261 18.649132
0.224753 0.065304 -0.972225 -290.246296 -0.148183 0.988438 0.032137 9.829437 0.963082 0.136844 0.231831 18.638726
0.223337 0.065469 -0.972540 -290.467407 -0.149947 0.988173 0.032087 9.849096 0.963139 0.138664 0.230512 18.619718
0.222330 0.066803 -0.972680 -290.752407 -0.150423 0.988055 0.033476 9.869822 0.963298 0.138870 0.229723 18.596547
0.220869 0.067144 -0.972990 -292.179630 -0.152096 0.987793 0.033640 9.910770 0.963371 0.140558 0.228385 18.672255
0.219067 0.068151 -0.973327 -293.916481 -0.154017 0.987467 0.034477 9.955717 0.963477 0.142356 0.226818 18.774655
0.216788 0.070503 -0.973669 -295.652593 -0.156083 0.987061 0.036721 9.995548 0.963660 0.144012 0.224988 18.886030
0.215587 0.071294 -0.973879 -297.225741 -0.157781 0.986769 0.037310 10.040043 0.963653 0.145616 0.223983 18.977787
0.215432 0.072110 -0.973853 -298.552222 -0.161489 0.986169 0.037298 10.074261 0.963073 0.149232 0.224098 19.048403
0.215876 0.072449 -0.973729 -300.445556 -0.162593 0.985987 0.037314 10.115869 0.962788 0.150266 0.224631 19.169266
0.216151 0.070931 -0.973780 -302.128148 -0.161816 0.986167 0.035915 10.155389 0.962857 0.149810 0.224639 19.267924
0.215860 0.069371 -0.973957 -303.777963 -0.158575 0.986722 0.035135 10.189085 0.963462 0.146861 0.223995 19.384288
0.215268 0.068452 -0.974153 -305.242778 -0.154837 0.987314 0.035161 10.205044 0.964202 0.143266 0.223136 19.472114
0.214336 0.069142 -0.974310 -307.330926 -0.154988 0.987262 0.035965 10.243704 0.964385 0.143298 0.222322 19.635080
0.217100 0.068783 -0.973723 -307.511111 -0.153800 0.987465 0.035462 10.263172 0.963957 0.142060 0.224958 19.562812
0.217345 0.069240 -0.973636 -309.087778 -0.152922 0.987579 0.036094 10.296011 0.964041 0.141046 0.225234 19.655530
0.218073 0.069663 -0.973443 -310.596296 -0.151749 0.987738 0.036691 10.327346 0.964063 0.139717 0.225970 19.739873
0.217027 0.071786 -0.973523 -312.448704 -0.147625 0.988236 0.039961 10.367589 0.964939 0.135044 0.225071 19.886845
0.220112 0.073624 -0.972692 -312.642778 -0.143736 0.988711 0.042310 10.391843 0.964827 0.130498 0.228210 19.818853
0.219870 0.075730 -0.972585 -314.200556 -0.141145 0.988961 0.045097 10.428839 0.965264 0.127360 0.228132 19.928576
0.219333 0.074451 -0.972805 -315.976852 -0.141181 0.989012 0.043860 10.483091 0.965381 0.127721 0.227434 20.056302
0.219361 0.073639 -0.972861 -317.598704 -0.143848 0.988691 0.042402 10.524028 0.964981 0.130643 0.227474 20.157849
0.219284 0.077537 -0.972575 -319.198333 -0.149777 0.987696 0.044973 10.567485 0.964096 0.135808 0.228199 20.249870
0.218861 0.084571 -0.972084 -320.767037 -0.156154 0.986433 0.050662 10.619400 0.963180 0.140707 0.229098 20.344300
0.219108 0.085085 -0.971984 -322.372037 -0.160470 0.985768 0.050118 10.671796 0.962414 0.144993 0.229643 20.441360
0.219256 0.078653 -0.972492 -323.962037 -0.159890 0.986167 0.043710 10.717344 0.962477 0.145908 0.228799 20.544786
0.218556 0.072449 -0.973131 -325.733148 -0.156641 0.986913 0.038295 10.772839 0.963170 0.144063 0.227044 20.661745
0.218050 0.070382 -0.973396 -327.530185 -0.149497 0.988034 0.037952 10.807139 0.964419 0.137244 0.225962 20.792236
0.219953 0.071033 -0.972921 -329.035370 -0.147136 0.988351 0.038896 10.839448 0.964350 0.134597 0.227842 20.873705
0.221907 0.072487 -0.972370 -330.618704 -0.145731 0.988498 0.040432 10.876900 0.964116 0.132732 0.229918 20.964593
0.221355 0.075386 -0.972275 -332.361111 -0.146857 0.988214 0.043187 10.911169 0.964072 0.133226 0.229817 21.101143
0.222619 0.076957 -0.971863 -334.010000 -0.147186 0.988106 0.044529 10.959361 0.963731 0.133131 0.231298 21.201172
0.223903 0.078162 -0.971472 -335.411481 -0.148053 0.987939 0.045364 11.000087 0.963301 0.133672 0.232775 21.280736
0.225512 0.077407 -0.971160 -336.890741 -0.147671 0.988037 0.044461 11.047409 0.962984 0.133385 0.234245 21.360040
0.225625 0.075992 -0.971246 -338.425556 -0.146705 0.988235 0.043241 11.087030 0.963105 0.132730 0.234119 21.462403
0.226587 0.074598 -0.971130 -340.065741 -0.146763 0.988294 0.041674 11.139231 0.962870 0.133083 0.234882 21.555796
0.226549 0.074078 -0.971179 -341.692593 -0.146718 0.988322 0.041161 11.183141 0.962886 0.133164 0.234772 21.662932
0.226854 0.073844 -0.971125 -343.329074 -0.147811 0.988182 0.040612 11.231978 0.962647 0.134330 0.235088 21.771990
0.228406 0.074399 -0.970719 -344.823704 -0.148822 0.988026 0.040709 11.266624 0.962124 0.135166 0.236743 21.848416
0.227779 0.074608 -0.970850 -346.568519 -0.147869 0.988147 0.041245 11.310294 0.962420 0.134164 0.236111 21.982271
0.228392 0.072637 -0.970856 -348.004074 -0.147092 0.988340 0.039342 11.352104 0.962393 0.133820 0.236414 22.056014
0.227373 0.070511 -0.971252 -349.587407 -0.147265 0.988394 0.037281 11.388811 0.962608 0.134555 0.235118 22.171072
0.227421 0.068104 -0.971412 -351.139815 -0.149572 0.988157 0.034261 11.433107 0.962241 0.137504 0.234914 22.261819
0.227541 0.067443 -0.971430 -352.732407 -0.151640 0.987883 0.033066 11.468446 0.961889 0.139784 0.235011 22.356556
0.227739 0.067744 -0.971363 -354.385926 -0.153846 0.987550 0.032803 11.497646 0.961492 0.141970 0.235325 22.459669
0.227671 0.069651 -0.971244 -356.121296 -0.157456 0.986945 0.033868 11.533965 0.960923 0.145217 0.235666 22.574948
0.227820 0.071072 -0.971106 -357.808704 -0.160358 0.986453 0.034575 11.576537 0.960408 0.147848 0.236130 22.670815
0.227865 0.071090 -0.971094 -359.586481 -0.160907 0.986368 0.034452 11.615844 0.960305 0.148406 0.236198 22.787384
0.228314 0.069040 -0.971137 -361.421852 -0.161000 0.986427 0.032276 11.651920 0.960183 0.148984 0.236330 22.903312
0.228493 0.066597 -0.971265 -363.141481 -0.159687 0.986709 0.030089 11.682474 0.960360 0.148223 0.236091 23.013245
0.227319 0.065583 -0.971610 -365.008148 -0.158143 0.986972 0.029621 11.723250 0.960894 0.146920 0.234729 23.154525
0.224886 0.066980 -0.972080 -366.744259 -0.156140 0.987220 0.031901 11.740193 0.961793 0.144606 0.232470 23.297674
0.225297 0.068246 -0.971897 -368.431667 -0.155594 0.987261 0.033256 11.769626 0.961786 0.143729 0.233045 23.395991
0.226768 0.068614 -0.971529 -369.962778 -0.158964 0.986746 0.032585 11.802180 0.960889 0.147049 0.234669 23.468924
0.227443 0.067574 -0.971444 -371.840370 -0.160576 0.986536 0.031028 11.849213 0.960461 0.148934 0.235232 23.590310
0.229426 0.067649 -0.970972 -373.344444 -0.160011 0.986630 0.030932 11.866570 0.960083 0.148270 0.237184 23.671645
0.230411 0.066433 -0.970823 -375.016667 -0.157920 0.986994 0.030059 11.898487 0.960194 0.146386 0.237906 23.783836
0.230114 0.067014 -0.970854 -376.637037 -0.155217 0.987382 0.031365 11.911576 0.960705 0.143476 0.237612 23.899082
0.230241 0.067262 -0.970806 -378.287963 -0.151738 0.987888 0.032458 11.932172 0.961231 0.139835 0.237659 24.012650
0.230107 0.067089 -0.970850 -379.927407 -0.148964 0.988292 0.032988 11.960626 0.961697 0.137031 0.237407 24.129365
0.231360 0.066354 -0.970603 -381.495185 -0.147973 0.988464 0.032304 11.985070 0.961549 0.136149 0.238510 24.230524
