1.000000 0.000000 0.000000 0.000000 0.000000 1.000000 0.000000 0.000000 0.000000 0.000000 1.000000 0.000000
0.999995 0.000708 0.003079 -0.092131 -0.000705 0.999999 -0.000912 -0.004034 -0.003079 0.000909 0.999995 -0.291271
1.000000 -0.000176 0.000916 -0.071568 0.000177 1.000000 -0.000358 -0.005555 -0.000916 0.000358 1.000000 1.545286
1.000000 -0.000696 -0.000701 -0.067202 0.000696 1.000000 0.000078 -0.016956 0.000700 -0.000079 1.000000 3.409752
0.999996 -0.001117 -0.002748 -0.026669 0.001111 0.999997 -0.002234 -0.020039 0.002751 0.002231 0.999994 5.276609
0.999999 -0.000516 -0.001606 -0.057510 0.000515 1.000000 -0.000774 -0.036259 0.001607 0.000773 0.999998 6.672711
1.000000 0.000440 -0.000296 -0.085088 -0.000440 1.000000 -0.000762 -0.042221 0.000295 0.000762 1.000000 8.457967
0.999994 -0.001489 -0.003231 -0.013162 0.001494 0.999998 0.001391 -0.053069 0.003229 -0.001395 0.999994 10.271743
0.999990 -0.000854 -0.004294 0.040413 0.000863 0.999998 0.002020 -0.056440 0.004292 -0.002024 0.999989 10.439470
0.999982 -0.000344 -0.005896 0.086361 0.000345 1.000000 0.000227 -0.057583 0.005896 -0.000229 0.999983 10.641270
0.999978 0.002389 -0.006156 0.216022 -0.002402 0.999995 -0.002164 -0.058953 0.006151 0.002178 0.999979 10.784226
0.999977 0.002184 -0.006479 0.293750 -0.002190 0.999997 -0.000843 -0.068248 0.006478 0.000857 0.999979 10.919796
0.999959 0.002698 -0.008667 0.395312 -0.002697 0.999996 0.000140 -0.075435 0.008667 -0.000116 0.999962 11.124493
0.999905 0.005740 -0.012498 0.538758 -0.005746 0.999983 -0.000467 -0.070329 0.012495 0.000539 0.999922 11.355731
0.999920 0.000495 -0.012627 0.623386 -0.000434 0.999988 0.004829 -0.083007 0.012629 -0.004823 0.999909 11.418583
0.999909 -0.004712 -0.012615 0.696464 0.004799 0.999965 0.006882 -0.086745 0.012582 -0.006942 0.999897 11.495274
0.999875 -0.008569 -0.013271 0.760112 0.008649 0.999945 0.006000 -0.092233 0.013219 -0.006114 0.999894 11.655887
0.999882 -0.010529 -0.011191 0.780608 0.010589 0.999930 0.005344 -0.097210 0.011134 -0.005461 0.999923 11.765678
0.999920 -0.009171 -0.008761 0.739489 0.009208 0.999949 0.004226 -0.098173 0.008722 -0.004307 0.999953 11.891078
0.999946 -0.006541 -0.008089 0.777636 0.006593 0.999958 0.006410 -0.098055 0.008047 -0.006463 0.999947 11.940811
0.999955 -0.007178 -0.006184 0.802071 0.007234 0.999933 0.009022 -0.095188 0.006119 -0.009067 0.999940 11.978863
0.999904 -0.011927 -0.007097 0.858213 0.012011 0.999857 0.011933 -0.092147 0.006954 -0.012017 0.999904 12.150752
0.999890 -0.014087 -0.004730 0.873966 0.014142 0.999828 0.011966 -0.096365 0.004561 -0.012031 0.999917 12.234685
0.999812 -0.019336 -0.001190 0.852917 0.019348 0.999754 0.010856 -0.102807 0.000980 -0.010877 0.999940 12.237226
0.999757 -0.022046 0.000035 0.902296 0.022044 0.999678 0.012548 -0.115819 -0.000312 -0.012544 0.999921 12.482215
0.999689 -0.024681 0.003502 0.896392 0.024638 0.999626 0.011869 -0.118170 -0.003794 -0.011780 0.999923 12.572696
0.999682 -0.024280 0.006767 0.908005 0.024211 0.999655 0.010176 -0.117256 -0.007012 -0.010009 0.999925 12.613989
0.999715 -0.022241 0.008628 0.886986 0.022149 0.999699 0.010598 -0.116234 -0.008862 -0.010404 0.999907 12.689837
0.999598 -0.027188 0.008009 0.926915 0.027070 0.999529 0.014449 -0.126022 -0.008398 -0.014226 0.999864 12.774581
0.999632 -0.024870 0.010797 0.903317 0.024713 0.999591 0.014408 -0.120493 -0.011150 -0.014136 0.999838 12.784041
0.999716 -0.022337 0.008352 1.011820 0.022207 0.999636 0.015313 -0.121743 -0.008691 -0.015123 0.999848 12.860780
0.999753 -0.018968 0.011551 0.963748 0.018788 0.999702 0.015568 -0.123802 -0.011843 -0.015347 0.999812 12.893454
0.999757 -0.017581 0.013262 0.936143 0.017369 0.999722 0.015918 -0.122993 -0.013538 -0.015684 0.999785 12.962193
0.999739 -0.017482 0.014682 0.961003 0.017240 0.999716 0.016445 -0.124966 -0.014965 -0.016188 0.999757 12.990259
0.999665 -0.019912 0.016532 0.943909 0.019616 0.999648 0.017854 -0.129343 -0.016882 -0.017524 0.999704 13.019809
0.999570 -0.021544 0.019898 0.918660 0.021200 0.999624 0.017376 -0.131376 -0.020265 -0.016946 0.999651 13.008802
0.999546 -0.021803 0.020790 0.880764 0.021438 0.999615 0.017620 -0.127183 -0.021166 -0.017166 0.999629 13.101896
0.999520 -0.023095 0.020653 0.910322 0.022709 0.999566 0.018748 -0.126346 -0.021077 -0.018270 0.999611 13.155298
0.999559 -0.022145 0.019788 0.987252 0.021757 0.999571 0.019605 -0.133196 -0.020214 -0.019166 0.999612 13.229648
0.999420 -0.027035 0.020732 0.992503 0.026641 0.999463 0.019074 -0.123611 -0.021236 -0.018511 0.999603 13.293231
0.999313 -0.031362 0.019773 1.029410 0.030953 0.999306 0.020700 -0.125183 -0.020409 -0.020074 0.999590 13.404024
0.999221 -0.034050 0.019926 1.065418 0.033576 0.999156 0.023653 -0.130886 -0.020715 -0.022966 0.999522 13.510893
0.999132 -0.037066 0.018995 1.102333 0.036615 0.999051 0.023571 -0.133314 -0.019851 -0.022855 0.999542 13.604267
0.998857 -0.043597 0.019580 1.133779 0.043071 0.998720 0.026518 -0.144076 -0.020711 -0.025645 0.999457 13.661722
0.998631 -0.048172 0.020391 1.163647 0.047576 0.998452 0.028809 -0.149459 -0.021747 -0.027799 0.999377 13.682669
0.998545 -0.048686 0.023166 1.155396 0.048008 0.998426 0.028986 -0.149353 -0.024541 -0.027832 0.999311 13.679807
0.998268 -0.053105 0.025315 1.161198 0.052305 0.998141 0.031271 -0.151156 -0.026929 -0.029892 0.999190 13.680546
0.998004 -0.057238 0.026683 1.146016 0.056390 0.997912 0.031505 -0.152286 -0.028430 -0.029937 0.999147 13.725741
0.997835 -0.057944 0.031110 1.128575 0.056956 0.997872 0.031741 -0.158302 -0.032883 -0.029900 0.999012 13.690850
0.997598 -0.061222 0.032403 1.155649 0.060209 0.997692 0.031378 -0.155365 -0.034249 -0.029351 0.998982 13.705246
0.997678 -0.059987 0.032244 1.182946 0.058921 0.997716 0.033029 -0.161763 -0.034152 -0.031052 0.998934 13.776257
0.997761 -0.055522 0.037282 1.169743 0.054242 0.997931 0.034517 -0.164446 -0.039121 -0.032418 0.998708 13.709798
0.997880 -0.053048 0.037692 1.186707 0.051699 0.998017 0.035908 -0.162480 -0.039522 -0.033884 0.998644 13.733511
0.997981 -0.050163 0.038948 1.196516 0.048752 0.998148 0.036371 -0.161899 -0.040701 -0.034399 0.998579 13.775315
0.998109 -0.046684 0.039993 1.214903 0.045194 0.998278 0.037382 -0.163729 -0.041669 -0.035504 0.998501 13.801522
0.998085 -0.043059 0.044422 1.165028 0.041449 0.998471 0.036560 -0.166693 -0.045928 -0.034649 0.998344 13.811778
0.998080 -0.041215 0.046239 1.147505 0.039465 0.998493 0.038144 -0.171362 -0.047742 -0.036246 0.998202 13.827683
0.997830 -0.044176 0.048831 1.067275 0.042275 0.998332 0.039307 -0.174095 -0.050486 -0.037157 0.998033 13.813826
0.997729 -0.045019 0.050111 1.077046 0.043067 0.998296 0.039370 -0.176283 -0.051798 -0.037122 0.997967 13.808659
0.997621 -0.045700 0.051621 1.049282 0.043733 0.998297 0.038599 -0.178560 -0.053297 -0.036249 0.997921 13.878631
0.997525 -0.048085 0.051304 1.079336 0.046098 0.998166 0.039238 -0.177753 -0.053096 -0.036776 0.997912 13.912313
0.997358 -0.049732 0.052952 1.010377 0.047681 0.998088 0.039330 -0.180739 -0.054807 -0.036701 0.997822 14.009628
0.997273 -0.050458 0.053852 0.996718 0.048378 0.998058 0.039254 -0.182563 -0.055728 -0.036541 0.997777 14.072244
0.997271 -0.051320 0.053071 1.067306 0.049239 0.997993 0.039815 -0.179501 -0.055008 -0.037094 0.997797 14.129746
0.997251 -0.051649 0.053136 1.074969 0.049544 0.997962 0.040205 -0.180934 -0.055104 -0.037462 0.997778 14.172833
0.996833 -0.058154 0.054237 0.927628 0.055722 0.997417 0.045322 -0.198943 -0.056733 -0.042157 0.997499 14.207248
0.996749 -0.059627 0.054190 0.971461 0.057257 0.997377 0.044287 -0.188928 -0.056688 -0.041040 0.997548 14.304859
0.996438 -0.064412 0.054422 0.990767 0.062027 0.997085 0.044433 -0.183319 -0.057125 -0.040899 0.997529 14.345524
0.996375 -0.065293 0.054528 1.015324 0.062909 0.997034 0.044341 -0.183403 -0.057261 -0.040750 0.997527 14.414383
0.996260 -0.067287 0.054215 1.027084 0.064738 0.996772 0.047483 -0.191546 -0.057235 -0.043795 0.997400 14.445641
0.995994 -0.070957 0.054415 1.053215 0.068386 0.996516 0.047744 -0.192540 -0.057614 -0.043831 0.997376 14.494094
0.995932 -0.070463 0.056161 1.043185 0.067816 0.996556 0.047715 -0.195017 -0.059330 -0.043712 0.997281 14.563441
0.995995 -0.068527 0.057432 1.046368 0.065793 0.996667 0.048229 -0.199013 -0.060545 -0.044257 0.997184 14.613039
0.995872 -0.069026 0.058942 1.065376 0.066183 0.996608 0.048902 -0.199528 -0.062118 -0.044800 0.997063 14.652728
0.995797 -0.068974 0.060251 1.084358 0.065977 0.996548 0.050383 -0.198450 -0.063518 -0.046196 0.996911 14.670857
0.995749 -0.068584 0.061476 1.107046 0.065444 0.996515 0.051712 -0.199553 -0.064808 -0.047469 0.996768 14.715252
0.995768 -0.067216 0.062669 1.142131 0.064028 0.996615 0.051572 -0.201135 -0.065924 -0.047341 0.996701 14.779720
0.995659 -0.067165 0.064429 1.154271 0.063929 0.996648 0.051041 -0.207424 -0.067641 -0.046700 0.996616 14.838717
0.995533 -0.068494 0.064976 1.185377 0.065331 0.996629 0.049618 -0.204811 -0.068155 -0.045151 0.996653 14.914143
0.995617 -0.064833 0.067405 1.170256 0.061398 0.996766 0.051844 -0.208889 -0.070548 -0.047478 0.996378 14.915920
0.995181 -0.070036 0.068628 1.178404 0.066452 0.996371 0.053183 -0.207121 -0.072104 -0.048366 0.996224 14.903930
0.995135 -0.069702 0.069628 1.210779 0.065980 0.996337 0.054400 -0.204806 -0.073165 -0.049541 0.996089 14.933826
0.995084 -0.069322 0.070734 1.239547 0.065605 0.996406 0.053581 -0.205533 -0.074194 -0.048677 0.996055 14.967706
0.994836 -0.070793 0.072724 1.226881 0.067131 0.996408 0.051622 -0.205775 -0.076117 -0.046473 0.996015 15.010891
0.994938 -0.066988 0.074909 1.231596 0.063293 0.996708 0.050659 -0.207641 -0.078056 -0.045661 0.995903 15.034498
0.995018 -0.063290 0.077035 1.255461 0.059574 0.996990 0.049620 -0.208588 -0.079943 -0.044783 0.995793 15.032670
0.995435 -0.053689 0.078906 1.304164 0.049486 0.997298 0.054290 -0.221695 -0.081608 -0.050138 0.995403 14.978976
0.994916 -0.063248 0.078370 1.343658 0.058785 0.996584 0.058002 -0.223335 -0.081770 -0.053100 0.995236 14.982637
0.994817 -0.062148 0.080479 1.360826 0.057603 0.996676 0.057617 -0.220492 -0.083793 -0.052683 0.995090 15.008609
0.994297 -0.069308 0.081061 1.404627 0.064586 0.996137 0.059494 -0.218429 -0.084871 -0.053919 0.994932 15.029954
0.994451 -0.062454 0.084654 1.393143 0.057396 0.996491 0.060921 -0.227681 -0.088162 -0.055724 0.994546 15.017652
0.994283 -0.062678 0.086440 1.382431 0.057271 0.996326 0.063682 -0.239446 -0.090114 -0.058368 0.994220 15.049057
0.994218 -0.059609 0.089320 1.326404 0.054180 0.996603 0.062023 -0.241659 -0.092713 -0.056825 0.994070 15.086702
0.994131 -0.057827 0.091428 1.366917 0.052275 0.996706 0.061998 -0.244023 -0.094712 -0.056855 0.993880 15.068139
0.993417 -0.065323 0.094101 1.304216 0.059263 0.996070 0.065814 -0.260784 -0.098030 -0.059804 0.993385 15.073869
0.993683 -0.059452 0.095184 1.348196 0.053259 0.996375 0.066329 -0.259216 -0.098783 -0.060840 0.993247 15.075519
0.993461 -0.061845 0.095976 1.377421 0.055420 0.996129 0.068227 -0.256007 -0.099824 -0.062462 0.993043 15.204789
0.993305 -0.064316 0.095967 1.406199 0.057680 0.995850 0.070401 -0.254891 -0.100096 -0.064394 0.992892 15.347194
0.992999 -0.069682 0.095378 1.440243 0.063142 0.995550 0.069954 -0.244751 -0.099828 -0.063442 0.992980 15.569924
0.993209 -0.066850 0.095224 1.474021 0.060077 0.995571 0.072309 -0.254076 -0.099636 -0.066097 0.992826 15.611476
0.993077 -0.067256 0.096307 1.475921 0.060435 0.995567 0.072076 -0.249151 -0.100727 -0.065756 0.992739 15.656700
0.993178 -0.066601 0.095719 1.482270 0.059905 0.995661 0.071207 -0.245664 -0.100047 -0.064988 0.992858 15.734956
0.993212 -0.067924 0.094430 1.503958 0.061172 0.995480 0.072649 -0.246406 -0.098937 -0.066380 0.992877 15.829650
0.993155 -0.069080 0.094188 1.526895 0.062356 0.995413 0.072560 -0.238298 -0.098768 -0.066190 0.992907 15.868126
0.993215 -0.068599 0.093910 1.551137 0.061872 0.995428 0.072760 -0.240380 -0.098472 -0.066456 0.992918 15.912850
0.993473 -0.064876 0.093819 1.583568 0.058229 0.995708 0.071937 -0.236175 -0.098084 -0.066005 0.992987 15.959987
0.993352 -0.067507 0.093240 1.614054 0.061090 0.995671 0.070051 -0.225767 -0.097565 -0.063890 0.993176 16.005530
0.993487 -0.068460 0.091081 1.693074 0.062291 0.995674 0.068939 -0.220715 -0.095406 -0.062817 0.993455 16.101606
0.993741 -0.064285 0.091357 1.738869 0.058193 0.995997 0.067855 -0.213450 -0.095353 -0.062114 0.993504 16.137798
0.993563 -0.070294 0.088831 1.811603 0.064122 0.995447 0.070528 -0.205824 -0.093384 -0.064378 0.993547 16.244143
0.992913 -0.073482 0.093405 1.772257 0.066770 0.995089 0.073066 -0.217113 -0.098315 -0.066311 0.992944 16.178478
0.992266 -0.083603 0.091754 1.812019 0.077221 0.994480 0.071034 -0.220721 -0.097187 -0.063399 0.993245 16.269811
0.992107 -0.082910 0.094070 1.814479 0.076743 0.994771 0.067388 -0.217978 -0.099166 -0.059637 0.993282 16.318409
0.992277 -0.077144 0.097140 1.802115 0.070853 0.995259 0.066637 -0.226584 -0.101820 -0.059239 0.993038 16.318869
0.992016 -0.078734 0.098517 1.821016 0.072384 0.995161 0.066454 -0.225620 -0.103273 -0.058793 0.992914 16.336230
0.991569 -0.083226 0.099324 1.832177 0.076380 0.994559 0.070848 -0.231206 -0.104680 -0.062664 0.992530 16.319448
0.991165 -0.085436 0.101450 1.845508 0.078340 0.994324 0.071987 -0.224016 -0.107024 -0.063404 0.992233 16.306296
0.990321 -0.093228 0.102826 1.850022 0.085399 0.993282 0.078086 -0.244593 -0.109415 -0.068549 0.991630 16.265126
0.989890 -0.095087 0.105247 1.853581 0.087128 0.993154 0.077808 -0.241715 -0.111924 -0.067851 0.991398 16.260665
0.989695 -0.094080 0.107950 1.859572 0.085904 0.993241 0.078051 -0.236758 -0.114563 -0.067974 0.991088 16.246994
0.989513 -0.094170 0.109528 1.877902 0.086069 0.993349 0.076481 -0.228008 -0.116001 -0.066252 0.991037 16.299411
0.989417 -0.093288 0.111141 1.886527 0.085074 0.993434 0.076498 -0.231167 -0.117548 -0.066233 0.990856 16.359596
0.989083 -0.093874 0.113590 1.894266 0.085522 0.993410 0.076299 -0.227509 -0.120004 -0.065752 0.990594 16.361700
0.988941 -0.092419 0.115991 1.903047 0.083622 0.993397 0.078552 -0.231988 -0.122485 -0.067984 0.990139 16.358239
0.988988 -0.091152 0.116593 1.923734 0.082166 0.993428 0.079689 -0.232599 -0.123090 -0.069231 0.989978 16.386815
0.988913 -0.093172 0.115627 1.951739 0.084529 0.993400 0.077532 -0.225061 -0.122088 -0.066898 0.990262 16.486778
0.989458 -0.084501 0.117612 1.962756 0.075868 0.994214 0.076041 -0.228173 -0.123357 -0.066316 0.990144 16.491891
0.989858 -0.080394 0.117127 2.009008 0.071895 0.994583 0.075067 -0.228871 -0.122527 -0.065885 0.990276 16.545035
0.990288 -0.075251 0.116905 2.066015 0.066540 0.994830 0.076722 -0.228497 -0.122074 -0.068198 0.990175 16.601526
0.990314 -0.070949 0.119345 2.051425 0.061737 0.994945 0.079199 -0.237032 -0.124361 -0.071064 0.989689 16.576894
0.990047 -0.072028 0.120905 2.022451 0.062440 0.994732 0.081301 -0.237304 -0.126124 -0.072942 0.989329 16.632341
0.989774 -0.077425 0.119806 2.055624 0.067778 0.994275 0.082609 -0.232345 -0.125517 -0.073644 0.989354 16.790591
0.989578 -0.081541 0.118690 2.087143 0.071929 0.993939 0.083139 -0.231819 -0.124750 -0.073735 0.989445 16.880756
0.989945 -0.081037 0.115944 2.126214 0.072107 0.994244 0.079248 -0.227159 -0.121698 -0.070091 0.990089 17.062496
0.990193 -0.076377 0.116978 2.086954 0.067896 0.994880 0.074858 -0.227343 -0.122096 -0.066182 0.990309 17.361337
0.990711 -0.072612 0.114975 2.149990 0.064377 0.995194 0.073788 -0.221859 -0.119780 -0.065701 0.990624 17.509587
0.990698 -0.067999 0.117874 2.013791 0.059317 0.995368 0.075659 -0.232802 -0.122473 -0.067963 0.990142 17.547996
0.990612 -0.068535 0.118282 1.991559 0.059311 0.995043 0.079817 -0.236625 -0.123166 -0.072052 0.989767 17.535119
0.990349 -0.068278 0.120614 1.951050 0.058650 0.994934 0.081650 -0.237962 -0.125578 -0.073788 0.989336 17.526531
0.990072 -0.069600 0.122117 1.993602 0.059657 0.994739 0.083277 -0.242228 -0.127271 -0.075165 0.989016 17.477126
0.990299 -0.068355 0.120980 2.048595 0.058239 0.994654 0.085273 -0.241961 -0.126162 -0.077400 0.988985 17.507187
0.990189 -0.071294 0.120180 2.088047 0.061126 0.994395 0.086270 -0.235323 -0.125657 -0.078077 0.988997 17.589796
0.989625 -0.073719 0.123324 2.080651 0.063254 0.994222 0.086727 -0.239101 -0.129005 -0.078027 0.988569 17.615417
0.989209 -0.079535 0.123047 2.108757 0.068996 0.993758 0.087666 -0.227430 -0.129252 -0.078230 0.988521 17.760281
0.988448 -0.085550 0.125104 2.118746 0.074757 0.993261 0.088565 -0.218629 -0.131838 -0.078189 0.988183 17.820600
0.988299 -0.087871 0.124677 2.161383 0.077055 0.993040 0.089074 -0.214175 -0.131636 -0.078425 0.988191 17.975446
0.988566 -0.085373 0.124296 2.196617 0.074967 0.993460 0.086124 -0.211405 -0.130836 -0.075822 0.988500 18.103869
0.988923 -0.078843 0.125756 2.212043 0.068942 0.994308 0.081237 -0.210453 -0.131445 -0.071667 0.988730 18.175776
0.989467 -0.069370 0.127054 2.205445 0.059233 0.994879 0.081900 -0.208972 -0.132085 -0.073511 0.988509 18.235400
0.988921 -0.063398 0.134227 2.109237 0.052257 0.995013 0.084959 -0.221313 -0.138944 -0.077004 0.987302 18.152161
0.989131 -0.062089 0.133282 2.136707 0.050636 0.994862 0.087666 -0.218546 -0.138040 -0.079965 0.987193 18.182687
0.989074 -0.063266 0.133155 2.144747 0.051754 0.994757 0.088210 -0.214797 -0.138037 -0.080355 0.987162 18.244130
0.988802 -0.068091 0.132792 2.176241 0.056563 0.994448 0.088736 -0.214215 -0.138096 -0.080231 0.987164 18.285678
0.988617 -0.070763 0.132772 2.210725 0.059249 0.994290 0.088753 -0.211470 -0.138295 -0.079876 0.987165 18.365213
0.988723 -0.070016 0.132381 2.253149 0.058636 0.994394 0.087995 -0.204570 -0.137799 -0.079240 0.987285 18.447828
0.988868 -0.069356 0.131646 2.293800 0.058003 0.994413 0.088200 -0.199459 -0.137027 -0.079583 0.987365 18.540648
0.988722 -0.070082 0.132350 2.305851 0.058586 0.994321 0.088848 -0.195357 -0.137825 -0.080092 0.987213 18.580556
0.988657 -0.072421 0.131577 2.382227 0.061049 0.994203 0.088506 -0.189549 -0.137223 -0.079470 0.987347 18.606056
0.988846 -0.073130 0.129753 2.420681 0.061980 0.994191 0.087989 -0.185017 -0.135434 -0.078966 0.987634 18.672500
0.988573 -0.073906 0.131384 2.417945 0.062649 0.994162 0.087845 -0.184436 -0.137110 -0.078610 0.987432 18.700241
0.988252 -0.074033 0.133704 2.386540 0.062550 0.994143 0.088138 -0.189266 -0.139446 -0.078739 0.987094 18.734648
0.988291 -0.075014 0.132868 2.382436 0.063600 0.994074 0.088162 -0.185303 -0.138694 -0.078679 0.987205 18.838426
0.988351 -0.072629 0.133747 2.376366 0.061179 0.994256 0.087820 -0.183627 -0.139357 -0.078615 0.987117 18.907574
0.988096 -0.073617 0.135083 2.378731 0.062103 0.994221 0.087561 -0.182555 -0.140749 -0.078130 0.986958 18.928352
0.987871 -0.075489 0.135690 2.419636 0.063904 0.994087 0.087796 -0.181495 -0.141516 -0.078060 0.986854 18.938593
0.987954 -0.075337 0.135171 2.435614 0.063824 0.994111 0.087580 -0.178258 -0.140973 -0.077897 0.986944 19.023278
0.987760 -0.075902 0.136269 2.451705 0.064281 0.994066 0.087748 -0.178316 -0.142121 -0.077914 0.986778 19.090000
0.987689 -0.077321 0.135986 2.481304 0.065743 0.993978 0.087668 -0.174139 -0.141946 -0.077648 0.986824 19.164185
0.987452 -0.079553 0.136415 2.524224 0.067913 0.993806 0.087967 -0.173876 -0.142568 -0.077599 0.986738 19.188389
0.987418 -0.079634 0.136619 2.549116 0.067836 0.993724 0.088944 -0.172581 -0.142845 -0.078557 0.986623 19.211907
0.987436 -0.079100 0.136798 2.575875 0.067242 0.993738 0.089233 -0.169057 -0.143000 -0.078913 0.986572 19.303611
0.987249 -0.080642 0.137244 2.571047 0.068799 0.993657 0.088955 -0.168462 -0.143547 -0.078379 0.986535 19.395463
0.987119 -0.080093 0.138499 2.540037 0.068142 0.993700 0.088980 -0.168066 -0.144754 -0.078396 0.986357 19.581167
0.987090 -0.079681 0.138937 2.570035 0.067671 0.993719 0.089128 -0.164258 -0.145167 -0.078576 0.986282 19.668278
0.987163 -0.078344 0.139185 2.639148 0.066021 0.993655 0.091053 -0.116687 -0.145435 -0.080695 0.986071 21.819222
0.987113 -0.079159 0.139073 2.739474 0.066780 0.993560 0.091536 -0.075259 -0.145424 -0.081069 0.986043 23.653093
0.987055 -0.079215 0.139455 2.817770 0.067107 0.993724 0.089493 -0.032319 -0.145669 -0.078976 0.986176 25.585870
0.987242 -0.076112 0.139855 2.901506 0.064200 0.994067 0.087801 0.018872 -0.145708 -0.077702 0.986272 27.906241
0.987221 -0.076042 0.140044 2.976347 0.064065 0.994046 0.088135 0.065587 -0.145913 -0.078037 0.986215 30.139056
0.987111 -0.073501 0.142163 3.047888 0.061332 0.994216 0.088170 0.103045 -0.147821 -0.078314 0.985909 31.927019
0.987485 -0.070284 0.141186 3.135278 0.058101 0.994368 0.088636 0.149337 -0.146620 -0.079323 0.986007 34.195981
0.987464 -0.070449 0.141252 3.220975 0.058337 0.994399 0.088133 0.196063 -0.146670 -0.078788 0.986043 36.262741
0.987656 -0.069360 0.140446 3.312608 0.057340 0.994478 0.087897 0.242875 -0.145767 -0.078759 0.986179 38.368259
0.987696 -0.064249 0.142579 3.377145 0.052066 0.994794 0.087597 0.284075 -0.147465 -0.079095 0.985900 40.395556
0.987812 -0.065127 0.141373 3.475259 0.052949 0.994689 0.088261 0.329928 -0.146370 -0.079700 0.986014 42.523463
0.987808 -0.068047 0.140014 3.550904 0.055930 0.994484 0.088735 0.372113 -0.145280 -0.079823 0.986165 44.557537
0.987759 -0.067718 0.140522 3.633915 0.055512 0.994480 0.089037 0.373795 -0.145776 -0.080147 0.986066 44.562352
0.987564 -0.074008 0.138708 3.734769 0.061775 0.993977 0.090516 0.372054 -0.144572 -0.080822 0.986188 44.625315
0.987702 -0.071870 0.138848 3.769189 0.059826 0.994229 0.089050 0.379257 -0.144447 -0.079648 0.986302 44.709000
0.987610 -0.074710 0.138003 3.804351 0.062775 0.994060 0.088900 0.380986 -0.143825 -0.079136 0.986434 44.770667
0.987348 -0.072726 0.140905 3.811548 0.060370 0.994105 0.090063 0.380529 -0.146624 -0.080417 0.985918 44.721907
0.987018 -0.078343 0.140204 3.844568 0.065794 0.993582 0.092015 0.389184 -0.146513 -0.081596 0.985838 44.736963
0.986950 -0.077316 0.141252 3.876654 0.064926 0.993794 0.090319 0.392838 -0.147359 -0.079969 0.985845 44.763537
0.986637 -0.079193 0.142393 3.859116 0.066812 0.993723 0.089730 0.401181 -0.148605 -0.079018 0.985735 44.803667
0.986420 -0.078418 0.144313 3.822672 0.065756 0.993722 0.090515 0.394782 -0.150505 -0.079797 0.985384 44.823778
0.986619 -0.074990 0.144775 3.906627 0.062330 0.993982 0.090085 0.404635 -0.150659 -0.079856 0.985355 44.843037
0.986890 -0.069527 0.145650 3.996198 0.056839 0.994360 0.089538 0.405522 -0.151054 -0.080086 0.985276 44.848444
0.987165 -0.066081 0.145394 4.006933 0.053278 0.994492 0.090261 0.408595 -0.150557 -0.081356 0.985248 44.988963
0.986968 -0.065150 0.147137 4.006968 0.052244 0.994576 0.089940 0.409927 -0.152199 -0.081081 0.985019 45.218481
0.987080 -0.061377 0.148007 4.086818 0.048605 0.994896 0.088424 0.409097 -0.152679 -0.080087 0.985025 45.255852
0.987093 -0.060764 0.148174 4.158896 0.048048 0.994966 0.087937 0.417309 -0.152771 -0.079683 0.985044 45.358889
0.986786 -0.066868 0.147586 4.233825 0.054110 0.994576 0.088835 0.429265 -0.152725 -0.079675 0.985052 45.440056
0.986744 -0.066177 0.148176 4.301118 0.053149 0.994503 0.090216 0.473975 -0.153332 -0.081144 0.984838 47.867241
0.986859 -0.062645 0.148946 4.377376 0.049834 0.994851 0.088245 0.512025 -0.153707 -0.079662 0.984900 49.233630
0.986752 -0.064206 0.148990 4.418085 0.051606 0.994875 0.086950 0.507905 -0.153810 -0.078109 0.985008 49.334685
0.986835 -0.065847 0.147715 4.524943 0.053426 0.994815 0.086538 0.557364 -0.152648 -0.077506 0.985237 51.673648
0.987448 -0.064320 0.144252 4.652679 0.051802 0.994691 0.088921 0.598099 -0.149205 -0.080332 0.985538 54.033074
0.986967 -0.066379 0.146594 4.590838 0.053839 0.994672 0.087916 0.601440 -0.151649 -0.078878 0.985282 54.111537
0.987110 -0.063366 0.146967 4.625527 0.051049 0.994976 0.086119 0.605344 -0.151686 -0.077506 0.985385 54.193685
0.987379 -0.064766 0.144526 4.683059 0.052406 0.994763 0.087749 0.603620 -0.149452 -0.079068 0.985603 54.347093
0.987482 -0.066078 0.143225 4.731803 0.053630 0.994578 0.089098 0.602535 -0.148336 -0.080302 0.985672 54.364111
0.987595 -0.064098 0.143344 4.721783 0.051648 0.994696 0.088952 0.604005 -0.148285 -0.080445 0.985667 54.396574
0.987865 -0.062143 0.142342 4.717475 0.049530 0.994664 0.090503 0.602770 -0.147207 -0.082355 0.985671 54.428000
0.987954 -0.060442 0.142453 4.708751 0.047624 0.994644 0.091736 0.603762 -0.147235 -0.083847 0.985541 54.450741
0.987911 -0.058000 0.143762 4.694777 0.044922 0.994689 0.092604 0.600954 -0.148370 -0.085026 0.985270 54.475704
0.987953 -0.055015 0.144643 4.698395 0.041895 0.994855 0.092241 0.603734 -0.148973 -0.085070 0.985175 54.579444
0.987709 -0.056787 0.145623 4.654140 0.043573 0.994770 0.092381 0.606401 -0.150108 -0.084900 0.985017 54.751426
0.987733 -0.057573 0.145154 4.625942 0.044482 0.994776 0.091878 0.610826 -0.149685 -0.084295 0.985134 55.037130
0.987746 -0.060426 0.143895 4.710919 0.047567 0.994697 0.091185 0.614100 -0.148642 -0.083223 0.985383 55.246556
0.988142 -0.059733 0.141447 4.837321 0.047230 0.994807 0.090157 0.620848 -0.146098 -0.082408 0.985832 55.457630
0.988282 -0.058289 0.141074 4.827988 0.045801 0.994870 0.090204 0.615343 -0.145608 -0.082685 0.985881 55.567259
0.988480 -0.057777 0.139890 4.822717 0.045082 0.994712 0.092279 0.608624 -0.144482 -0.084909 0.985858 55.653519
0.988301 -0.058274 0.140945 4.853269 0.044807 0.994284 0.096908 0.599163 -0.145787 -0.089459 0.985263 55.610222
0.988239 -0.062091 0.139746 4.912409 0.048085 0.993676 0.101465 0.600046 -0.145163 -0.093552 0.984975 55.676037
0.987552 -0.062490 0.144344 4.894598 0.047828 0.993541 0.102907 0.595668 -0.149843 -0.094722 0.984162 55.642722
0.987218 -0.062780 0.146487 4.918477 0.047829 0.993484 0.103446 0.593444 -0.152027 -0.095118 0.983789 55.698333
0.986920 -0.063761 0.148062 4.942167 0.048508 0.993348 0.104440 0.592587 -0.153736 -0.095892 0.983448 55.766241
0.986606 -0.066998 0.148725 4.970431 0.051303 0.992938 0.106968 0.590364 -0.154841 -0.097905 0.983076 55.880019
0.986525 -0.067472 0.149048 5.029693 0.051555 0.992793 0.108188 0.592983 -0.155274 -0.099046 0.982894 55.996648
0.986198 -0.066892 0.151457 5.022827 0.050639 0.992780 0.108740 0.590542 -0.157637 -0.099570 0.982464 56.051852
0.985718 -0.068123 0.154014 5.025176 0.051405 0.992597 0.110042 0.583376 -0.160370 -0.100553 0.981922 56.071093
0.985454 -0.069127 0.155249 5.057137 0.051982 0.992358 0.111907 0.588027 -0.161799 -0.102209 0.981517 56.137796
0.985206 -0.070440 0.156231 5.124856 0.052989 0.992160 0.113182 0.588039 -0.162978 -0.103229 0.981214 56.205852
0.985289 -0.069669 0.156048 5.233600 0.052213 0.992188 0.113300 0.650183 -0.162723 -0.103485 0.981230 58.557167
0.985648 -0.065750 0.155484 5.340112 0.048344 0.992396 0.113196 0.709328 -0.161745 -0.104055 0.981331 60.651593
0.985449 -0.063973 0.157472 5.385382 0.046733 0.992738 0.110845 0.763106 -0.163419 -0.101873 0.981283 62.699148
0.985766 -0.060142 0.156997 5.483025 0.043442 0.993232 0.107716 0.829130 -0.162413 -0.099362 0.981707 65.033130
0.985837 -0.057059 0.157704 5.546113 0.040154 0.993299 0.108376 0.892447 -0.162831 -0.100509 0.981521 67.442870
0.985648 -0.055329 0.159492 5.583740 0.037734 0.993069 0.111311 0.942876 -0.164545 -0.103695 0.980904 69.552000
0.985432 -0.051766 0.161998 5.620973 0.033358 0.992880 0.114355 0.994577 -0.166764 -0.107285 0.980143 71.788278
0.985803 -0.050511 0.160127 5.720382 0.032674 0.993156 0.112133 1.068884 -0.164695 -0.105309 0.980707 74.174074
0.985713 -0.049605 0.160962 5.778907 0.031615 0.993154 0.112457 1.116564 -0.165438 -0.105761 0.980533 76.275000
0.985843 -0.049018 0.160347 5.836072 0.031064 0.993153 0.112614 1.180872 -0.164770 -0.106038 0.980616 78.557648
0.986289 -0.051644 0.156736 5.986829 0.034055 0.993022 0.112903 1.248672 -0.161473 -0.106017 0.981166 80.758333
0.985952 -0.051429 0.158913 6.032345 0.033712 0.993110 0.112235 1.294428 -0.163590 -0.105301 0.980892 82.558870
0.986101 -0.052090 0.157768 6.146318 0.034641 0.993172 0.111398 1.348367 -0.162493 -0.104385 0.981173 84.391315
0.986234 -0.053955 0.156307 6.252617 0.036733 0.993137 0.111042 1.405436 -0.161225 -0.103772 0.981447 86.222815
0.986337 -0.053385 0.155850 6.290298 0.036209 0.993156 0.111038 1.408277 -0.160712 -0.103877 0.981520 86.321611
0.986212 -0.051469 0.157278 6.309274 0.034202 0.993278 0.110589 1.408949 -0.161912 -0.103685 0.981343 86.388444
0.986056 -0.049573 0.158860 6.259421 0.032307 0.993463 0.109487 1.411610 -0.163249 -0.102828 0.981212 86.567389
0.985849 -0.047853 0.160658 6.250608 0.030461 0.993573 0.109020 1.423693 -0.164843 -0.102583 0.980971 86.964685
0.985990 -0.046308 0.160244 6.362188 0.029099 0.993712 0.108121 1.482735 -0.164244 -0.101944 0.981138 89.063556
0.986036 -0.046556 0.159891 6.468779 0.029651 0.993867 0.106531 1.546697 -0.163870 -0.100302 0.981369 91.377167
0.985154 -0.049377 0.164420 6.499559 0.031880 0.993704 0.107402 1.605188 -0.168688 -0.100566 0.980526 93.603259
0.985278 -0.050228 0.163414 6.628354 0.032776 0.993634 0.107786 1.671501 -0.167788 -0.100843 0.980652 95.919944
0.985483 -0.049812 0.162300 6.755913 0.032685 0.993771 0.106537 1.737088 -0.166596 -0.099686 0.980973 98.246407
0.985636 -0.048713 0.161704 6.866197 0.031871 0.993945 0.105157 1.797405 -0.165847 -0.098492 0.981221 100.356019
0.985604 -0.047497 0.162260 6.952343 0.030527 0.993948 0.105523 1.853489 -0.166291 -0.099051 0.981089 102.388426
0.985557 -0.045023 0.163251 7.041676 0.027961 0.994042 0.105348 1.909446 -0.167021 -0.099262 0.980944 104.341204
0.985693 -0.044582 0.162547 7.149065 0.027645 0.994088 0.105004 1.969010 -0.166267 -0.099008 0.981098 106.491685
0.984935 -0.045332 0.166878 7.202882 0.028154 0.994189 0.103903 2.018450 -0.170618 -0.097639 0.980488 108.509537
0.984994 -0.044440 0.166769 7.308355 0.027426 0.994306 0.102973 2.076549 -0.170396 -0.096854 0.980604 110.644907
0.985286 -0.043479 0.165293 7.431329 0.026523 0.994283 0.103434 2.135305 -0.168845 -0.097528 0.980806 112.882611
0.984945 -0.037932 0.168658 7.511724 0.020670 0.994472 0.102949 2.188410 -0.171631 -0.097913 0.980284 114.992889
0.984957 -0.034650 0.169288 7.608217 0.017346 0.994567 0.102646 2.243935 -0.171925 -0.098166 0.980207 117.174815
0.984915 -0.030604 0.170308 7.694066 0.013210 0.994661 0.102344 2.351595 -0.172531 -0.098550 0.980062 121.514370
0.984761 -0.027077 0.171793 7.711956 0.009718 0.994830 0.101091 2.357839 -0.173642 -0.097881 0.979932 121.554741
0.984576 -0.029167 0.172506 7.703629 0.011737 0.994796 0.101208 2.361522 -0.174560 -0.097622 0.979795 121.696111
0.984420 -0.029180 0.173394 7.727999 0.011474 0.994692 0.102250 2.364573 -0.175457 -0.098668 0.979530 121.873130
0.983954 -0.028520 0.176131 7.624897 0.010480 0.994676 0.102517 2.367156 -0.178117 -0.099026 0.979014 121.966889
0.983862 -0.027130 0.176860 7.595046 0.009069 0.994729 0.102138 2.371121 -0.178699 -0.098885 0.978922 122.109278
