1.000000 0.000000 0.000000 0.000000 0.000000 1.000000 0.000000 0.000000 0.000000 0.000000 1.000000 0.000000
0.999992 -0.002595 -0.002883 -0.008247 0.002600 0.999995 0.001571 0.005172 0.002879 -0.001579 0.999995 -1.404982
1.000000 -0.001059 0.000049 -0.013288 0.001059 0.999999 -0.000169 0.001397 -0.000049 0.000169 1.000000 0.186289
0.999996 -0.000982 0.002607 -0.024770 0.000981 1.000000 0.000281 -0.008285 -0.002607 -0.000279 0.999996 1.746536
0.999982 -0.003346 0.004980 -0.032794 0.003337 0.999993 0.001794 -0.020585 -0.004986 -0.001777 0.999986 3.349111
0.999978 -0.003035 0.005951 -0.043446 0.003029 0.999995 0.001078 -0.027189 -0.005954 -0.001060 0.999982 5.034833
0.999969 -0.003535 0.006956 -0.047866 0.003529 0.999993 0.000840 -0.035139 -0.006959 -0.000815 0.999975 6.687963
0.999969 -0.002224 0.007594 -0.052791 0.002225 0.999997 -0.000073 -0.044718 -0.007594 0.000090 0.999971 8.289015
0.999961 -0.000775 0.008822 -0.058069 0.000784 0.999999 -0.001012 -0.049344 -0.008821 0.001019 0.999961 9.942563
0.999953 0.002619 0.009363 -0.051620 -0.002620 0.999996 0.000132 -0.055434 -0.009363 -0.000157 0.999956 11.572915
0.999961 0.001905 0.008623 -0.058915 -0.001907 0.999998 0.000184 -0.064090 -0.008623 -0.000200 0.999963 13.426189
0.999968 0.000812 0.007991 -0.088810 -0.000810 1.000000 -0.000239 -0.076113 -0.007991 0.000233 0.999968 15.179907
0.999984 0.000316 0.005603 -0.077352 -0.000311 1.000000 -0.000971 -0.083772 -0.005603 0.000969 0.999984 17.016850
0.999982 0.000022 0.005934 -0.111598 -0.000016 1.000000 -0.000909 -0.094696 -0.005934 0.000909 0.999982 18.512739
0.999987 0.000787 0.004957 -0.123796 -0.000780 0.999999 -0.001501 -0.103758 -0.004958 0.001497 0.999987 20.087593
0.999988 -0.000686 0.004929 -0.131425 0.000698 0.999996 -0.002541 -0.111543 -0.004928 0.002544 0.999985 21.922241
0.999986 -0.002580 0.004534 -0.163125 0.002596 0.999990 -0.003536 -0.118539 -0.004525 0.003548 0.999984 23.425611
0.999979 -0.003092 0.005737 -0.178700 0.003105 0.999993 -0.002245 -0.134302 -0.005730 0.002263 0.999981 25.182907
0.999969 -0.003544 0.007045 -0.205233 0.003563 0.999990 -0.002718 -0.145446 -0.007035 0.002743 0.999972 26.909981
0.999969 -0.002303 0.007513 -0.216393 0.002333 0.999989 -0.003974 -0.152778 -0.007504 0.003992 0.999964 28.557963
0.999977 0.000202 0.006726 -0.223112 -0.000171 0.999990 -0.004553 -0.158837 -0.006727 0.004552 0.999967 30.107148
0.999971 0.005085 0.005673 -0.198441 -0.005052 0.999970 -0.005858 -0.165631 -0.005703 0.005829 0.999967 32.321296
0.999972 0.004170 0.006191 -0.220894 -0.004135 0.999975 -0.005731 -0.181657 -0.006215 0.005705 0.999964 34.025704
0.999975 0.003439 0.006113 -0.226578 -0.003405 0.999978 -0.005615 -0.192804 -0.006132 0.005594 0.999965 35.710778
0.999987 0.001627 0.004887 -0.224785 -0.001609 0.999992 -0.003564 -0.206032 -0.004893 0.003556 0.999982 37.693685
0.999993 -0.000127 0.003738 -0.232976 0.000139 0.999995 -0.003264 -0.218579 -0.003738 0.003264 0.999988 39.196000
0.999991 -0.001243 0.004065 -0.234717 0.001259 0.999992 -0.003854 -0.233265 -0.004061 0.003859 0.999984 41.259926
0.999992 0.001554 0.003804 -0.233723 -0.001530 0.999978 -0.006463 -0.236252 -0.003814 0.006457 0.999972 43.288093
0.999994 0.000162 0.003588 -0.234069 -0.000140 0.999982 -0.006056 -0.252870 -0.003589 0.006056 0.999975 45.171204
0.999995 0.000109 0.003156 -0.248432 -0.000090 0.999982 -0.005953 -0.264138 -0.003157 0.005953 0.999977 46.846537
0.999996 -0.002037 0.002089 -0.240460 0.002049 0.999981 -0.005823 -0.275137 -0.002077 0.005827 0.999981 48.470111
0.999983 -0.005157 0.002563 -0.250599 0.005169 0.999976 -0.004715 -0.296098 -0.002539 0.004728 0.999986 50.641500
0.999966 -0.007058 0.004297 -0.275310 0.007076 0.999966 -0.004132 -0.311797 -0.004268 0.004162 0.999982 52.365704
0.999980 -0.001423 0.006170 -0.286890 0.001441 0.999995 -0.002954 -0.318569 -0.006166 0.002962 0.999977 54.261852
0.999972 -0.004096 0.006249 -0.287517 0.004112 0.999988 -0.002604 -0.331777 -0.006239 0.002629 0.999977 56.015407
0.999961 -0.005481 0.006928 -0.294015 0.005487 0.999985 -0.000895 -0.348903 -0.006923 0.000933 0.999976 57.663296
0.999962 -0.004921 0.007194 -0.298894 0.004944 0.999983 -0.003182 -0.353477 -0.007178 0.003217 0.999969 59.368370
0.999951 -0.005648 0.008119 -0.304849 0.005665 0.999982 -0.002142 -0.369505 -0.008107 0.002188 0.999965 61.081222
0.999951 -0.002334 0.009653 -0.331464 0.002357 0.999995 -0.002299 -0.372981 -0.009647 0.002321 0.999951 62.829815
0.999923 -0.000372 0.012403 -0.324671 0.000367 1.000000 0.000373 -0.378935 -0.012403 -0.000369 0.999923 64.652796
0.999850 -0.005765 0.016332 -0.363820 0.005697 0.999975 0.004195 -0.396954 -0.016356 -0.004101 0.999858 66.236296
0.999805 -0.004392 0.019255 -0.384177 0.004269 0.999970 0.006468 -0.400797 -0.019283 -0.006385 0.999794 67.886037
0.999740 -0.008485 0.021163 -0.385287 0.008301 0.999927 0.008760 -0.414150 -0.021235 -0.008582 0.999738 69.522407
0.999666 -0.010772 0.023484 -0.389460 0.010588 0.999912 0.007940 -0.421485 -0.023568 -0.007689 0.999693 71.113537
0.999683 -0.004352 0.024789 -0.375953 0.004219 0.999976 0.005433 -0.422818 -0.024812 -0.005327 0.999678 72.763130
0.999625 -0.005100 0.026899 -0.378791 0.004946 0.999971 0.005807 -0.432151 -0.026928 -0.005672 0.999621 74.458148
0.999598 -0.005841 0.027752 -0.371750 0.005699 0.999970 0.005180 -0.437257 -0.027781 -0.005020 0.999601 76.220130
0.999641 -0.007518 0.025699 -0.352422 0.007392 0.999960 0.004978 -0.452637 -0.025735 -0.004786 0.999657 78.036685
0.999680 -0.005713 0.024656 -0.336110 0.005638 0.999979 0.003102 -0.447134 -0.024673 -0.002962 0.999691 79.766500
0.999716 -0.004654 0.023361 -0.321818 0.004562 0.999981 0.004027 -0.454078 -0.023379 -0.003919 0.999719 81.533389
0.999711 -0.007874 0.022700 -0.315883 0.007723 0.999947 0.006761 -0.471724 -0.022752 -0.006584 0.999719 83.234481
0.999735 -0.007248 0.021844 -0.320012 0.007151 0.999964 0.004495 -0.473030 -0.021875 -0.004337 0.999751 84.909870
0.999710 -0.010652 0.021600 -0.320533 0.010497 0.999918 0.007304 -0.493435 -0.021676 -0.007076 0.999740 86.640222
0.999695 -0.010222 0.022479 -0.321908 0.010095 0.999933 0.005726 -0.493962 -0.022536 -0.005498 0.999731 88.313759
0.999665 -0.012499 0.022656 -0.321379 0.012390 0.999911 0.004937 -0.500858 -0.022716 -0.004655 0.999731 89.966056
0.999667 -0.012690 0.022464 -0.314623 0.012541 0.999898 0.006776 -0.510908 -0.022548 -0.006492 0.999725 91.574185
0.999666 -0.010465 0.023642 -0.316012 0.010295 0.999921 0.007265 -0.513633 -0.023717 -0.007019 0.999694 93.264444
0.999676 -0.008579 0.023973 -0.312712 0.008461 0.999952 0.005012 -0.518963 -0.024015 -0.004807 0.999700 94.942741
0.999649 -0.007968 0.025274 -0.319136 0.007865 0.999960 0.004178 -0.529772 -0.025306 -0.003978 0.999672 96.591944
0.999619 -0.006612 0.026803 -0.326767 0.006510 0.999971 0.003892 -0.537561 -0.026828 -0.003716 0.999633 98.172074
0.999623 -0.004334 0.027128 -0.325092 0.004230 0.999984 0.003889 -0.548078 -0.027145 -0.003773 0.999624 99.843556
0.999639 -0.005040 0.026381 -0.320706 0.004911 0.999976 0.004952 -0.560240 -0.026406 -0.004820 0.999640 101.434519
0.999563 -0.002566 0.029442 -0.311327 0.002386 0.999978 0.006136 -0.564768 -0.029458 -0.006063 0.999548 103.268389
0.999559 -0.001601 0.029654 -0.306695 0.001415 0.999979 0.006288 -0.575298 -0.029663 -0.006243 0.999540 104.804722
0.999451 -0.006285 0.032542 -0.298571 0.006126 0.999969 0.005004 -0.587859 -0.032573 -0.004802 0.999458 106.432870
0.999318 -0.009641 0.035634 -0.290262 0.009613 0.999953 0.000960 -0.597961 -0.035641 -0.000617 0.999364 108.035815
0.999195 -0.011530 0.038427 -0.283157 0.011452 0.999932 0.002226 -0.618080 -0.038450 -0.001784 0.999259 109.594630
0.999088 -0.010167 0.041468 -0.273369 0.009981 0.999939 0.004668 -0.623804 -0.041513 -0.004250 0.999129 111.152704
0.998946 -0.006910 0.045368 -0.260647 0.006656 0.999961 0.005744 -0.630775 -0.045406 -0.005436 0.998954 112.693333
0.998724 -0.010892 0.049318 -0.238345 0.010697 0.999934 0.004232 -0.637895 -0.049361 -0.003699 0.998774 114.637056
0.998544 -0.009225 0.053143 -0.217052 0.009180 0.999957 0.001101 -0.646168 -0.053151 -0.000612 0.998586 116.486833
0.998336 -0.009280 0.056915 -0.204059 0.009456 0.999951 -0.002814 -0.648370 -0.056886 0.003347 0.998375 117.109759
0.998080 -0.010650 0.061015 -0.210807 0.010873 0.999935 -0.003327 -0.655618 -0.060975 0.003984 0.998131 117.622611
0.997735 -0.014869 0.065601 -0.179015 0.014911 0.999889 -0.000152 -0.671446 -0.065591 0.001130 0.997846 119.184056
0.997394 -0.012482 0.071055 -0.288339 0.012608 0.999920 -0.001329 -0.671086 -0.071032 0.002222 0.997471 119.528815
0.996972 -0.011996 0.076835 -0.348785 0.012276 0.999920 -0.003176 -0.675355 -0.076791 0.004110 0.997039 120.009648
0.996716 -0.009724 0.080391 -0.381441 0.010228 0.999931 -0.005863 -0.679242 -0.080328 0.006666 0.996746 120.456167
0.996367 -0.011380 0.084397 -0.375477 0.011791 0.999921 -0.004370 -0.689188 -0.084340 0.005350 0.996423 120.882833
0.995988 -0.013391 0.088481 -0.376118 0.013666 0.999903 -0.002499 -0.702819 -0.088439 0.003698 0.996075 122.362204
0.995548 -0.013382 0.093300 -0.434669 0.013546 0.999908 -0.001128 -0.713736 -0.093276 0.002387 0.995637 123.729722
0.995123 -0.016049 0.097325 -0.412709 0.016050 0.999871 0.000766 -0.723741 -0.097325 0.000800 0.995252 125.248130
0.994828 -0.020770 0.099423 -0.364942 0.020568 0.999784 0.003057 -0.741522 -0.099465 -0.000996 0.995040 126.772981
0.994394 -0.020595 0.103709 -0.386353 0.020644 0.999787 0.000606 -0.749722 -0.103700 0.001538 0.994607 128.352759
0.993794 -0.022568 0.108923 -0.423975 0.022997 0.999732 -0.002686 -0.760794 -0.108833 0.005174 0.994047 129.894037
0.993202 -0.023959 0.113910 -0.514416 0.024745 0.999679 -0.005485 -0.773715 -0.113742 0.008266 0.993476 130.916630
0.993101 -0.021894 0.115201 -0.451029 0.022668 0.999728 -0.005413 -0.785294 -0.115052 0.007987 0.993327 132.469556
0.993068 -0.023358 0.115200 -0.395495 0.024113 0.999696 -0.005158 -0.797451 -0.115045 0.007900 0.993329 134.150889
0.993049 -0.022972 0.115442 -0.364103 0.023528 0.999717 -0.003453 -0.805790 -0.115330 0.006145 0.993308 135.582222
0.993186 -0.025131 0.113796 -0.330728 0.025582 0.999670 -0.002507 -0.814326 -0.113696 0.005401 0.993501 137.037574
0.993313 -0.024746 0.112772 -0.291579 0.025112 0.999683 -0.001825 -0.821155 -0.112691 0.004645 0.993619 138.524204
0.993561 -0.025309 0.110439 -0.245222 0.025662 0.999669 -0.001778 -0.829871 -0.110357 0.004601 0.993881 140.211296
0.993800 -0.021040 0.109173 -0.191836 0.021344 0.999771 -0.001618 -0.838644 -0.109114 0.003939 0.994021 142.077963
0.994260 -0.018260 0.105421 -0.156430 0.018683 0.999821 -0.003029 -0.844397 -0.105347 0.004981 0.994423 143.793185
0.994634 -0.017901 0.101897 -0.123546 0.018293 0.999828 -0.002915 -0.852114 -0.101827 0.004763 0.994791 145.242259
0.995020 -0.017109 0.098197 -0.080741 0.017415 0.999846 -0.002258 -0.859442 -0.098143 0.003956 0.995165 146.852981
0.995368 -0.017250 0.094574 -0.054297 0.017499 0.999845 -0.001807 -0.866876 -0.094528 0.003453 0.995516 148.352130
0.995801 -0.015315 0.090259 -0.007973 0.015420 0.999881 -0.000465 -0.878732 -0.090241 0.001854 0.995918 149.575333
0.996186 -0.015148 0.085934 0.032332 0.015238 0.999884 -0.000382 -0.889025 -0.085918 0.001690 0.996301 151.274759
0.996587 -0.013895 0.081374 0.060866 0.014042 0.999901 -0.001229 -0.893091 -0.081349 0.002368 0.996683 152.945278
0.996960 -0.012773 0.076861 0.093425 0.012866 0.999917 -0.000719 -0.906163 -0.076845 0.001705 0.997042 154.610444
0.997301 -0.011987 0.072436 0.118978 0.012262 0.999919 -0.003361 -0.909531 -0.072390 0.004240 0.997367 156.355963
0.997551 -0.010376 0.069167 0.149046 0.010640 0.999937 -0.003450 -0.920920 -0.069127 0.004178 0.997599 158.328722
0.997655 -0.007395 0.068041 0.161011 0.007650 0.999965 -0.003484 -0.934564 -0.068013 0.003996 0.997676 159.892722
0.997712 -0.007835 0.067145 0.198434 0.008098 0.999961 -0.003654 -0.945349 -0.067114 0.004189 0.997737 161.424963
0.997673 -0.009283 0.067553 0.198676 0.009386 0.999955 -0.001221 -0.968969 -0.067538 0.001852 0.997715 163.387815
0.997737 -0.007175 0.066861 0.214947 0.007196 0.999974 -0.000072 -0.983236 -0.066859 0.000553 0.997762 165.059963
0.997679 -0.012154 0.067002 0.249225 0.012076 0.999926 0.001572 -0.997754 -0.067016 -0.000760 0.997752 166.811741
0.997700 -0.003801 0.067679 0.243276 0.003631 0.999990 0.002643 -1.003920 -0.067688 -0.002391 0.997704 168.463611
0.997743 -0.000689 0.067140 0.280902 0.000117 0.999964 0.008515 -1.027359 -0.067144 -0.008488 0.997707 170.243741
0.997755 -0.000202 0.066969 0.295706 -0.000279 0.999974 0.007177 -1.030121 -0.066969 -0.007180 0.997729 171.813056
0.997779 0.000453 0.066607 0.328704 -0.000852 0.999982 0.005958 -1.036837 -0.066603 -0.006002 0.997761 173.565481
0.997802 -0.005340 0.066047 0.349743 0.004967 0.999971 0.005812 -1.043016 -0.066076 -0.005471 0.997800 175.370315
0.997847 -0.009208 0.064937 0.367839 0.008683 0.999927 0.008361 -1.056674 -0.065009 -0.007779 0.997854 176.964204
0.997798 -0.011655 0.065296 0.391064 0.011070 0.999895 0.009310 -1.055603 -0.065398 -0.008567 0.997822 178.780593
0.997791 -0.011917 0.065360 0.397486 0.011289 0.999887 0.009973 -1.059527 -0.065472 -0.009214 0.997812 180.448222
0.997606 -0.016830 0.067069 0.410343 0.016234 0.999824 0.009419 -1.069722 -0.067216 -0.008308 0.997704 182.265463
0.997546 -0.018562 0.067504 0.423836 0.018100 0.999808 0.007460 -1.075961 -0.067629 -0.006219 0.997691 184.240759
0.997493 -0.019089 0.068147 0.439911 0.018707 0.999806 0.006236 -1.079062 -0.068252 -0.004946 0.997656 186.072593
0.997311 -0.021435 0.070086 0.444711 0.020886 0.999745 0.008547 -1.097552 -0.070251 -0.007060 0.997504 187.761481
0.997294 -0.018487 0.071154 0.433181 0.017891 0.999799 0.009006 -1.100181 -0.071306 -0.007709 0.997425 189.262222
0.997248 -0.013988 0.072806 0.469248 0.013192 0.999848 0.011412 -1.109078 -0.072955 -0.010420 0.997281 191.316481
0.997173 -0.013189 0.073976 0.496639 0.012554 0.999880 0.009049 -1.111588 -0.074087 -0.008095 0.997219 193.242407
0.997086 -0.013319 0.075115 0.527153 0.012777 0.999889 0.007694 -1.118604 -0.075209 -0.006712 0.997145 195.138519
0.997039 -0.009884 0.076254 0.560900 0.009584 0.999945 0.004304 -1.119513 -0.076292 -0.003561 0.997079 196.929259
0.997010 -0.013438 0.076100 0.601696 0.013352 0.999910 0.001644 -1.137373 -0.076115 -0.000623 0.997099 198.756667
0.996981 -0.013967 0.076376 0.643953 0.013963 0.999902 0.000584 -1.160583 -0.076377 0.000484 0.997079 200.644630
0.996881 -0.015630 0.077357 0.666320 0.015709 0.999876 -0.000418 -1.172984 -0.077340 0.001631 0.997003 202.503519
0.996800 -0.016473 0.078224 0.694777 0.016469 0.999864 0.000689 -1.186884 -0.078225 0.000602 0.996935 204.340185
0.996745 -0.016308 0.078956 0.715926 0.016215 0.999867 0.001826 -1.203446 -0.078975 -0.000540 0.996876 206.157963
0.996744 -0.015343 0.079163 0.742138 0.015236 0.999882 0.001946 -1.210080 -0.079183 -0.000733 0.996860 207.940556
0.996830 -0.014562 0.078223 0.785022 0.014585 0.999894 0.000283 -1.206273 -0.078219 0.000859 0.996936 209.772407
0.996764 -0.014768 0.079017 0.799707 0.014745 0.999891 0.000873 -1.224323 -0.079021 0.000295 0.996873 211.564630
0.996676 -0.015301 0.080022 0.817460 0.015277 0.999883 0.000918 -1.237533 -0.080027 0.000307 0.996793 213.478889
0.996704 -0.013217 0.080034 0.843663 0.013197 0.999913 0.000778 -1.238464 -0.080037 0.000281 0.996792 215.387222
0.996671 -0.015358 0.080066 0.862282 0.015142 0.999880 0.003305 -1.262965 -0.080107 -0.002082 0.996784 217.120185
0.996727 -0.010909 0.080098 0.881264 0.011004 0.999939 -0.000743 -1.257393 -0.080085 0.001622 0.996787 218.876852
0.996783 -0.009252 0.079617 0.913689 0.009536 0.999950 -0.003187 -1.259411 -0.079583 0.003936 0.996820 220.766296
0.996801 -0.007509 0.079567 0.923922 0.007852 0.999961 -0.004003 -1.269949 -0.079534 0.004615 0.996822 222.500000
0.996793 -0.009392 0.079468 0.954953 0.009682 0.999948 -0.003274 -1.293827 -0.079433 0.004033 0.996832 224.436111
0.996824 -0.008181 0.079216 0.982775 0.008591 0.999951 -0.004838 -1.302385 -0.079172 0.005503 0.996846 226.246667
0.996872 -0.009795 0.078422 1.008464 0.010057 0.999945 -0.002947 -1.323469 -0.078389 0.003726 0.996916 227.868519
0.996898 -0.008397 0.078250 1.034407 0.008604 0.999960 -0.002304 -1.334295 -0.078228 0.002970 0.996931 229.603333
0.996948 -0.004471 0.077939 1.056895 0.004724 0.999984 -0.003066 -1.342245 -0.077924 0.003425 0.996953 231.229074
0.996924 -0.001604 0.078363 1.083002 0.001862 0.999993 -0.003213 -1.350625 -0.078357 0.003349 0.996920 232.970370
0.996978 -0.000298 0.077689 1.125302 0.000622 0.999991 -0.004145 -1.360522 -0.077687 0.004181 0.996969 234.844444
0.996948 -0.005712 0.077857 1.159221 0.005785 0.999983 -0.000713 -1.391730 -0.077852 0.001161 0.996964 236.796852
0.996925 -0.006586 0.078079 1.187504 0.006576 0.999978 0.000377 -1.411068 -0.078080 0.000138 0.996947 238.645000
0.996868 -0.005701 0.078879 1.212585 0.005732 0.999984 -0.000174 -1.418770 -0.078877 0.000625 0.996884 240.445000
0.996816 -0.009238 0.079202 1.240624 0.009240 0.999957 0.000333 -1.436069 -0.079202 0.000400 0.996858 242.340741
0.996842 -0.009984 0.078782 1.285978 0.010203 0.999945 -0.002377 -1.444933 -0.078754 0.003173 0.996889 244.181481
0.997009 -0.006598 0.077002 1.338074 0.006590 0.999978 0.000360 -1.463558 -0.077003 0.000149 0.997031 245.778519
0.996965 -0.009743 0.077234 1.374320 0.009325 0.999940 0.005774 -1.480734 -0.077285 -0.005036 0.996996 247.643333
0.996863 -0.007627 0.078773 1.393295 0.006830 0.999923 0.010382 -1.490751 -0.078846 -0.009811 0.996838 249.413704
0.996798 -0.012706 0.078943 1.433266 0.011579 0.999825 0.014722 -1.513569 -0.079116 -0.013761 0.996770 251.206481
0.996847 -0.011376 0.078526 1.469415 0.010473 0.999874 0.011901 -1.516832 -0.078651 -0.011041 0.996841 252.917593
0.996749 -0.020533 0.077910 1.499245 0.019655 0.999735 0.012018 -1.530979 -0.078136 -0.010447 0.996888 254.532222
0.996750 -0.017831 0.078554 1.519069 0.017046 0.999798 0.010655 -1.535938 -0.078728 -0.009281 0.996853 256.134815
0.996722 -0.021008 0.078122 1.571262 0.020001 0.999707 0.013651 -1.546165 -0.078386 -0.012044 0.996850 258.425000
0.996697 -0.018783 0.079013 1.602608 0.017699 0.999740 0.014396 -1.547881 -0.079263 -0.012950 0.996770 260.080741
0.996647 -0.018631 0.079675 1.625618 0.017568 0.999747 0.014021 -1.548573 -0.079916 -0.012574 0.996722 261.875556
0.996567 -0.012094 0.081908 1.647862 0.011265 0.999881 0.010574 -1.540677 -0.082026 -0.009615 0.996584 263.545370
0.996387 -0.016152 0.083376 1.680314 0.015334 0.999828 0.010432 -1.554056 -0.083530 -0.009116 0.996464 265.212593
0.996295 -0.011815 0.085191 1.715967 0.011200 0.999908 0.007698 -1.555373 -0.085275 -0.006715 0.996335 266.954815
0.996082 -0.007884 0.088078 1.733493 0.007450 0.999958 0.005254 -1.558368 -0.088116 -0.004577 0.996100 268.562407
0.995956 -0.008962 0.089391 1.771113 0.008468 0.999947 0.005910 -1.566597 -0.089440 -0.005130 0.995979 270.208889
0.995831 -0.008826 0.090788 1.798652 0.008204 0.999940 0.007220 -1.573547 -0.090846 -0.006445 0.995844 271.773704
0.995663 -0.006910 0.092776 1.799163 0.006351 0.999960 0.006316 -1.584047 -0.092816 -0.005699 0.995667 273.157778
0.995458 -0.005865 0.095022 1.824787 0.005294 0.999966 0.006257 -1.591370 -0.095055 -0.005726 0.995456 274.697778
0.995295 -0.005781 0.096713 1.865045 0.005150 0.999964 0.006779 -1.601735 -0.096748 -0.006249 0.995289 276.527037
0.995143 -0.005045 0.098312 1.907908 0.004337 0.999963 0.007421 -1.610115 -0.098346 -0.006958 0.995128 278.124815
0.995005 -0.001507 0.099817 1.947361 0.000960 0.999984 0.005534 -1.608595 -0.099823 -0.005410 0.994990 279.800556
0.994924 -0.003865 0.100558 1.990363 0.003319 0.999979 0.005595 -1.619772 -0.100578 -0.005233 0.994915 281.485185
0.994651 -0.003132 0.103242 2.020000 0.002660 0.999985 0.004713 -1.625099 -0.103255 -0.004413 0.994645 283.026667
0.994660 -0.003290 0.103155 2.066815 0.002764 0.999982 0.005240 -1.633222 -0.103170 -0.004927 0.994652 284.635370
0.994625 -0.004602 0.103442 2.126597 0.003863 0.999965 0.007348 -1.643908 -0.103472 -0.006909 0.994608 286.287407
0.994657 -0.004062 0.103154 2.172718 0.003268 0.999964 0.007872 -1.653243 -0.103182 -0.007492 0.994634 287.872222
0.994708 -0.004042 0.102662 2.209462 0.003393 0.999973 0.006503 -1.659233 -0.102685 -0.006120 0.994695 289.333889
0.994690 -0.005140 0.102785 2.255308 0.004461 0.999967 0.006838 -1.670681 -0.102817 -0.006343 0.994680 290.907037
0.994734 -0.004073 0.102404 2.300381 0.003439 0.999974 0.006376 -1.675693 -0.102427 -0.005991 0.994722 292.490926
0.994856 -0.006557 0.101086 2.332090 0.005862 0.999957 0.007171 -1.687094 -0.101129 -0.006541 0.994852 293.893148
0.994961 -0.008918 0.099864 2.370452 0.008141 0.999933 0.008179 -1.694185 -0.099930 -0.007325 0.994968 295.396667
0.995188 -0.009003 0.097570 2.418832 0.008066 0.999918 0.009990 -1.702024 -0.097652 -0.009155 0.995178 296.868704
0.995277 -0.008304 0.096726 2.445191 0.007317 0.999918 0.010549 -1.703505 -0.096805 -0.009791 0.995255 298.295556
0.995510 -0.008360 0.094290 2.485594 0.007369 0.999914 0.010854 -1.709584 -0.094373 -0.010110 0.995486 299.575556
0.995681 -0.009405 0.092359 2.508069 0.008450 0.999907 0.010721 -1.716603 -0.092451 -0.009894 0.995668 300.844630
0.995789 -0.011645 0.090929 2.528898 0.010600 0.999872 0.011970 -1.729815 -0.091057 -0.010955 0.995785 302.119259
0.996069 -0.011356 0.087855 2.546816 0.010384 0.999880 0.011513 -1.730833 -0.087975 -0.010555 0.996067 303.324444
0.996210 -0.014244 0.085805 2.563850 0.013253 0.999839 0.012100 -1.741528 -0.085964 -0.010917 0.996239 304.546296
0.996467 -0.015097 0.082620 2.593811 0.014231 0.999838 0.011059 -1.742604 -0.082773 -0.009844 0.996520 305.712778
0.996661 -0.016075 0.080047 2.616446 0.015178 0.999815 0.011794 -1.751192 -0.080222 -0.010540 0.996721 306.806667
0.996832 -0.014873 0.078136 2.626882 0.013967 0.999829 0.012135 -1.757255 -0.078303 -0.011006 0.996869 307.905556
0.997090 -0.013154 0.075093 2.653300 0.012327 0.999858 0.011468 -1.762998 -0.075233 -0.010509 0.997111 309.030370
0.997272 -0.008791 0.073287 2.668654 0.008101 0.999920 0.009711 -1.760756 -0.073367 -0.009091 0.997264 309.981481
0.997294 -0.009213 0.072930 2.685450 0.008504 0.999914 0.010037 -1.766200 -0.073016 -0.009390 0.997287 311.088704
0.997228 -0.008557 0.073917 2.704132 0.007788 0.999913 0.010690 -1.769977 -0.074002 -0.010085 0.997207 312.105741
0.997149 -0.007419 0.075092 2.723254 0.006590 0.999915 0.011272 -1.772156 -0.075170 -0.010745 0.997113 313.108148
0.997118 -0.006293 0.075608 2.742169 0.005525 0.999931 0.010356 -1.773708 -0.075668 -0.009909 0.997084 314.110185
0.997095 -0.004168 0.076048 2.760584 0.003537 0.999958 0.008434 -1.777521 -0.076080 -0.008140 0.997069 314.989259
0.996924 0.002156 0.078344 2.772727 -0.002568 0.999983 0.005161 -1.776292 -0.078332 -0.005346 0.996913 315.932593
0.996766 0.002294 0.080320 2.789822 -0.002631 0.999988 0.004093 -1.780474 -0.080310 -0.004291 0.996761 316.636481
0.996546 0.001993 0.083014 2.799642 -0.002346 0.999989 0.004153 -1.787499 -0.083005 -0.004334 0.996540 317.479444
0.996412 0.000268 0.084634 2.829700 -0.000547 0.999995 0.003272 -1.787927 -0.084633 -0.003307 0.996407 318.467407
0.996127 0.000246 0.087929 2.840929 -0.000520 0.999995 0.003088 -1.791723 -0.087927 -0.003122 0.996122 319.347037
0.995827 0.000949 0.091253 2.854082 -0.001210 0.999995 0.002807 -1.794584 -0.091250 -0.002906 0.995824 320.208889
0.995591 0.000590 0.093793 2.879569 -0.000815 0.999997 0.002365 -1.797573 -0.093791 -0.002431 0.995589 321.065000
0.995316 -0.000720 0.096671 2.916207 0.000443 0.999996 0.002888 -1.799682 -0.096672 -0.002832 0.995312 321.665000
0.994880 -0.004727 0.100953 2.958731 0.004306 0.999981 0.004393 -1.803014 -0.100972 -0.003936 0.994881 322.203333
0.994622 0.000478 0.103565 2.975678 -0.000694 0.999998 0.002050 -1.799238 -0.103564 -0.002111 0.994621 323.143333
0.994264 -0.000858 0.106947 3.011326 0.000568 0.999996 0.002737 -1.804507 -0.106949 -0.002660 0.994261 323.978148
0.993823 -0.001157 0.110976 3.039691 0.000984 0.999998 0.001614 -1.802497 -0.110978 -0.001495 0.993822 324.817037
0.993417 -0.004568 0.114463 3.071496 0.004452 0.999989 0.001273 -1.805246 -0.114468 -0.000755 0.993427 325.619259
0.993055 -0.003992 0.117585 3.098111 0.004013 0.999992 0.000056 -1.806940 -0.117584 0.000416 0.993063 326.474630
0.992632 -0.002397 0.121147 3.124134 0.002443 0.999997 -0.000233 -1.814557 -0.121147 0.000528 0.992634 327.372778
0.992180 -0.005818 0.124677 3.150582 0.005801 0.999983 0.000503 -1.817015 -0.124678 0.000224 0.992197 328.150926
0.991839 -0.000337 0.127497 3.172992 0.000424 1.000000 -0.000654 -1.817527 -0.127497 0.000703 0.991839 329.041852
0.991522 -0.000495 0.129935 3.214555 0.000565 1.000000 -0.000505 -1.821078 -0.129935 0.000574 0.991522 330.016481
0.991208 0.004149 0.132245 3.240365 -0.003822 0.999989 -0.002721 -1.825836 -0.132255 0.002191 0.991213 330.978519
0.990980 -0.000157 0.134012 3.274428 0.000634 0.999994 -0.003522 -1.838283 -0.134010 0.003575 0.990973 331.930000
0.990676 -0.002411 0.136216 3.311629 0.003029 0.999986 -0.004329 -1.845523 -0.136204 0.004701 0.990670 332.905185
0.990703 -0.003638 0.135990 3.346505 0.004270 0.999981 -0.004360 -1.853091 -0.135972 0.004900 0.990700 333.878333
0.990509 -0.002586 0.137423 3.379568 0.003318 0.999981 -0.005101 -1.859243 -0.137407 0.005508 0.990499 334.833333
0.990588 0.000580 0.136877 3.423483 0.000439 0.999972 -0.007418 -1.859198 -0.136877 0.007408 0.990560 335.933333
0.990300 0.002473 0.138926 3.456454 -0.001532 0.999975 -0.006880 -1.868996 -0.138940 0.006601 0.990279 336.859815
0.990226 -0.001500 0.139462 3.486636 0.002731 0.999959 -0.008638 -1.879987 -0.139444 0.008935 0.990190 337.695556
0.990170 -0.004091 0.139807 3.517200 0.005636 0.999927 -0.010655 -1.888985 -0.139753 0.011338 0.990121 338.526111
0.990147 0.000648 0.140031 3.565411 0.000936 0.999936 -0.011245 -1.893035 -0.140030 0.011265 0.990083 339.588889
0.990178 0.001865 0.139801 3.663118 -0.000766 0.999968 -0.007909 -1.900901 -0.139811 0.007724 0.990148 340.730370
0.990424 -0.002034 0.138042 3.659867 0.002234 0.999997 -0.001288 -1.912003 -0.138039 0.001584 0.990426 341.052593
0.990420 -0.008101 0.137848 3.708543 0.007583 0.999962 0.004287 -1.929014 -0.137877 -0.003201 0.990444 342.119074
0.989978 -0.003397 0.141179 3.731698 0.003419 0.999994 0.000084 -1.921696 -0.141178 0.000399 0.989984 343.203333
0.989332 -0.002953 0.145647 3.774458 0.003890 0.999973 -0.006148 -1.928177 -0.145625 0.006649 0.989317 344.322593
0.988812 -0.002556 0.149144 3.827932 0.004087 0.999942 -0.009957 -1.931953 -0.149110 0.010456 0.988765 345.375556
0.988186 -0.004223 0.153197 3.865160 0.005802 0.999935 -0.009862 -1.941874 -0.153146 0.010634 0.988146 346.465741
0.987644 -0.007575 0.156532 3.923072 0.008700 0.999941 -0.006504 -1.952947 -0.156474 0.007785 0.987651 347.685185
0.987017 -0.008824 0.160371 3.958089 0.009669 0.999943 -0.004488 -1.955550 -0.160323 0.005981 0.987047 348.745926
0.986392 -0.005409 0.164324 4.005112 0.006367 0.999966 -0.005306 -1.956148 -0.164290 0.006280 0.986392 349.876667
0.985701 -0.005114 0.168424 4.051153 0.005831 0.999976 -0.003762 -1.968860 -0.168401 0.004690 0.985707 350.979815
0.985368 -0.002936 0.170413 4.103538 0.004011 0.999974 -0.005961 -1.976620 -0.170391 0.006557 0.985355 352.137222
0.984692 0.002728 0.174280 4.145930 -0.001172 0.999959 -0.009029 -1.978870 -0.174297 0.008686 0.984655 353.226481
0.984039 0.007256 0.177808 4.192789 -0.005773 0.999944 -0.008856 -1.987455 -0.177862 0.007688 0.984025 354.341296
0.983445 0.013106 0.180735 4.257262 -0.011745 0.999894 -0.008597 -1.992905 -0.180828 0.006332 0.983494 355.442037
0.983328 0.005738 0.181753 4.332170 -0.004645 0.999969 -0.006440 -1.999562 -0.181784 0.005488 0.983323 356.154444
0.982369 0.011491 0.186598 4.343191 -0.010398 0.999923 -0.006838 -2.001491 -0.186662 0.004778 0.982413 356.242037
0.981833 0.004936 0.189685 4.369547 -0.003942 0.999977 -0.005617 -2.008153 -0.189708 0.004767 0.981829 356.300741
0.981027 0.000144 0.193874 4.382976 0.000967 0.999984 -0.005637 -2.010617 -0.193871 0.005717 0.981010 356.382222
0.980599 0.000176 0.196022 4.391518 0.001115 0.999978 -0.006472 -2.005968 -0.196019 0.006565 0.980578 356.447963
0.979778 0.009229 0.199875 4.424224 -0.007810 0.999938 -0.007891 -2.010182 -0.199935 0.006170 0.979790 356.678704
0.979471 0.005475 0.201511 4.422642 -0.004319 0.999972 -0.006177 -2.014290 -0.201539 0.005180 0.979467 356.750185
0.979411 0.002635 0.201860 4.441745 -0.001763 0.999988 -0.004499 -2.018536 -0.201869 0.004051 0.979404 356.813704
0.979151 0.007388 0.203000 4.468859 -0.006718 0.999969 -0.003992 -2.022747 -0.203023 0.002545 0.979171 356.900926
0.978988 0.004706 0.203865 4.486738 -0.004440 0.999989 -0.001762 -2.028899 -0.203871 0.000820 0.978997 356.994074
0.979111 0.008251 0.203157 4.538362 -0.007911 0.999966 -0.002486 -2.026995 -0.203170 0.000827 0.979143 357.116296
0.979216 0.004785 0.202766 4.525346 -0.004538 0.999988 -0.001685 -2.031702 -0.202771 0.000730 0.979226 357.241852
0.979160 0.003639 0.203055 4.507352 -0.003450 0.999993 -0.001286 -2.038248 -0.203059 0.000559 0.979166 357.355000
0.979368 0.009090 0.201882 4.548665 -0.008844 0.999959 -0.002118 -2.039135 -0.201893 0.000288 0.979408 357.429815
0.979486 0.012138 0.201145 4.589261 -0.011728 0.999926 -0.003228 -2.038968 -0.201170 0.000803 0.979556 357.512407
0.979832 0.007461 0.199684 4.623857 -0.007579 0.999971 -0.000173 -2.048876 -0.199679 -0.001344 0.979860 357.568148
0.980296 0.005615 0.197455 4.622999 -0.006344 0.999975 0.003060 -2.055298 -0.197432 -0.004252 0.980307 357.617222
0.981039 -0.003960 0.193768 4.627147 0.002412 0.999963 0.008223 -2.064178 -0.193794 -0.007599 0.981013 357.705185
0.981999 -0.001705 0.188878 4.719623 -0.000408 0.999938 0.011146 -2.070848 -0.188886 -0.011022 0.981937 357.817407
0.982660 -0.010547 0.185117 4.742059 0.007838 0.999851 0.015361 -2.079738 -0.185252 -0.013644 0.982596 358.026852
0.983486 -0.007175 0.180843 4.787606 0.004638 0.999885 0.014449 -2.075960 -0.180926 -0.013372 0.983406 358.227037
0.984365 -0.010590 0.175821 4.805475 0.007900 0.999841 0.015993 -2.075831 -0.175962 -0.014354 0.984292 358.422407
0.985205 -0.012428 0.170930 4.852422 0.009717 0.999814 0.016688 -2.077438 -0.171105 -0.014780 0.985142 358.595370
0.985832 -0.012366 0.167279 4.878249 0.009765 0.999818 0.016364 -2.074918 -0.167451 -0.014499 0.985774 358.905926
0.986507 -0.011138 0.163340 4.929757 0.008872 0.999854 0.014599 -2.068826 -0.163479 -0.012953 0.986462 359.214815
0.987202 -0.010004 0.159162 4.977403 0.007548 0.999843 0.016028 -2.079603 -0.159298 -0.014622 0.987122 360.036481
0.987850 -0.016528 0.154529 5.020451 0.014140 0.999763 0.016537 -2.082658 -0.154766 -0.014151 0.987850 361.110741
0.988495 -0.015604 0.150446 5.051694 0.013377 0.999786 0.015804 -2.084486 -0.150660 -0.013610 0.988492 361.728519
0.989227 -0.014400 0.145679 5.096402 0.012481 0.999823 0.014081 -2.087257 -0.145856 -0.012111 0.989232 362.752593
0.990399 -0.011872 0.137724 5.153839 0.010304 0.999874 0.012092 -2.089375 -0.137850 -0.010557 0.990397 363.672593
0.991547 -0.011910 0.129201 5.185902 0.010570 0.999883 0.011053 -2.096932 -0.129318 -0.009593 0.991557 364.684444
0.992924 -0.011360 0.118211 5.233403 0.010165 0.999891 0.010702 -2.102367 -0.118319 -0.009424 0.992931 365.625556
0.994275 -0.011313 0.106252 5.250129 0.010240 0.999891 0.010638 -2.104834 -0.106361 -0.009489 0.994282 366.795926
0.995927 -0.010725 0.089525 5.259650 0.009747 0.999888 0.011352 -2.111065 -0.089636 -0.010433 0.995920 367.521852
0.997621 -0.006755 0.068600 5.297070 0.005976 0.999915 0.011555 -2.113156 -0.068673 -0.011117 0.997577 368.237778
0.998904 -0.005380 0.046495 5.291003 0.004847 0.999921 0.011569 -2.117373 -0.046554 -0.011331 0.998852 369.216296
0.999756 -0.005276 0.021459 5.276256 0.005008 0.999909 0.012532 -2.121762 -0.021523 -0.012421 0.999691 370.374444
0.999972 -0.002443 -0.007130 5.280176 0.002532 0.999918 0.012543 -2.125668 0.007099 -0.012560 0.999896 371.186111
0.999288 -0.002654 -0.037632 5.252152 0.003169 0.999902 0.013643 -2.126893 0.037592 -0.013753 0.999199 372.221667
0.997297 -0.003386 -0.073395 5.275538 0.004563 0.999864 0.015866 -2.135591 0.073331 -0.016158 0.997177 372.687037
0.994006 -0.004651 -0.109231 5.200396 0.006621 0.999822 0.017679 -2.136076 0.109129 -0.018296 0.993859 373.922963
0.988792 -0.000507 -0.149297 5.216292 0.003353 0.999817 0.018812 -2.137326 0.149260 -0.019102 0.988613 374.316667
0.981842 0.001753 -0.189695 5.183947 0.002350 0.999768 0.021402 -2.141061 0.189689 -0.021459 0.981610 375.105000
0.972647 -0.001380 -0.232286 5.104481 0.006931 0.999710 0.023085 -2.139542 0.232187 -0.024063 0.972374 376.231667
0.961330 -0.001896 -0.275391 5.039530 0.008760 0.999681 0.023698 -2.138681 0.275259 -0.025194 0.961040 376.918704
0.947519 0.000085 -0.319700 4.968352 0.008226 0.999662 0.024646 -2.140815 0.319595 -0.025982 0.947198 377.737407
0.930626 -0.002255 -0.365964 4.885421 0.012210 0.999616 0.024888 -2.140165 0.365767 -0.027630 0.930296 378.563148
0.910533 -0.001252 -0.413434 4.816538 0.012802 0.999601 0.025167 -2.139232 0.413238 -0.028208 0.910186 379.489815
0.886904 0.000047 -0.461954 4.730185 0.013297 0.999583 0.025630 -2.135243 0.461763 -0.028874 0.886533 380.334815
0.861238 -0.000588 -0.508202 4.635603 0.014424 0.999625 0.023287 -2.129113 0.507998 -0.027386 0.860923 380.872037
0.828696 -0.001923 -0.559696 4.543049 0.017028 0.999618 0.021777 -2.125054 0.559440 -0.027577 0.828412 381.759074
0.795103 -0.001567 -0.606472 4.418616 0.019663 0.999537 0.023197 -2.124888 0.606155 -0.030369 0.794767 382.365370
0.759337 -0.003014 -0.650691 4.287885 0.024671 0.999404 0.024161 -2.118662 0.650230 -0.034400 0.758958 382.807778
0.718637 -0.001399 -0.695384 4.123463 0.026612 0.999321 0.025491 -2.114057 0.694876 -0.036825 0.718186 383.365926
0.674590 -0.000600 -0.738192 3.987451 0.027590 0.999321 0.024400 -2.106101 0.737677 -0.036827 0.674149 383.760185
0.628278 0.007566 -0.777952 3.846064 0.020066 0.999462 0.025926 -2.104705 0.777730 -0.031899 0.627789 384.073333
0.579540 0.012717 -0.814844 3.710271 0.016400 0.999494 0.027262 -2.107759 0.814779 -0.029163 0.579038 384.321667
0.529411 0.015088 -0.848231 3.524959 0.013055 0.999579 0.025929 -2.094615 0.848265 -0.024801 0.528991 384.623148
0.475301 0.016247 -0.879673 3.385693 0.014706 0.999543 0.026407 -2.093021 0.879700 -0.025488 0.474845 384.840926
0.422429 0.023064 -0.906103 3.225579 0.015135 0.999357 0.032494 -2.106440 0.906270 -0.027440 0.421808 385.013519
0.373678 0.022197 -0.927293 2.954634 0.017984 0.999352 0.031169 -2.081542 0.927384 -0.028324 0.373036 385.109630
0.317333 0.023140 -0.948032 2.789569 0.017719 0.999383 0.030325 -2.068563 0.948149 -0.026421 0.316727 385.195556
0.265418 0.026806 -0.963761 2.585822 0.015511 0.999365 0.032068 -2.059557 0.964009 -0.023460 0.264834 385.052222
0.208837 0.031354 -0.977448 2.409427 0.017568 0.999204 0.035806 -2.055751 0.977793 -0.024650 0.208120 384.993704
0.160452 0.041853 -0.986156 2.196739 0.011718 0.998950 0.044302 -2.054664 0.986974 -0.018664 0.159793 384.635926
0.119382 0.046566 -0.991756 1.913335 0.012174 0.998756 0.048360 -2.036899 0.992774 -0.017847 0.118666 384.122778
0.063747 0.052113 -0.996605 1.682858 0.012395 0.998517 0.053006 -2.024832 0.997889 -0.015732 0.063006 383.854815
0.019446 0.056623 -0.998206 1.478834 0.015745 0.998254 0.056932 -2.015113 0.999687 -0.016824 0.018521 383.327593
-0.012083 0.057347 -0.998281 1.292399 0.026768 0.998015 0.057008 -2.002020 0.999569 -0.026033 -0.013594 382.512963
-0.044660 0.058692 -0.997277 1.108772 0.034262 0.997775 0.057187 -1.992427 0.998415 -0.031615 -0.046571 381.701852
-0.071220 0.072290 -0.994838 0.918218 0.034113 0.996963 0.070002 -2.039090 0.996877 -0.028951 -0.073470 380.640000
-0.111067 0.069137 -0.991405 0.781460 0.033892 0.997260 0.065748 -2.016430 0.993235 -0.026298 -0.113106 380.057778
-0.156184 0.067815 -0.985397 0.582989 0.032472 0.997454 0.063498 -1.998123 0.987194 -0.022081 -0.157989 379.564444
-0.198858 0.069289 -0.977576 0.393428 0.034383 0.997377 0.063698 -1.989053 0.979425 -0.020945 -0.200719 379.099444
-0.243844 0.073206 -0.967047 0.163022 0.034225 0.997175 0.066857 -1.986421 0.969210 -0.016795 -0.245661 378.754630
-0.281069 0.072337 -0.956957 -0.058567 0.030029 0.997330 0.066569 -1.971003 0.959217 -0.010026 -0.282491 378.265926
-0.319616 0.071637 -0.944835 -0.286481 0.029531 0.997407 0.065633 -1.945521 0.947087 -0.006925 -0.320903 377.752963
-0.361019 0.069250 -0.929984 -0.517964 0.027137 0.997597 0.063750 -1.911211 0.932164 -0.002222 -0.362031 377.253519
-0.400637 0.071178 -0.913468 -0.747992 0.028508 0.997464 0.065220 -1.900572 0.915793 0.000088 -0.401650 376.745556
-0.439882 0.068611 -0.895431 -0.988420 0.025695 0.997631 0.063819 -1.887433 0.897688 0.005065 -0.440603 376.175000
-0.477969 0.062737 -0.876134 -1.226054 0.023565 0.998003 0.058608 -1.868352 0.878061 0.007366 -0.478492 375.639444
-0.513351 0.058925 -0.856154 -1.467930 0.022906 0.998225 0.054968 -1.853689 0.857873 0.008606 -0.513789 375.020556
-0.546033 0.056851 -0.835833 -1.714671 0.023284 0.998339 0.052693 -1.840143 0.837440 0.009311 -0.546450 374.318889
-0.578553 0.055298 -0.813768 -1.947869 0.021604 0.998388 0.052484 -1.824645 0.815358 0.012784 -0.578816 373.669630
-0.611684 0.050325 -0.789500 -2.230461 0.015426 0.998544 0.051698 -1.804989 0.790952 0.019444 -0.611570 372.885926
-0.642412 0.051676 -0.764616 -2.492522 0.017371 0.998449 0.052886 -1.795893 0.766163 0.020693 -0.642313 372.052222
-0.672443 0.051127 -0.738381 -2.736865 0.018447 0.998459 0.052336 -1.776449 0.739919 0.021572 -0.672350 371.182963
-0.699728 0.055492 -0.712251 -2.979408 0.024365 0.998252 0.053837 -1.762295 0.713993 0.020317 -0.699858 370.209815
-0.725788 0.058588 -0.685419 -3.209487 0.026770 0.998017 0.056962 -1.747313 0.687398 0.022994 -0.725917 369.237222
-0.750140 0.062565 -0.658313 -3.426476 0.031257 0.997756 0.059208 -1.736608 0.660540 0.023838 -0.750413 368.259074
-0.772733 0.060453 -0.631846 -3.687865 0.029977 0.997819 0.058807 -1.712858 0.634023 0.026501 -0.772860 367.015185
-0.793284 0.057932 -0.606089 -4.015565 0.029930 0.997970 0.056215 -1.684724 0.608115 0.026454 -0.793408 365.358333
-0.812535 0.051348 -0.580647 -4.257851 0.025292 0.998280 0.052888 -1.660445 0.582364 0.028288 -0.812436 364.099815
-0.829133 0.051528 -0.556672 -4.480946 0.026828 0.998263 0.052444 -1.637207 0.558407 0.028549 -0.829075 362.806852
-0.845430 0.050966 -0.531649 -4.738332 0.026090 0.998189 0.054203 -1.618061 0.533448 0.031955 -0.845229 361.365185
-0.860156 0.047469 -0.507817 -4.978401 0.022850 0.998246 0.054608 -1.595827 0.509519 0.035368 -0.859732 359.868704
-0.869382 0.050881 -0.491514 -5.112513 0.028497 0.998192 0.052927 -1.577755 0.493318 0.032007 -0.869260 358.606111
-0.881696 0.049316 -0.469234 -5.345930 0.026812 0.998152 0.054525 -1.552085 0.471056 0.035493 -0.881389 357.086296
-0.891690 0.054565 -0.449346 -5.544785 0.031520 0.997783 0.058615 -1.543568 0.451549 0.038103 -0.891433 355.618333
-0.899782 0.052064 -0.433223 -5.719496 0.029663 0.997858 0.058312 -1.524252 0.435331 0.039618 -0.899399 354.182222
-0.906654 0.047428 -0.419202 -5.905316 0.026306 0.998083 0.056026 -1.503397 0.421055 0.039768 -0.906163 352.693889
-0.912095 0.048390 -0.407113 -6.138310 0.026726 0.997916 0.058737 -1.490357 0.409107 0.042694 -0.911487 350.916481
-0.914883 0.045611 -0.401135 -6.309657 0.023448 0.997924 0.059990 -1.471619 0.403038 0.045478 -0.914053 349.455000
-0.916166 0.042223 -0.398569 -6.501503 0.019863 0.997997 0.060067 -1.442012 0.400307 0.047115 -0.915169 347.926481
-0.916279 0.039334 -0.398604 -6.691259 0.016799 0.998065 0.059872 -1.422499 0.400187 0.048163 -0.915167 346.312037
-0.915793 0.036636 -0.399976 -6.901421 0.014467 0.998194 0.058305 -1.397932 0.401390 0.047609 -0.914669 344.793148
-0.915181 0.043158 -0.400726 -7.126564 0.020442 0.997941 0.060790 -1.380819 0.402525 0.047442 -0.914179 343.062778
-0.913916 0.042829 -0.403638 -7.300228 0.019887 0.997948 0.060863 -1.366028 0.405416 0.047597 -0.912892 341.651481
-0.912427 0.044848 -0.406776 -7.526029 0.020878 0.997784 0.063178 -1.346058 0.408708 0.049152 -0.911341 339.896481
