1.000000 0.000000 0.000000 0.000000 0.000000 1.000000 0.000000 0.000000 0.000000 0.000000 1.000000 0.000000
0.999994 -0.003407 -0.000735 -0.000328 0.003406 0.999993 -0.001476 0.005800 0.000740 0.001474 0.999999 -0.918384
1.000000 -0.000364 -0.000249 -0.006108 0.000364 1.000000 0.000152 -0.000687 0.000249 -0.000152 1.000000 0.125781
0.999996 0.002812 0.000140 -0.013656 -0.002812 0.999996 0.000226 -0.006560 -0.000139 -0.000227 1.000000 1.135666
0.999991 0.004079 0.000762 -0.022067 -0.004079 0.999992 -0.000184 -0.015525 -0.000763 0.000181 1.000000 2.183411
0.999972 0.007407 0.001151 -0.029942 -0.007406 0.999972 -0.000887 -0.018201 -0.001157 0.000878 0.999999 3.249406
0.999965 0.008203 0.001483 -0.030005 -0.008201 0.999965 -0.001359 -0.023208 -0.001494 0.001347 0.999998 4.310646
0.999964 0.008352 0.001504 -0.033612 -0.008350 0.999965 -0.000977 -0.029190 -0.001512 0.000964 0.999998 5.262237
0.999960 0.008607 0.002366 -0.043016 -0.008611 0.999961 0.001712 -0.036399 -0.002351 -0.001733 0.999996 6.212687
0.999950 0.009137 0.003984 -0.046547 -0.009158 0.999945 0.005181 -0.040296 -0.003937 -0.005217 0.999979 7.055915
0.999923 0.010920 0.005953 -0.053039 -0.010967 0.999908 0.008003 -0.040734 -0.005865 -0.008068 0.999950 7.924604
0.999909 0.011556 0.006997 -0.057027 -0.011625 0.999883 0.009907 -0.043891 -0.006881 -0.009988 0.999926 8.748896
0.999890 0.011870 0.008869 -0.068820 -0.011955 0.999883 0.009576 -0.046956 -0.008754 -0.009681 0.999915 9.484711
0.999869 0.012475 0.010292 -0.077131 -0.012549 0.999896 0.007152 -0.048090 -0.010202 -0.007280 0.999921 9.923422
0.999846 0.013147 0.011578 -0.081793 -0.013193 0.999905 0.003941 -0.045024 -0.011525 -0.004093 0.999925 10.326763
0.999839 0.011309 0.013944 -0.096201 -0.011342 0.999933 0.002242 -0.041833 -0.013918 -0.002400 0.999900 10.662552
0.999803 0.010208 0.017055 -0.107932 -0.010201 0.999948 -0.000522 -0.036015 -0.017059 0.000348 0.999854 10.929143
0.999786 0.007652 0.019228 -0.107398 -0.007629 0.999970 -0.001291 -0.036521 -0.019238 0.001144 0.999814 11.245893
0.999696 0.012014 0.021523 -0.115842 -0.011943 0.999923 -0.003409 -0.038460 -0.021562 0.003151 0.999762 11.456581
0.999577 0.015707 0.024484 -0.115474 -0.015606 0.999869 -0.004288 -0.039098 -0.024548 0.003904 0.999691 11.752887
0.999460 0.015725 0.028842 -0.143909 -0.015637 0.999872 -0.003274 -0.040609 -0.028890 0.002821 0.999579 12.089443
0.999407 0.013957 0.031481 -0.116111 -0.013855 0.999898 -0.003453 -0.038043 -0.031526 0.003015 0.999498 12.242857
0.999401 0.008364 0.033576 -0.100458 -0.008247 0.999959 -0.003625 -0.035540 -0.033605 0.003346 0.999430 12.433331
0.999314 0.005720 0.036577 -0.107461 -0.005630 0.999981 -0.002562 -0.035019 -0.036591 0.002354 0.999328 12.555570
0.999213 0.005326 0.039307 -0.112397 -0.005275 0.999985 -0.001401 -0.036867 -0.039314 0.001193 0.999226 12.726457
0.999103 0.006290 0.041879 -0.112423 -0.006189 0.999978 -0.002546 -0.034854 -0.041894 0.002285 0.999120 12.897885
0.999022 0.006782 0.043687 -0.109059 -0.006618 0.999971 -0.003885 -0.035330 -0.043712 0.003593 0.999038 13.036448
0.998904 0.007731 0.046152 -0.105130 -0.007527 0.999961 -0.004576 -0.035004 -0.046185 0.004224 0.998924 13.177706
0.998817 0.009588 0.047665 -0.104526 -0.009354 0.999943 -0.005133 -0.037834 -0.047711 0.004681 0.998850 13.296809
0.998714 0.012846 0.049034 -0.095655 -0.012540 0.999900 -0.006557 -0.039167 -0.049113 0.005933 0.998776 13.387985
0.998666 0.010504 0.050549 -0.095881 -0.010102 0.999915 -0.008196 -0.037906 -0.050631 0.007675 0.998688 13.518320
0.998640 0.008481 0.051437 -0.080270 -0.008015 0.999925 -0.009268 -0.039414 -0.051512 0.008844 0.998633 13.612326
0.998547 0.008615 0.053187 -0.077714 -0.008056 0.999910 -0.010706 -0.038102 -0.053275 0.010262 0.998527 13.711054
0.998478 0.008831 0.054442 -0.074422 -0.008168 0.999890 -0.012388 -0.035677 -0.054545 0.011924 0.998440 13.826022
0.998402 0.008409 0.055885 -0.074137 -0.007630 0.999871 -0.014128 -0.037178 -0.055997 0.013679 0.998337 13.919039
0.998366 0.007464 0.056657 -0.073781 -0.006559 0.999848 -0.016142 -0.035563 -0.056769 0.015744 0.998263 14.031372
0.998304 0.008894 0.057526 -0.072370 -0.007826 0.999793 -0.018759 -0.035029 -0.057681 0.018277 0.998168 14.120507
0.998374 -0.002431 0.056953 -0.076241 0.003484 0.999825 -0.018396 -0.038487 -0.056898 0.018564 0.998207 14.228954
0.998472 -0.001522 0.055237 -0.076765 0.002638 0.999794 -0.020126 -0.036201 -0.055195 0.020241 0.998270 14.339317
0.998677 0.002436 0.051357 -0.047379 -0.001340 0.999771 -0.021364 -0.039190 -0.051397 0.021267 0.998452 14.400572
0.998840 0.003586 0.048012 -0.056675 -0.002491 0.999736 -0.022847 -0.037909 -0.048081 0.022701 0.998585 14.493596
0.999092 0.002148 0.042544 -0.057052 -0.001140 0.999718 -0.023696 -0.037848 -0.042583 0.023626 0.998814 14.571656
0.999323 -0.000757 0.036775 -0.071183 0.001659 0.999698 -0.024503 -0.035719 -0.036745 0.024548 0.999023 14.685739
0.999556 -0.001041 0.029762 -0.072733 0.001798 0.999675 -0.025425 -0.034323 -0.029726 0.025467 0.999234 14.758043
0.999749 -0.001340 0.022340 -0.077744 0.001930 0.999649 -0.026426 -0.035916 -0.022297 0.026463 0.999401 14.836220
0.999908 -0.002774 0.013295 -0.085309 0.003141 0.999613 -0.027660 -0.036140 -0.013213 0.027699 0.999529 14.918569
0.999994 -0.002985 0.001577 -0.091552 0.003030 0.999559 -0.029541 -0.035767 -0.001488 0.029546 0.999562 14.993144
0.999893 -0.002856 -0.014360 -0.093033 0.002396 0.999487 -0.031939 -0.035382 0.014444 0.031901 0.999387 15.032828
0.999472 0.000035 -0.032503 -0.105756 -0.001106 0.999458 -0.032914 -0.035105 0.032484 0.032933 0.998930 15.077372
0.998593 0.001313 -0.053019 -0.118852 -0.003057 0.999456 -0.032824 -0.034406 0.052947 0.032940 0.998054 15.136056
0.997067 0.002689 -0.076480 -0.137300 -0.005114 0.999490 -0.031520 -0.037801 0.076357 0.031818 0.996573 15.406844
0.994728 0.004279 -0.102460 -0.164571 -0.007415 0.999515 -0.030243 -0.037446 0.102281 0.030844 0.994277 15.721456
0.991211 0.004332 -0.132219 -0.189880 -0.008126 0.999570 -0.028170 -0.043174 0.132040 0.028997 0.990820 16.009194
0.986358 0.003428 -0.164580 -0.220428 -0.007645 0.999658 -0.024996 -0.047151 0.164438 0.025913 0.986047 16.332165
0.979575 0.003973 -0.201042 -0.251187 -0.008500 0.999729 -0.021659 -0.047846 0.200902 0.022926 0.979343 16.681324
0.970800 0.005835 -0.239818 -0.313998 -0.010104 0.999811 -0.016577 -0.050925 0.239676 0.018517 0.970676 17.126598
0.959747 0.008992 -0.280723 -0.369874 -0.012924 0.999843 -0.012157 -0.052316 0.280570 0.015296 0.959712 17.558406
0.946520 0.014523 -0.322319 -0.460586 -0.018074 0.999804 -0.008026 -0.054034 0.322140 0.013422 0.946597 18.154887
0.930477 0.016958 -0.365959 -0.513941 -0.019305 0.999810 -0.002756 -0.057940 0.365843 0.009629 0.930627 18.661519
0.911743 0.020255 -0.410262 -0.576451 -0.019984 0.999788 0.004951 -0.062875 0.410276 0.003684 0.911954 19.129889
0.889693 0.025332 -0.455856 -0.643939 -0.022361 0.999679 0.011910 -0.067325 0.456011 -0.000403 0.889974 19.745815
0.864381 0.030539 -0.501910 -0.713476 -0.025711 0.999533 0.016538 -0.070156 0.502180 -0.001391 0.864762 20.330981
0.835206 0.035240 -0.548807 -0.777623 -0.029220 0.999379 0.019703 -0.068090 0.549161 -0.000420 0.835717 20.906778
0.804776 0.038807 -0.592309 -0.883377 -0.032701 0.999244 0.021038 -0.060335 0.592678 0.002438 0.805436 21.378222
0.774252 0.041702 -0.631502 -1.049299 -0.034474 0.999124 0.023712 -0.053839 0.631938 0.003411 0.775011 21.769741
0.742653 0.044881 -0.668171 -1.252221 -0.035704 0.998986 0.027418 -0.043098 0.668724 0.003494 0.743503 22.108315
0.713777 0.043675 -0.699010 -1.490297 -0.031733 0.999046 0.030019 -0.035916 0.699654 0.000755 0.714482 22.284333
0.684320 0.041246 -0.728015 -1.772331 -0.027160 0.999148 0.031077 -0.027198 0.728676 -0.001493 0.684857 22.459241
0.649186 0.042102 -0.759463 -1.987100 -0.025050 0.999109 0.033975 -0.022988 0.760217 -0.003031 0.649662 22.702333
0.610822 0.041253 -0.790693 -2.198283 -0.020389 0.999130 0.036377 -0.014358 0.791505 -0.006098 0.611132 23.027704
0.566991 0.041864 -0.822659 -2.371910 -0.019961 0.999113 0.037086 -0.002865 0.823482 -0.004606 0.567324 23.412815
0.520257 0.041196 -0.853016 -2.553053 -0.021647 0.999151 0.035050 0.013061 0.853735 0.000230 0.520707 23.702685
0.471665 0.039610 -0.880888 -2.748912 -0.016688 0.999213 0.035995 0.020290 0.881620 -0.002277 0.471954 23.954204
0.421935 0.038874 -0.905792 -2.963114 -0.011414 0.999229 0.037567 0.026537 0.906554 -0.005513 0.422053 24.186019
0.373152 0.038588 -0.926968 -3.215236 -0.009193 0.999239 0.037895 0.034654 0.927725 -0.005619 0.373222 24.363444
0.327344 0.043659 -0.943896 -3.483355 -0.009074 0.999031 0.043062 0.048303 0.944862 -0.005531 0.327423 24.399741
0.280643 0.047945 -0.958614 -3.688552 -0.009990 0.998843 0.047032 0.054575 0.959760 -0.003622 0.280797 24.482963
0.237639 0.049630 -0.970085 -3.947399 -0.010029 0.998766 0.048641 0.064285 0.971302 -0.001830 0.237844 24.525556
0.196409 0.050448 -0.979224 -4.172234 -0.010036 0.998727 0.049439 0.070453 0.980471 0.000118 0.196665 24.626426
0.158031 0.048694 -0.986233 -4.445777 -0.009020 0.998813 0.047870 0.084033 0.987393 0.001331 0.158283 24.692537
0.124686 0.045786 -0.991139 -4.589419 -0.012358 0.998929 0.044591 0.084440 0.992119 0.006689 0.125118 24.705796
0.098125 0.045183 -0.994148 -4.891666 -0.015205 0.998920 0.043899 0.101987 0.995058 0.010809 0.098706 24.747037
0.079355 0.048735 -0.995655 -5.171965 -0.017025 0.998725 0.047528 0.115839 0.996701 0.013179 0.080083 24.728556
0.069902 0.053800 -0.996102 -5.243331 -0.014558 0.998493 0.052907 0.124671 0.997448 0.010803 0.070580 24.562315
0.065440 0.056434 -0.996259 -5.280390 -0.011861 0.998373 0.055775 0.126133 0.997786 0.008166 0.066003 24.351889
0.063946 0.054054 -0.996488 -5.361136 -0.011844 0.998503 0.053403 0.132865 0.997883 0.008387 0.064491 24.195778
0.065962 0.049623 -0.996587 -5.409299 -0.006696 0.998762 0.049288 0.142545 0.997800 0.003422 0.066213 24.123981
0.069800 0.047988 -0.996406 -5.449205 0.007682 0.998787 0.048641 0.145216 0.997532 -0.011050 0.069347 24.179500
0.076102 0.047959 -0.995946 -5.443864 0.010239 0.998752 0.048877 0.144461 0.997048 -0.013917 0.075516 24.161444
0.083427 0.046546 -0.995426 -5.473780 0.011855 0.998792 0.047697 0.141413 0.996443 -0.015780 0.082774 23.993259
0.084617 0.039158 -0.995644 -5.906704 0.011723 0.999119 0.040291 0.168743 0.996345 -0.015081 0.084083 24.257444
0.085032 0.030510 -0.995911 -5.941080 0.008426 0.999473 0.031338 0.164503 0.996343 -0.011057 0.084730 24.423667
0.087717 0.024131 -0.995853 -5.957696 0.007335 0.999664 0.024869 0.149165 0.996119 -0.009486 0.087510 24.265019
0.083805 0.019996 -0.996282 -6.438134 -0.001901 0.999800 0.019907 0.178715 0.996480 0.000225 0.083827 24.565426
0.079343 0.026432 -0.996497 -6.658594 -0.012191 0.999599 0.025543 0.178858 0.996773 0.010121 0.079634 24.684704
0.079173 0.036122 -0.996206 -6.686410 -0.017655 0.999237 0.034829 0.162191 0.996705 0.014831 0.079750 24.369463
0.078516 0.045606 -0.995869 -6.715105 -0.018723 0.998844 0.044266 0.165994 0.996737 0.015170 0.079279 24.098778
0.075777 0.055241 -0.995593 -6.785732 -0.022238 0.998309 0.053699 0.177301 0.996877 0.018071 0.076877 24.191519
0.076374 0.062964 -0.995089 -6.833263 -0.021061 0.997883 0.061524 0.183948 0.996857 0.016259 0.077538 24.129630
0.075309 0.063572 -0.995132 -6.904996 -0.020511 0.997853 0.062193 0.192575 0.996949 0.015728 0.076451 24.160630
0.072016 0.060951 -0.995540 -7.163959 -0.021218 0.997999 0.059567 0.207191 0.997178 0.016834 0.073165 24.355907
0.068651 0.055886 -0.996074 -7.635357 -0.023447 0.998244 0.054391 0.231330 0.997365 0.019621 0.069841 24.472130
0.067940 0.050965 -0.996387 -7.691533 -0.021643 0.998535 0.049599 0.233088 0.997455 0.018195 0.068943 24.277907
0.061357 0.046183 -0.997047 -8.130375 -0.024300 0.998702 0.044764 0.257706 0.997820 0.021482 0.062400 24.435815
0.060907 0.046138 -0.997077 -8.240292 -0.022795 0.998735 0.044822 0.242264 0.997883 0.019998 0.061882 24.114722
0.059347 0.049119 -0.997028 -8.264678 -0.022570 0.998599 0.047853 0.237171 0.997982 0.019663 0.060372 23.812981
0.056833 0.054124 -0.996916 -8.303623 -0.024005 0.998315 0.052831 0.239482 0.998095 0.020928 0.058037 23.575685
0.054646 0.057118 -0.996871 -8.341758 -0.023880 0.998152 0.055882 0.239719 0.998220 0.020752 0.055909 23.306019
0.053752 0.060003 -0.996750 -8.371933 -0.029467 0.997853 0.058481 0.246718 0.998120 0.026228 0.055404 22.991833
0.055206 0.062231 -0.996534 -8.407487 -0.038082 0.997461 0.060179 0.254026 0.997749 0.034628 0.057436 22.718667
0.056889 0.064538 -0.996293 -8.451410 -0.043024 0.997140 0.062136 0.256994 0.997453 0.039330 0.059503 22.437759
0.056232 0.063995 -0.996365 -8.955727 -0.044283 0.997122 0.061544 0.283649 0.997435 0.040661 0.058904 22.497981
0.055845 0.062894 -0.996457 -9.376630 -0.045214 0.997150 0.060404 0.304963 0.997415 0.041680 0.058529 22.501519
0.055986 0.062182 -0.996493 -9.772974 -0.048145 0.997066 0.059513 0.324188 0.997270 0.044644 0.058815 22.513389
0.055711 0.061472 -0.996553 -10.222281 -0.050504 0.996999 0.058676 0.345261 0.997169 0.047061 0.058649 22.570278
0.058180 0.059532 -0.996529 -10.262214 -0.054398 0.996926 0.056379 0.353336 0.996823 0.050930 0.061240 22.352167
0.062100 0.056042 -0.996495 -10.284716 -0.062025 0.996709 0.052188 0.356473 0.996141 0.058567 0.065371 22.074296
0.067673 0.055599 -0.996157 -10.328456 -0.065613 0.996533 0.051162 0.364499 0.995548 0.061898 0.071086 21.811241
0.073579 0.060525 -0.995451 -10.378384 -0.066081 0.996259 0.055690 0.362902 0.995098 0.061683 0.077303 21.579593
0.076362 0.063390 -0.995063 -10.933796 -0.067557 0.996013 0.058266 0.389890 0.994789 0.062774 0.080340 21.754833
0.078969 0.062604 -0.994909 -11.364106 -0.065327 0.996206 0.057500 0.410470 0.994734 0.060454 0.082759 21.812852
0.084419 0.062336 -0.994479 -11.377951 -0.068175 0.996064 0.056648 0.412082 0.994096 0.063016 0.088336 21.626000
0.091268 0.064055 -0.993764 -11.394686 -0.073881 0.995614 0.057389 0.412341 0.993082 0.068183 0.095600 21.426019
0.095590 0.065117 -0.993289 -12.039646 -0.078009 0.995279 0.057740 0.443134 0.992359 0.071966 0.100219 21.749704
0.102131 0.065804 -0.992592 -12.437318 -0.081743 0.994990 0.057552 0.455240 0.991407 0.075260 0.106998 21.821870
0.109509 0.065773 -0.991807 -12.844688 -0.086574 0.994648 0.056403 0.471333 0.990209 0.079688 0.114617 21.892648
0.116133 0.065237 -0.991089 -13.334630 -0.087403 0.994641 0.055229 0.491498 0.989381 0.080210 0.121212 22.067037
0.121667 0.064425 -0.990478 -13.758957 -0.085894 0.994831 0.054157 0.507476 0.988847 0.078487 0.126572 22.215722
0.126654 0.064766 -0.989830 -14.419863 -0.086967 0.994749 0.053960 0.537918 0.988127 0.079248 0.131622 22.551519
0.132354 0.066268 -0.988985 -14.786609 -0.085131 0.994836 0.055267 0.547428 0.987540 0.076879 0.137312 22.693130
0.136485 0.067340 -0.988351 -15.305749 -0.085548 0.994761 0.055963 0.570528 0.986942 0.076913 0.141531 22.978148
0.141765 0.067242 -0.987614 -15.357406 -0.084887 0.994841 0.055549 0.568340 0.986254 0.075960 0.146741 22.960185
0.146683 0.062500 -0.987207 -15.806302 -0.084892 0.995115 0.050387 0.586058 0.985534 0.076415 0.151272 23.174389
0.150208 0.057445 -0.986984 -16.266523 -0.085386 0.995334 0.044936 0.604226 0.984960 0.077525 0.154412 23.419537
0.154403 0.056654 -0.986382 -16.702805 -0.084865 0.995425 0.043889 0.619018 0.984357 0.076933 0.158504 23.624370
0.156893 0.058738 -0.985867 -17.133320 -0.084866 0.995339 0.045797 0.632059 0.983963 0.076481 0.161147 23.854741
0.158684 0.058816 -0.985576 -17.568144 -0.085291 0.995309 0.045664 0.644598 0.983639 0.076815 0.162956 24.081630
0.159065 0.059029 -0.985502 -18.028159 -0.086631 0.995195 0.045627 0.660576 0.983460 0.078117 0.163414 24.324704
0.160302 0.059849 -0.985252 -18.472558 -0.087902 0.995060 0.046143 0.674628 0.983146 0.079209 0.164771 24.516759
0.161572 0.059775 -0.985049 -18.946159 -0.088097 0.995052 0.045932 0.688201 0.982921 0.079358 0.166039 24.749296
0.162222 0.057904 -0.985054 -19.410554 -0.089157 0.995054 0.043809 0.701674 0.982718 0.080718 0.166582 25.002759
0.163215 0.055794 -0.985012 -19.843828 -0.085257 0.995463 0.042259 0.711784 0.982900 0.077081 0.167231 25.211333
0.163897 0.055385 -0.984921 -20.400935 -0.082745 0.995676 0.042221 0.728908 0.983001 0.074577 0.167771 25.509407
0.163594 0.055414 -0.984970 -20.917008 -0.079784 0.995894 0.042777 0.745949 0.983297 0.071586 0.167343 25.811500
0.164444 0.058014 -0.984679 -21.387586 -0.078507 0.995872 0.045562 0.755630 0.983257 0.069812 0.168319 26.056667
0.162521 0.062130 -0.984747 -21.878743 -0.080585 0.995517 0.049510 0.770780 0.983409 0.071310 0.166799 26.358796
0.162573 0.062179 -0.984735 -22.340588 -0.081340 0.995460 0.049427 0.786083 0.983338 0.072063 0.166892 26.626389
0.163034 0.060648 -0.984755 -22.780737 -0.083420 0.995382 0.047491 0.797292 0.983088 0.074406 0.167341 26.854815
0.163277 0.057971 -0.984876 -23.264280 -0.081486 0.995654 0.045096 0.814724 0.983210 0.072890 0.167291 27.118296
0.163689 0.056884 -0.984871 -23.752229 -0.080058 0.995809 0.044210 0.830935 0.983258 0.071610 0.167557 27.355667
0.163537 0.058977 -0.984773 -24.200311 -0.081528 0.995605 0.046087 0.837967 0.983163 0.072749 0.167626 27.628630
0.163492 0.061563 -0.984622 -24.655633 -0.080834 0.995531 0.048823 0.849680 0.983227 0.071609 0.167738 27.883296
0.164439 0.063331 -0.984352 -25.139414 -0.079640 0.995531 0.050746 0.872227 0.983167 0.070049 0.168748 28.119741
0.163417 0.064816 -0.984426 -25.558956 -0.084115 0.995121 0.051557 0.874995 0.982965 0.074380 0.168072 28.389259
0.163590 0.062497 -0.984547 -26.024301 -0.083517 0.995286 0.049302 0.892726 0.982987 0.074161 0.168039 28.628815
0.163962 0.060983 -0.984580 -26.501953 -0.081655 0.995501 0.048062 0.909108 0.983081 0.072516 0.168204 28.882463
0.164761 0.062170 -0.984372 -26.959559 -0.082961 0.995348 0.048978 0.921465 0.982838 0.073595 0.169152 29.119481
0.165626 0.064389 -0.984084 -27.420395 -0.080440 0.995423 0.051593 0.939383 0.982903 0.070615 0.170048 29.371074
0.166199 0.066880 -0.983822 -27.856046 -0.079972 0.995325 0.054152 0.950232 0.982844 0.069678 0.170770 29.578796
0.167584 0.068603 -0.983468 -28.357895 -0.081088 0.995155 0.055601 0.974222 0.982517 0.070430 0.172335 29.860333
0.168079 0.070935 -0.983218 -28.804955 -0.084168 0.994798 0.057382 0.993032 0.982174 0.073111 0.173175 30.090444
0.168619 0.069675 -0.983216 -29.283660 -0.084389 0.994857 0.056027 1.015259 0.982062 0.073526 0.173631 30.335944
0.168802 0.066376 -0.983413 -29.673275 -0.088103 0.994752 0.052018 1.024235 0.981704 0.077861 0.173764 30.455519
0.169774 0.064974 -0.983339 -30.153265 -0.088423 0.994804 0.050465 1.042723 0.981508 0.078382 0.174637 30.707833
0.170255 0.063708 -0.983339 -30.614431 -0.089961 0.994745 0.048871 1.060713 0.981285 0.080142 0.175092 30.990222
0.170723 0.063300 -0.983284 -31.078312 -0.088612 0.994877 0.048661 1.081264 0.981326 0.078823 0.175457 31.271796
0.170577 0.065786 -0.983146 -31.519120 -0.089308 0.994694 0.051064 1.093349 0.981289 0.079092 0.175547 31.509833
0.170881 0.067493 -0.982977 -31.955429 -0.088000 0.994710 0.053000 1.107338 0.981354 0.077445 0.175917 31.743852
0.169537 0.067298 -0.983223 -32.422518 -0.092442 0.994353 0.052120 1.125893 0.981179 0.082055 0.174801 32.025926
0.169315 0.069407 -0.983115 -32.924950 -0.098678 0.993699 0.053160 1.150105 0.980610 0.088011 0.175097 32.334889
0.168606 0.069852 -0.983205 -33.356351 -0.102024 0.993365 0.053078 1.157911 0.980389 0.091361 0.174614 32.531204
0.169034 0.066094 -0.983392 -33.825935 -0.101745 0.993589 0.049291 1.175228 0.980344 0.091723 0.174675 32.773796
0.168910 0.062544 -0.983645 -34.300568 -0.103555 0.993587 0.045393 1.195819 0.980177 0.094194 0.174304 33.039278
0.167683 0.061020 -0.983951 -34.758477 -0.100955 0.993898 0.044432 1.206303 0.980658 0.091884 0.172820 33.301944
0.167363 0.060436 -0.984041 -35.279696 -0.099296 0.994077 0.044164 1.222723 0.980882 0.090320 0.172373 33.640611
0.167752 0.061810 -0.983890 -35.845340 -0.099951 0.993956 0.045400 1.242310 0.980749 0.090725 0.172916 33.991259
0.168001 0.065736 -0.983593 -36.343571 -0.100357 0.993731 0.049273 1.260020 0.980665 0.090432 0.173544 34.236537
0.167626 0.066203 -0.983625 -36.842909 -0.101853 0.993566 0.049514 1.278629 0.980575 0.091886 0.173291 34.520130
0.167470 0.062210 -0.983912 -37.359949 -0.102846 0.993664 0.045321 1.297772 0.980498 0.093601 0.172807 34.815241
0.167213 0.058842 -0.984163 -37.880595 -0.104723 0.993630 0.041615 1.316962 0.980343 0.096106 0.172310 35.092407
0.167550 0.057154 -0.984206 -38.398244 -0.104927 0.993682 0.039842 1.335627 0.980264 0.096594 0.172488 35.355944
0.167510 0.058760 -0.984118 -38.869718 -0.106678 0.993441 0.041159 1.348192 0.980082 0.098090 0.172680 35.596519
0.165747 0.064102 -0.984083 -39.326855 -0.109781 0.992882 0.046185 1.358867 0.980039 0.100379 0.171604 35.867778
0.166230 0.068209 -0.983725 -39.868670 -0.116087 0.992021 0.049168 1.378667 0.979230 0.106024 0.172822 36.128315
0.166868 0.069320 -0.983540 -40.346737 -0.123899 0.991093 0.048832 1.395240 0.978164 0.113711 0.173971 36.324056
0.166721 0.068018 -0.983655 -40.815949 -0.127050 0.990783 0.046977 1.412554 0.977784 0.117141 0.173826 36.564000
0.166612 0.067902 -0.983682 -41.308515 -0.132251 0.990151 0.045949 1.426054 0.977113 0.122438 0.173951 36.837074
0.165681 0.067374 -0.983875 -41.770296 -0.132070 0.990193 0.045566 1.439286 0.977296 0.122390 0.172955 37.097981
0.165778 0.066977 -0.983886 -42.274127 -0.133730 0.990002 0.044861 1.452875 0.977054 0.124138 0.173077 37.395130
0.164980 0.068035 -0.983948 -42.848276 -0.135274 0.989751 0.045755 1.469696 0.976976 0.125554 0.172492 37.757111
0.168017 0.072674 -0.983102 -43.386435 -0.133563 0.989761 0.050340 1.490151 0.976694 0.122848 0.176003 37.901111
0.167712 0.076870 -0.982835 -43.897064 -0.132395 0.989680 0.054813 1.505558 0.976905 0.120930 0.176158 38.153796
0.167986 0.075766 -0.982873 -44.390214 -0.134445 0.989487 0.053297 1.526896 0.976578 0.123189 0.176406 38.449333
0.166912 0.074464 -0.983156 -44.801780 -0.133773 0.989634 0.052244 1.540782 0.976855 0.122799 0.175143 38.741722
0.168980 0.073907 -0.982845 -45.308279 -0.132956 0.989779 0.051570 1.558857 0.976611 0.121961 0.177079 39.002370
0.169731 0.073427 -0.982751 -45.800462 -0.133251 0.989772 0.050938 1.574607 0.976440 0.122307 0.177779 39.273889
0.170852 0.075497 -0.982400 -46.300664 -0.134274 0.989542 0.052694 1.593933 0.976105 0.122908 0.179202 39.537630
0.172581 0.080190 -0.981726 -46.778996 -0.139706 0.988597 0.056192 1.611382 0.975038 0.127455 0.181816 39.791593
0.174252 0.081307 -0.981339 -47.284803 -0.140737 0.988410 0.056902 1.631732 0.974592 0.128195 0.183676 40.063389
0.175199 0.079134 -0.981348 -47.807431 -0.142261 0.988339 0.054300 1.656265 0.974201 0.130094 0.184414 40.362722
0.175618 0.076276 -0.981499 -48.225640 -0.141314 0.988622 0.051545 1.669187 0.974263 0.129647 0.184398 40.514500
0.175479 0.073884 -0.981707 -48.726808 -0.137807 0.989205 0.049815 1.691170 0.974791 0.126545 0.183766 40.874778
0.175141 0.073348 -0.981807 -49.209995 -0.136911 0.989346 0.049488 1.705264 0.974978 0.125752 0.183317 41.159389
0.174568 0.073361 -0.981908 -49.658999 -0.134455 0.989656 0.050035 1.718892 0.975422 0.123288 0.182626 41.422889
0.174165 0.072765 -0.982024 -50.142326 -0.136689 0.989398 0.049069 1.733315 0.975183 0.125685 0.182264 41.729926
0.174463 0.072700 -0.981976 -50.597600 -0.135297 0.989582 0.049225 1.750279 0.975324 0.124270 0.182481 41.958352
0.174795 0.074608 -0.981774 -51.052664 -0.133822 0.989672 0.051383 1.768501 0.975468 0.122401 0.182974 42.171148
0.173598 0.075945 -0.981884 -51.592502 -0.133920 0.989581 0.052863 1.790986 0.975669 0.122317 0.181960 42.570148
0.173395 0.074256 -0.982049 -52.084474 -0.132624 0.989831 0.051428 1.807435 0.975882 0.121326 0.181480 42.853259
0.173610 0.074694 -0.981978 -52.568244 -0.134448 0.989581 0.051503 1.826210 0.975594 0.123083 0.181844 43.069315
0.173907 0.079803 -0.981523 -53.040928 -0.136414 0.989054 0.056245 1.842264 0.975268 0.124112 0.182890 43.312500
0.171875 0.088354 -0.981148 -53.623442 -0.143766 0.987556 0.063747 1.865735 0.974572 0.130099 0.182439 43.808833
0.178242 0.088712 -0.979980 -54.018630 -0.149078 0.986866 0.062221 1.887587 0.972628 0.135003 0.189126 43.758148
0.179858 0.085837 -0.979940 -54.515268 -0.153036 0.986498 0.058324 1.913997 0.971715 0.139476 0.190566 44.020204
0.182307 0.081022 -0.979898 -55.000998 -0.153719 0.986693 0.052985 1.932279 0.971151 0.140969 0.192335 44.252185
0.183419 0.079917 -0.979781 -55.481598 -0.156450 0.986360 0.051165 1.951185 0.970506 0.143902 0.193420 44.517611
0.185046 0.076519 -0.979746 -55.972566 -0.154308 0.986860 0.047930 1.969695 0.970540 0.142313 0.194421 44.804889
0.186153 0.071969 -0.979881 -56.460996 -0.151284 0.987520 0.043790 1.986211 0.970804 0.140088 0.194718 45.079241
0.187363 0.068054 -0.979931 -56.894832 -0.147003 0.988305 0.040528 1.997654 0.971229 0.136459 0.195176 45.262370
0.188906 0.070284 -0.979477 -57.424680 -0.143879 0.988652 0.043193 2.014561 0.971398 0.132767 0.196875 45.541389
0.189572 0.076473 -0.978884 -57.946050 -0.144329 0.988303 0.049258 2.031124 0.971201 0.131943 0.198392 45.883778
0.190208 0.080147 -0.978467 -58.466394 -0.144356 0.988112 0.052875 2.048094 0.971073 0.131190 0.199516 46.240556
0.192907 0.077411 -0.978159 -58.908654 -0.147158 0.987891 0.049160 2.063874 0.970119 0.134461 0.201962 46.442759
0.194132 0.078270 -0.977848 -59.356962 -0.151060 0.987308 0.049037 2.079375 0.969275 0.138194 0.203491 46.714630
0.195232 0.079357 -0.977541 -59.887080 -0.150183 0.987385 0.050162 2.097388 0.969190 0.137017 0.204687 47.072278
0.196291 0.077603 -0.977470 -60.343218 -0.152928 0.987088 0.047656 2.111969 0.968547 0.140128 0.205624 47.350759
0.198171 0.076643 -0.977166 -60.868908 -0.155488 0.986773 0.045864 2.130821 0.967756 0.142849 0.207466 47.735815
0.200237 0.079458 -0.976520 -61.213428 -0.159646 0.986031 0.047496 2.134921 0.966653 0.146387 0.210125 47.953870
0.200580 0.081713 -0.976264 -61.311006 -0.159977 0.985871 0.049648 2.134960 0.966527 0.146222 0.210818 48.070000
0.201149 0.084007 -0.975952 -61.789392 -0.162474 0.985377 0.051332 2.147113 0.965992 0.148242 0.211857 48.408963
0.201926 0.084951 -0.975710 -62.237538 -0.161235 0.985522 0.052437 2.156869 0.966038 0.146731 0.212700 48.709574
0.202410 0.085902 -0.975526 -62.573580 -0.161192 0.985481 0.053333 2.165463 0.965944 0.146452 0.213318 48.887519
0.203851 0.084678 -0.975333 -63.066438 -0.160150 0.985716 0.052107 2.185027 0.965814 0.145578 0.214501 49.253667
0.206678 0.084820 -0.974726 -63.261324 -0.160076 0.985743 0.051837 2.195243 0.965225 0.145317 0.217309 49.306778
0.207601 0.085871 -0.974437 -63.676098 -0.161129 0.985535 0.052521 2.207495 0.964852 0.146107 0.218435 49.655870
0.209534 0.084216 -0.974168 -64.038654 -0.161820 0.985533 0.050393 2.221597 0.964318 0.147081 0.220130 49.826185
0.207809 0.080704 -0.974835 -64.430748 -0.159234 0.986088 0.047691 2.237011 0.965122 0.145317 0.217769 50.074889
0.203565 0.077792 -0.975966 -64.767762 -0.160029 0.986076 0.045219 2.245524 0.965894 0.146978 0.213179 50.286574
0.199046 0.075215 -0.977100 -65.200032 -0.162248 0.985820 0.042835 2.259663 0.966466 0.150007 0.208427 50.597037
0.195011 0.074442 -0.977972 -65.627982 -0.163124 0.985690 0.042502 2.273406 0.967141 0.151242 0.204364 50.896204
0.191753 0.075447 -0.978539 -65.987460 -0.164756 0.985366 0.043688 2.280767 0.967516 0.152843 0.201377 51.148259
0.189332 0.076906 -0.978897 -66.350178 -0.163948 0.985409 0.045708 2.288810 0.968129 0.151834 0.199179 51.418611
0.187160 0.078419 -0.979194 -66.708414 -0.161982 0.985627 0.047973 2.297411 0.968882 0.149633 0.197172 51.687352
0.185040 0.078942 -0.979555 -67.058226 -0.160949 0.985744 0.049037 2.306883 0.969461 0.148585 0.195108 51.937722
0.184334 0.077986 -0.979765 -67.406688 -0.161569 0.985691 0.048060 2.319396 0.969493 0.149440 0.194296 52.148981
0.185856 0.076973 -0.979557 -67.787766 -0.163101 0.985513 0.046496 2.334610 0.968946 0.151125 0.195718 52.316833
0.187162 0.076722 -0.979329 -68.118624 -0.166563 0.984988 0.045333 2.347714 0.968105 0.154635 0.197131 52.486056
0.187439 0.075591 -0.979364 -68.492196 -0.168861 0.984671 0.043682 2.358065 0.967653 0.157189 0.197330 52.735722
0.188550 0.073410 -0.979316 -68.869278 -0.169354 0.984693 0.041207 2.370536 0.967351 0.158082 0.198096 52.983833
0.189000 0.070743 -0.979425 -69.223410 -0.168566 0.984934 0.038613 2.378967 0.967401 0.157800 0.198077 53.208407
0.189665 0.070122 -0.979342 -69.575058 -0.168727 0.984936 0.037846 2.388006 0.967243 0.158064 0.198639 53.422926
0.189702 0.072369 -0.979171 -69.955434 -0.166059 0.985278 0.040649 2.398260 0.967697 0.154889 0.198927 53.703352
0.190193 0.073135 -0.979019 -70.302600 -0.166028 0.985254 0.041347 2.406719 0.967606 0.154681 0.199531 53.890574
0.191886 0.068329 -0.979036 -70.650252 -0.159877 0.986424 0.037510 2.415147 0.968307 0.149327 0.200205 54.106852
0.190818 0.065884 -0.979412 -71.106930 -0.157498 0.986874 0.035701 2.428863 0.968908 0.147443 0.198690 54.524426
0.192337 0.066537 -0.979071 -71.450262 -0.162072 0.986152 0.035179 2.438269 0.967853 0.151913 0.200457 54.682870
0.193923 0.070203 -0.978502 -71.787222 -0.162950 0.985885 0.038439 2.445481 0.967389 0.151992 0.202625 54.859611
0.195402 0.069728 -0.978241 -72.183312 -0.160757 0.986255 0.038189 2.455455 0.967458 0.149797 0.203925 55.157815
0.197120 0.070245 -0.977860 -72.558558 -0.159169 0.986489 0.038779 2.467774 0.967372 0.148001 0.205637 55.421815
0.199524 0.074887 -0.977027 -72.931968 -0.160552 0.986099 0.042795 2.478831 0.966650 0.148325 0.208774 55.631907
0.201283 0.078250 -0.976403 -73.390374 -0.156709 0.986537 0.046757 2.493581 0.966917 0.143599 0.210835 56.012796
0.201686 0.078943 -0.976264 -73.801206 -0.156098 0.986597 0.047530 2.505588 0.966931 0.142807 0.211306 56.314185
0.204647 0.079904 -0.975569 -74.187684 -0.159593 0.986050 0.047284 2.522659 0.965738 0.146018 0.214544 56.550648
0.207090 0.082296 -0.974854 -74.580480 -0.162543 0.985501 0.048665 2.534131 0.964725 0.148377 0.217463 56.822130
0.210345 0.082756 -0.974118 -74.985858 -0.162599 0.985494 0.048611 2.549387 0.964011 0.148165 0.220750 57.125944
0.213552 0.081023 -0.973566 -75.379788 -0.166003 0.985072 0.045568 2.562130 0.962725 0.151884 0.223814 57.386370
0.214841 0.078096 -0.973522 -75.817080 -0.166349 0.985158 0.042319 2.576936 0.962378 0.152853 0.224643 57.811593
0.216970 0.077227 -0.973119 -76.174020 -0.165314 0.985374 0.041340 2.585515 0.962079 0.151900 0.226564 58.035593
0.218641 0.079080 -0.972596 -76.527882 -0.165194 0.985324 0.042979 2.597419 0.961721 0.151271 0.228495 58.256185
0.219778 0.082364 -0.972067 -76.985802 -0.168476 0.984662 0.045340 2.615115 0.960892 0.153805 0.230284 58.660463
0.222030 0.081922 -0.971592 -77.437566 -0.166992 0.984936 0.044886 2.629459 0.960633 0.152282 0.232365 58.963185
0.223221 0.078619 -0.971592 -77.919570 -0.166251 0.985209 0.041525 2.649870 0.960486 0.152259 0.232989 59.345889
0.224574 0.075603 -0.971520 -78.423714 -0.164431 0.985629 0.038691 2.663980 0.960484 0.151059 0.233778 59.678037
0.224167 0.074462 -0.971702 -78.903396 -0.163823 0.985767 0.037747 2.678304 0.960683 0.150725 0.233176 60.076796
0.224258 0.073358 -0.971765 -79.399980 -0.163011 0.985937 0.036810 2.691400 0.960800 0.150153 0.233062 60.495796
0.225239 0.073204 -0.971549 -79.844562 -0.162406 0.986043 0.036645 2.702725 0.960672 0.149532 0.233985 60.824500
0.225849 0.074375 -0.971319 -80.291358 -0.164938 0.985605 0.037118 2.716736 0.960098 0.151824 0.234865 61.158426
0.226262 0.076502 -0.971058 -80.771742 -0.164910 0.985529 0.039218 2.729665 0.960005 0.151263 0.235603 61.537907
0.227823 0.077942 -0.970578 -81.179928 -0.164233 0.985586 0.040597 2.742969 0.959752 0.150152 0.237340 61.724481
0.227568 0.079914 -0.970477 -81.665334 -0.165339 0.985326 0.042367 2.760113 0.959623 0.150817 0.237441 62.107500
0.226933 0.081478 -0.970496 -82.103598 -0.166719 0.985035 0.043715 2.772242 0.959534 0.151880 0.237121 62.421259
0.227354 0.080339 -0.970493 -82.538190 -0.168109 0.984867 0.042147 2.789714 0.959192 0.153566 0.237419 62.705574
0.226647 0.075420 -0.971052 -82.895562 -0.166707 0.985289 0.037616 2.800665 0.959604 0.153356 0.235886 62.996037
0.227075 0.069472 -0.971396 -83.343276 -0.167684 0.985345 0.031272 2.815408 0.959333 0.155787 0.235397 63.314389
0.226744 0.064283 -0.971831 -83.723814 -0.164708 0.985978 0.026789 2.825529 0.959926 0.153994 0.234153 63.561241
0.226098 0.063567 -0.972028 -84.220236 -0.159544 0.986810 0.027423 2.835606 0.960951 0.148881 0.233257 63.949204
0.226601 0.065901 -0.971756 -84.269808 -0.157623 0.987038 0.030182 2.838279 0.961149 0.146332 0.234052 64.002315
0.226742 0.066837 -0.971659 -84.311118 -0.153942 0.987561 0.032008 2.843082 0.961712 0.142322 0.234211 63.967537
0.227658 0.065267 -0.971552 -84.394332 -0.150790 0.988078 0.031044 2.848768 0.961995 0.139433 0.234785 64.003741
0.228421 0.065053 -0.971387 -84.467664 -0.149087 0.988334 0.031131 2.856270 0.962080 0.137710 0.235454 63.999926
0.227129 0.066471 -0.971594 -84.496446 -0.148666 0.988341 0.032863 2.856523 0.962450 0.136979 0.234363 64.000519
0.226075 0.066374 -0.971846 -84.545586 -0.147347 0.988526 0.033236 2.859111 0.962901 0.135685 0.233261 63.954500
0.224753 0.065304 -0.972225 -84.635820 -0.148183 0.988438 0.032137 2.866264 0.963082 0.136844 0.231831 63.918815
0.223337 0.065469 -0.972540 -84.700296 -0.149947 0.988173 0.032087 2.871996 0.963139 0.138664 0.230512 63.853630
0.222330 0.066803 -0.972680 -84.783402 -0.150423 0.988055 0.033476 2.878040 0.963298 0.138870 0.229723 63.774167
0.220869 0.067144 -0.972990 -85.199580 -0.152096 0.987793 0.033640 2.889981 0.963371 0.140558 0.228385 64.033796
0.219067 0.068151 -0.973327 -85.706046 -0.154017 0.987467 0.034477 2.903087 0.963477 0.142356 0.226818 64.384963
0.216788 0.070503 -0.973669 -86.212296 -0.156083 0.987061 0.036721 2.914702 0.963660 0.144012 0.224988 64.766907
0.215587 0.071294 -0.973879 -86.671026 -0.157781 0.986769 0.037310 2.927676 0.963653 0.145616 0.223983 65.081574
0.215432 0.072110 -0.973853 -87.057828 -0.161489 0.986169 0.037298 2.937655 0.963073 0.149232 0.224098 65.323741
0.215876 0.072449 -0.973729 -87.609924 -0.162593 0.985987 0.037314 2.949787 0.962788 0.150266 0.224631 65.738222
0.216151 0.070931 -0.973780 -88.100568 -0.161816 0.986167 0.035915 2.961311 0.962857 0.149810 0.224639 66.076556
0.215860 0.069371 -0.973957 -88.581654 -0.158575 0.986722 0.035135 2.971137 0.963462 0.146861 0.223995 66.475611
0.215268 0.068452 -0.974153 -89.008794 -0.154837 0.987314 0.035161 2.975791 0.964202 0.143266 0.223136 66.776796
0.214336 0.069142 -0.974310 -89.617698 -0.154988 0.987262 0.035965 2.987064 0.964385 0.143298 0.222322 67.335667
0.217100 0.068783 -0.973723 -89.670240 -0.153800 0.987465 0.035462 2.992741 0.963957 0.142060 0.224958 67.087833
0.217345 0.069240 -0.973636 -90.129996 -0.152922 0.987579 0.036094 3.002317 0.964041 0.141046 0.225234 67.405796
0.218073 0.069663 -0.973443 -90.569880 -0.151749 0.987738 0.036691 3.011454 0.964063 0.139717 0.225970 67.695037
0.217027 0.071786 -0.973523 -91.110042 -0.147625 0.988236 0.039961 3.023189 0.964939 0.135044 0.225071 68.199056
0.220112 0.073624 -0.972692 -91.166634 -0.143736 0.988711 0.042310 3.030261 0.964827 0.130498 0.228210 67.965889
0.219870 0.075730 -0.972585 -91.620882 -0.141145 0.988961 0.045097 3.041049 0.965264 0.127360 0.228132 68.342167
0.219333 0.074451 -0.972805 -92.138850 -0.141181 0.989012 0.043860 3.056869 0.965381 0.127721 0.227434 68.780185
0.219361 0.073639 -0.972861 -92.611782 -0.143848 0.988691 0.042402 3.068806 0.964981 0.130643 0.227474 69.128426
0.219284 0.077537 -0.972575 -93.078234 -0.149777 0.987696 0.044973 3.081479 0.964096 0.135808 0.228199 69.444000
0.218861 0.084571 -0.972084 -93.535668 -0.156154 0.986433 0.050662 3.096617 0.963180 0.140707 0.229098 69.767833
0.219108 0.085085 -0.971984 -94.003686 -0.160470 0.985768 0.050118 3.111896 0.962414 0.144993 0.229643 70.100685
0.219256 0.078653 -0.972492 -94.467330 -0.159890 0.986167 0.043710 3.125178 0.962477 0.145908 0.228799 70.455370
0.218556 0.072449 -0.973131 -94.983786 -0.156641 0.986913 0.038295 3.141360 0.963170 0.144063 0.227044 70.856463
0.218050 0.070382 -0.973396 -95.507802 -0.149497 0.988034 0.037952 3.151362 0.964419 0.137244 0.225962 71.303963
0.219953 0.071033 -0.972921 -95.946714 -0.147136 0.988351 0.038896 3.160783 0.964350 0.134597 0.227842 71.583352
0.221907 0.072487 -0.972370 -96.408414 -0.145731 0.988498 0.040432 3.171704 0.964116 0.132732 0.229918 71.895037
0.221355 0.075386 -0.972275 -96.916500 -0.146857 0.988214 0.043187 3.181697 0.964072 0.133226 0.229817 72.363315
0.222619 0.076957 -0.971863 -97.397316 -0.147186 0.988106 0.044529 3.195750 0.963731 0.133131 0.231298 72.706352
0.223903 0.078162 -0.971472 -97.805988 -0.148053 0.987939 0.045364 3.207625 0.963301 0.133672 0.232775 72.979204
0.225512 0.077407 -0.971160 -98.237340 -0.147671 0.988037 0.044461 3.221425 0.962984 0.133385 0.234245 73.251167
0.225625 0.075992 -0.971246 -98.684892 -0.146705 0.988235 0.043241 3.232978 0.963105 0.132730 0.234119 73.602204
0.226587 0.074598 -0.971130 -99.163170 -0.146763 0.988294 0.041674 3.248200 0.962870 0.133083 0.234882 73.922481
0.226549 0.074078 -0.971179 -99.637560 -0.146718 0.988322 0.041161 3.261004 0.962886 0.133164 0.234772 74.289889
0.226854 0.073844 -0.971125 -100.114758 -0.147811 0.988182 0.040612 3.275245 0.962647 0.134330 0.235088 74.663889
0.228406 0.074399 -0.970719 -100.550592 -0.148822 0.988026 0.040709 3.285348 0.962124 0.135166 0.236743 74.925981
0.227779 0.074608 -0.970850 -101.059380 -0.147869 0.988147 0.041245 3.298082 0.962420 0.134164 0.236111 75.385019
0.228392 0.072637 -0.970856 -101.477988 -0.147092 0.988340 0.039342 3.310273 0.962393 0.133820 0.236414 75.637907
0.227373 0.070511 -0.971252 -101.939688 -0.147265 0.988394 0.037281 3.320977 0.962608 0.134555 0.235118 76.032481
0.227421 0.068104 -0.971412 -102.392370 -0.149572 0.988157 0.034261 3.333894 0.962241 0.137504 0.234914 76.343685
0.227541 0.067443 -0.971430 -102.856770 -0.151640 0.987883 0.033066 3.344199 0.961889 0.139784 0.235011 76.668574
0.227739 0.067744 -0.971363 -103.338936 -0.153846 0.987550 0.032803 3.352714 0.961492 0.141970 0.235325 77.022185
0.227671 0.069651 -0.971244 -103.844970 -0.157456 0.986945 0.033868 3.363304 0.960923 0.145217 0.235666 77.417519
0.227820 0.071072 -0.971106 -104.337018 -0.160358 0.986453 0.034575 3.375718 0.960408 0.147848 0.236130 77.746278
0.227865 0.071090 -0.971094 -104.855418 -0.160907 0.986368 0.034452 3.387180 0.960305 0.148406 0.236198 78.146037
0.228314 0.069040 -0.971137 -105.390612 -0.161000 0.986427 0.032276 3.397700 0.960183 0.148984 0.236330 78.543593
0.228493 0.066597 -0.971265 -105.892056 -0.159687 0.986709 0.030089 3.406609 0.960360 0.148223 0.236091 78.920593
0.227319 0.065583 -0.971610 -106.436376 -0.158143 0.986972 0.029621 3.418500 0.960894 0.146920 0.234729 79.405093
0.224886 0.066980 -0.972080 -106.942626 -0.156140 0.987220 0.031901 3.423440 0.961793 0.144606 0.232470 79.896000
0.225297 0.068246 -0.971897 -107.434674 -0.155594 0.987261 0.033256 3.432023 0.961786 0.143729 0.233045 80.233167
0.226768 0.068614 -0.971529 -107.881146 -0.158964 0.986746 0.032585 3.441516 0.960889 0.147049 0.234669 80.483278
0.227443 0.067574 -0.971444 -108.428652 -0.160576 0.986536 0.031028 3.455231 0.960461 0.148934 0.235232 80.899556
0.229426 0.067649 -0.970972 -108.867240 -0.160011 0.986630 0.030932 3.460292 0.960083 0.148270 0.237184 81.178481
0.230411 0.066433 -0.970823 -109.354860 -0.157920 0.986994 0.030059 3.469599 0.960194 0.146386 0.237906 81.563222
0.230114 0.067014 -0.970854 -109.827360 -0.155217 0.987382 0.031365 3.473416 0.960705 0.143476 0.237612 81.958444
0.230241 0.067262 -0.970806 -110.308770 -0.151738 0.987888 0.032458 3.479421 0.961231 0.139835 0.237659 82.347907
0.230107 0.067089 -0.970850 -110.786832 -0.148964 0.988292 0.032988 3.487719 0.961697 0.137031 0.237407 82.748167
0.231360 0.066354 -0.970603 -111.243996 -0.147973 0.988464 0.032304 3.494847 0.961549 0.136149 0.238510 83.095074
0.231741 0.066013 -0.970535 -111.728862 -0.147960 0.988479 0.031904 3.502862 0.961459 0.136207 0.238839 83.494315
