1.000000 0.000000 0.000000 0.000000 0.000000 1.000000 0.000000 0.000000 0.000000 0.000000 1.000000 0.000000
0.999925 0.002595 -0.011971 0.026795 -0.002622 0.999994 -0.002182 0.005536 0.011965 0.002213 0.999926 -0.352365
0.999999 -0.000381 -0.001095 0.013005 0.000380 1.000000 -0.000366 0.001007 0.001095 0.000365 0.999999 0.067744
0.999983 -0.002619 0.005177 0.030178 0.002620 0.999996 -0.000293 -0.000410 -0.005176 0.000306 0.999987 0.416961
0.999959 -0.004593 0.007782 0.019424 0.004601 0.999989 -0.000953 -0.003792 -0.007777 0.000988 0.999969 0.922912
0.999968 -0.005836 0.005575 0.030044 0.005857 0.999976 -0.003784 -0.000338 -0.005552 0.003816 0.999977 1.386845
0.999949 -0.010079 -0.001181 0.043039 0.010072 0.999931 -0.006002 -0.005239 0.001242 0.005990 0.999981 1.868611
0.999883 -0.010694 -0.010940 -0.000369 0.010623 0.999922 -0.006536 -0.010647 0.011009 0.006419 0.999919 2.166811
0.999604 -0.009601 -0.026453 -0.013814 0.009392 0.999924 -0.008015 -0.010517 0.026528 0.007764 0.999618 2.726746
0.998731 -0.006308 -0.049960 0.047428 0.005855 0.999940 -0.009217 -0.017313 0.050015 0.008913 0.998709 3.433367
0.997703 -0.000587 -0.067741 0.008344 -0.000130 0.999944 -0.010589 -0.019256 0.067743 0.010573 0.997647 3.923754
0.996292 -0.001087 -0.086033 -0.040470 0.000162 0.999942 -0.010755 -0.021902 0.086040 0.010702 0.996234 4.447176
0.994426 -0.002378 -0.105411 -0.094857 0.001257 0.999942 -0.010696 -0.022301 0.105430 0.010504 0.994371 5.099057
0.992191 -0.005336 -0.124614 -0.141859 0.004183 0.999946 -0.009510 -0.036394 0.124658 0.008915 0.992160 5.736311
0.989932 -0.003385 -0.141501 -0.199382 0.002108 0.999956 -0.009171 -0.037986 0.141526 0.008781 0.989896 6.343154
0.987735 -0.001687 -0.156128 -0.235022 0.000240 0.999957 -0.009282 -0.036038 0.156137 0.009130 0.987693 6.871017
0.985353 -0.003449 -0.170491 -0.256409 0.002106 0.999965 -0.008056 -0.047194 0.170513 0.007579 0.985326 7.418772
0.983147 -0.004808 -0.182754 -0.292993 0.003162 0.999952 -0.009297 -0.049856 0.182790 0.008563 0.983115 7.944693
0.981379 -0.009080 -0.191865 -0.317534 0.007148 0.999917 -0.010759 -0.052505 0.191947 0.009187 0.981362 8.441139
0.979310 -0.009489 -0.202145 -0.308517 0.006987 0.999890 -0.013087 -0.046589 0.202246 0.011404 0.979268 8.913696
0.978026 -0.012266 -0.208123 -0.394741 0.009583 0.999858 -0.013892 -0.050022 0.208264 0.011592 0.978004 9.346667
0.976031 -0.014397 -0.217155 -0.410148 0.010987 0.999797 -0.016903 -0.046992 0.217354 0.014112 0.975991 9.859211
0.973955 -0.018719 -0.225966 -0.414334 0.015102 0.999729 -0.017729 -0.048830 0.226236 0.013855 0.973974 10.321476
0.972210 -0.024140 -0.232863 -0.439323 0.020217 0.999611 -0.019216 -0.044635 0.233237 0.013974 0.972320 10.735972
0.970150 -0.026806 -0.241019 -0.458085 0.022320 0.999524 -0.021323 -0.042993 0.241476 0.015307 0.970286 11.181000
0.967910 -0.024387 -0.250110 -0.478227 0.018705 0.999511 -0.025070 -0.042308 0.250599 0.019587 0.967893 11.617750
0.965540 -0.022334 -0.259295 -0.501567 0.015429 0.999471 -0.028634 -0.040122 0.259798 0.023646 0.965373 12.050985
0.963622 -0.025258 -0.266071 -0.529798 0.017760 0.999375 -0.030550 -0.032787 0.266677 0.024713 0.963469 12.483435
0.961784 -0.027977 -0.272377 -0.567712 0.019667 0.999255 -0.033192 -0.030302 0.273103 0.026567 0.961618 12.898878
0.959899 -0.028833 -0.278858 -0.620185 0.019421 0.999147 -0.036454 -0.022606 0.279671 0.029576 0.959640 13.293039
0.957387 -0.029306 -0.287317 -0.648096 0.018660 0.999036 -0.039725 -0.024185 0.288205 0.032671 0.957011 13.773969
0.955304 -0.030066 -0.294092 -0.696820 0.017455 0.998816 -0.045415 -0.025679 0.295109 0.038252 0.954697 14.348831
0.953632 -0.031764 -0.299294 -0.738494 0.016446 0.998429 -0.053563 -0.023609 0.300526 0.046157 0.952656 14.839081
0.951981 -0.033502 -0.304319 -0.763016 0.015505 0.997995 -0.061366 -0.028114 0.305764 0.053701 0.950592 15.282420
0.949863 -0.042678 -0.309740 -1.095116 0.022687 0.997437 -0.067860 -0.090030 0.311842 0.057431 0.948397 17.437528
0.948411 -0.042372 -0.314201 -1.120330 0.019080 0.996861 -0.076840 -0.094651 0.316470 0.066881 0.946242 17.903544
0.947751 -0.041146 -0.316345 -1.148952 0.015258 0.996359 -0.083879 -0.098393 0.318645 0.074669 0.944929 18.264778
0.946404 -0.041456 -0.320312 -1.183939 0.012982 0.995810 -0.090524 -0.107201 0.322723 0.081514 0.942977 18.611333
0.945070 -0.041591 -0.324213 -1.219384 0.010772 0.995296 -0.096280 -0.119854 0.326692 0.087499 0.941072 19.022370
0.943820 -0.039678 -0.328070 -1.265268 0.006341 0.994757 -0.102069 -0.129994 0.330400 0.094255 0.939123 19.352315
0.941642 -0.037990 -0.334466 -1.263722 0.002805 0.994462 -0.105061 -0.147752 0.336605 0.097991 0.936533 19.850389
0.941411 -0.038680 -0.335036 -1.350906 0.003237 0.994392 -0.105709 -0.161152 0.337246 0.098431 0.936257 20.028370
0.939863 -0.040262 -0.339171 -1.393162 0.004940 0.994526 -0.104369 -0.186319 0.341517 0.096417 0.934917 20.195222
0.938101 -0.040426 -0.343996 -1.430752 0.004910 0.994618 -0.103498 -0.195102 0.346328 0.095402 0.933250 20.519926
0.936438 -0.040165 -0.348527 -1.446357 0.004785 0.994795 -0.101785 -0.208549 0.350802 0.093648 0.931755 20.748593
0.934179 -0.040716 -0.354474 -1.474304 0.006073 0.995138 -0.098302 -0.225347 0.356753 0.089679 0.929884 20.941241
0.930744 -0.039600 -0.363521 -1.467331 0.006486 0.995750 -0.091867 -0.244973 0.365614 0.083147 0.927045 21.168796
0.927855 -0.038593 -0.370938 -1.509039 0.006727 0.996201 -0.086819 -0.261037 0.372880 0.078060 0.924590 21.419648
0.925230 -0.036880 -0.377610 -1.533497 0.006020 0.996566 -0.082581 -0.276828 0.379359 0.074134 0.922275 21.589870
0.922473 -0.035074 -0.384464 -1.586788 0.004044 0.996688 -0.081224 -0.288853 0.386039 0.073373 0.919560 21.880204
0.919290 -0.034666 -0.392051 -1.690331 0.003087 0.996718 -0.080895 -0.313281 0.393568 0.073155 0.916380 22.671537
0.915896 -0.034767 -0.399906 -1.825885 0.002875 0.996785 -0.080074 -0.337566 0.401405 0.072190 0.913052 23.614630
0.912507 -0.034291 -0.407620 -1.961352 0.002325 0.996899 -0.078661 -0.365337 0.409054 0.070831 0.909757 24.521722
0.909504 -0.034838 -0.414233 -2.107416 0.003173 0.997035 -0.076887 -0.390948 0.415683 0.068615 0.906918 25.455926
0.905908 -0.034406 -0.422075 -2.244026 0.003838 0.997320 -0.073060 -0.417649 0.423458 0.064566 0.903612 26.445000
0.902020 -0.034037 -0.430350 -2.392878 0.005083 0.997655 -0.068252 -0.445337 0.431664 0.059378 0.900078 27.519926
0.899227 -0.033753 -0.436178 -2.571746 0.006228 0.997906 -0.064382 -0.471730 0.437438 0.055177 0.897554 28.594204
0.896130 -0.035618 -0.442361 -2.596456 0.008862 0.998012 -0.062406 -0.481994 0.443704 0.052004 0.894663 28.784667
0.894241 -0.035269 -0.446194 -2.620694 0.008768 0.998080 -0.061319 -0.487812 0.447500 0.050922 0.892833 28.994907
0.892529 -0.034790 -0.449646 -2.652310 0.008953 0.998190 -0.059460 -0.494362 0.450901 0.049044 0.891226 29.175537
0.890669 -0.034868 -0.453314 -2.672617 0.009452 0.998259 -0.058213 -0.500130 0.454554 0.047564 0.889448 29.318444
0.888652 -0.036135 -0.457157 -2.709147 0.010823 0.998266 -0.057869 -0.507366 0.458455 0.046477 0.887502 29.521278
0.887747 -0.038049 -0.458756 -2.757161 0.012926 0.998246 -0.057781 -0.515590 0.460150 0.045365 0.886682 29.808167
0.886774 -0.037811 -0.460654 -2.909354 0.011795 0.998175 -0.059224 -0.529233 0.462052 0.047085 0.885602 30.742259
0.886644 -0.037386 -0.460938 -3.069472 0.011948 0.998246 -0.057983 -0.551219 0.462297 0.045903 0.885536 31.791815
0.887938 -0.036023 -0.458549 -3.277757 0.011260 0.998332 -0.056625 -0.571679 0.459824 0.045116 0.886863 32.783315
0.887964 -0.039021 -0.458254 -3.452391 0.015112 0.998332 -0.055726 -0.598852 0.459664 0.042558 0.887072 33.856852
0.887819 -0.039798 -0.458469 -3.449348 0.015335 0.998259 -0.056958 -0.596612 0.459937 0.043537 0.886883 34.031204
0.887010 -0.042694 -0.459772 -3.457473 0.018629 0.998214 -0.056755 -0.604286 0.461375 0.041777 0.886221 34.282296
0.886322 -0.044487 -0.460928 -3.467957 0.021665 0.998268 -0.054688 -0.609187 0.462563 0.038485 0.885751 34.525000
0.885388 -0.043012 -0.462858 -3.450037 0.021984 0.998470 -0.050732 -0.611507 0.464332 0.034742 0.884979 34.736704
0.883494 -0.044579 -0.466316 -3.449079 0.026381 0.998617 -0.045484 -0.620256 0.467699 0.027883 0.883448 34.912296
0.880092 -0.045163 -0.472650 -3.439620 0.028280 0.998685 -0.042768 -0.627395 0.473960 0.024273 0.880212 35.220648
0.874078 -0.056018 -0.482545 -3.972286 0.039093 0.998219 -0.045068 -0.676290 0.484210 0.020528 0.874711 37.623019
0.869003 -0.059486 -0.491219 -4.163666 0.040961 0.997988 -0.048392 -0.696732 0.493109 0.021932 0.869691 38.724630
0.862951 -0.063824 -0.501241 -4.206698 0.047108 0.997832 -0.045954 -0.718100 0.503088 0.016043 0.864086 39.094130
0.858270 -0.058706 -0.509829 -4.215106 0.043699 0.998188 -0.041374 -0.716055 0.511334 0.013231 0.859280 39.416389
0.853288 -0.054717 -0.518561 -4.232611 0.041786 0.998456 -0.036595 -0.725670 0.519763 0.009558 0.854257 39.706981
0.848833 -0.056457 -0.525638 -4.265778 0.043141 0.998363 -0.037565 -0.734087 0.526898 0.009210 0.849879 40.018981
0.848942 -0.057200 -0.525381 -4.644664 0.041474 0.998270 -0.041669 -0.762409 0.526856 0.013585 0.849846 41.621352
0.845589 -0.060480 -0.530398 -4.693846 0.040847 0.997979 -0.048677 -0.771057 0.532270 0.019495 0.846350 41.979407
0.845260 -0.061047 -0.530857 -5.045594 0.041705 0.997959 -0.048357 -0.808001 0.532725 0.018734 0.846081 43.637426
0.840151 -0.062460 -0.538745 -5.036271 0.045522 0.997962 -0.044709 -0.812397 0.540439 0.013037 0.841282 43.868241
0.838110 -0.059474 -0.542249 -5.253336 0.045365 0.998194 -0.039366 -0.833492 0.543611 0.008394 0.839295 44.958889
0.835237 -0.058764 -0.546740 -5.466701 0.046111 0.998256 -0.036851 -0.852642 0.547953 0.005568 0.836491 46.062352
0.832096 -0.057086 -0.551686 -5.641423 0.043240 0.998339 -0.038085 -0.866460 0.552944 0.007836 0.833182 46.919426
0.830503 -0.057074 -0.554082 -5.932553 0.041948 0.998320 -0.039959 -0.891480 0.555432 0.009944 0.831503 48.294463
0.827026 -0.058568 -0.559104 -6.181931 0.041776 0.998211 -0.042771 -0.914169 0.560609 0.012015 0.827994 49.481944
0.823534 -0.058970 -0.564194 -6.426497 0.041189 0.998173 -0.044208 -0.931847 0.565770 0.013168 0.824458 50.639519
0.819160 -0.059573 -0.570463 -6.486410 0.042387 0.998159 -0.043371 -0.940680 0.571997 0.011348 0.820177 51.026000
0.814444 -0.060558 -0.577073 -6.747289 0.043886 0.998119 -0.042805 -0.966720 0.578580 0.009537 0.815570 52.333426
0.809677 -0.060755 -0.583722 -7.019001 0.042492 0.998085 -0.044942 -0.989568 0.585335 0.011585 0.810709 53.582093
0.804607 -0.060901 -0.590677 -7.238117 0.041344 0.998058 -0.046585 -1.009401 0.592367 0.013061 0.805563 54.709815
0.800145 -0.061979 -0.596596 -7.491188 0.042031 0.997996 -0.047310 -1.032578 0.598333 0.012779 0.801146 55.752833
0.796508 -0.065802 -0.601036 -7.804485 0.045926 0.997773 -0.048374 -1.062215 0.602881 0.010927 0.797757 56.630185
0.790892 -0.067581 -0.608213 -7.851400 0.047399 0.997663 -0.049219 -1.070483 0.610117 0.010099 0.792247 56.988519
0.785991 -0.066732 -0.614626 -7.893785 0.046173 0.997717 -0.049279 -1.074557 0.616511 0.010354 0.787278 57.254481
0.779966 -0.065984 -0.622334 -7.904315 0.046344 0.997786 -0.047709 -1.081867 0.624104 0.008370 0.781297 57.645944
0.775301 -0.065594 -0.628177 -7.948886 0.047335 0.997830 -0.045772 -1.092579 0.629816 0.005752 0.776723 57.830130
0.770093 -0.066773 -0.634428 -7.992178 0.049073 0.997761 -0.045447 -1.101149 0.636042 0.003865 0.771645 58.027167
0.765810 -0.067005 -0.639567 -8.056265 0.048587 0.997743 -0.046353 -1.108902 0.641229 0.004423 0.767337 58.296241
0.760847 -0.066975 -0.645466 -8.104153 0.048743 0.997748 -0.046071 -1.112473 0.647098 0.003591 0.762398 58.457056
0.758074 -0.067734 -0.648641 -8.192059 0.051650 0.997703 -0.043822 -1.124238 0.650120 -0.000282 0.759832 58.713296
0.753764 -0.067522 -0.653667 -8.472384 0.051589 0.997717 -0.043573 -1.150113 0.655117 -0.000879 0.755527 59.790574
0.749542 -0.068687 -0.658383 -8.787760 0.051538 0.997638 -0.045407 -1.171678 0.659947 0.000102 0.751312 60.977889
0.745385 -0.070022 -0.662946 -9.093254 0.049556 0.997537 -0.049644 -1.194167 0.664790 0.004151 0.747019 62.088852
0.739139 -0.096103 -0.666662 -10.924605 0.086981 0.995100 -0.047012 -1.375733 0.667913 -0.023239 0.743876 66.397074
0.734713 -0.097069 -0.671397 -11.175781 0.086728 0.995029 -0.048952 -1.395781 0.672811 -0.022263 0.739479 67.369074
0.730974 -0.096268 -0.675581 -11.508496 0.087157 0.995062 -0.047489 -1.425048 0.676817 -0.024168 0.735755 68.594741
0.726995 -0.094957 -0.680045 -11.820940 0.085234 0.995212 -0.047847 -1.448387 0.681333 -0.023179 0.731607 69.694796
0.722963 -0.097477 -0.683976 -12.146614 0.087198 0.994954 -0.049627 -1.474956 0.685362 -0.023763 0.727814 70.803463
0.719245 -0.097873 -0.687828 -12.472769 0.087020 0.994922 -0.050575 -1.499420 0.689285 -0.023480 0.724109 71.908185
0.716033 -0.098483 -0.691084 -12.800992 0.086659 0.994881 -0.051988 -1.524761 0.692666 -0.022664 0.720902 73.017296
0.712942 -0.098940 -0.694207 -13.126012 0.086697 0.994837 -0.052750 -1.552185 0.695843 -0.022577 0.717839 74.116019
0.709477 -0.101972 -0.697312 -13.464117 0.089199 0.994512 -0.054679 -1.582154 0.699061 -0.023406 0.714679 75.243352
0.706096 -0.108512 -0.699752 -13.920649 0.095445 0.993756 -0.057794 -1.622234 0.701654 -0.025980 0.712044 76.566630
0.701079 -0.110926 -0.704403 -14.329629 0.098138 0.993436 -0.058767 -1.661354 0.706298 -0.027928 0.707364 77.964093
0.695508 -0.116883 -0.708948 -14.672372 0.104464 0.992646 -0.061172 -1.691305 0.710884 -0.031514 0.702603 79.017500
0.687483 -0.120112 -0.716199 -15.027088 0.108041 0.992168 -0.062685 -1.724103 0.718119 -0.034284 0.695076 80.175907
0.679129 -0.120924 -0.723990 -15.391863 0.109903 0.991970 -0.062590 -1.760765 0.725745 -0.037061 0.686965 81.338685
0.670794 -0.119955 -0.731878 -15.751730 0.110911 0.991961 -0.060928 -1.797593 0.733303 -0.040304 0.678706 82.473926
0.662164 -0.119843 -0.739714 -16.150649 0.110856 0.991934 -0.061472 -1.837085 0.741114 -0.041297 0.670108 83.669778
0.654159 -0.121581 -0.746521 -16.516348 0.109988 0.991796 -0.065148 -1.871884 0.748317 -0.039491 0.662165 84.705815
0.646762 -0.124866 -0.752401 -16.876917 0.110714 0.991429 -0.069365 -1.906268 0.754614 -0.038438 0.655043 85.656204
0.639952 -0.127551 -0.757755 -17.237977 0.110913 0.991133 -0.073164 -1.936466 0.760369 -0.037223 0.648424 86.553000
0.628460 -0.127083 -0.767390 -17.648717 0.112343 0.991049 -0.072118 -1.982632 0.769687 -0.040888 0.637111 87.816889
0.619389 -0.127008 -0.774743 -18.039305 0.112797 0.990986 -0.072280 -2.024533 0.776939 -0.042620 0.628132 88.892111
0.608822 -0.127199 -0.783043 -18.450256 0.113039 0.990900 -0.073075 -2.068239 0.785212 -0.044025 0.617660 90.012963
0.599368 -0.129095 -0.789995 -18.829676 0.113117 0.990666 -0.076066 -2.109457 0.792440 -0.043771 0.608377 91.013093
0.590241 -0.130224 -0.796654 -19.214917 0.111573 0.990590 -0.079261 -2.148594 0.799479 -0.042102 0.599216 91.994333
0.581558 -0.131210 -0.802854 -19.622763 0.110922 0.990480 -0.081526 -2.196057 0.805907 -0.041643 0.590575 92.972630
0.572202 -0.131388 -0.809519 -20.021715 0.110306 0.990444 -0.082784 -2.243108 0.812660 -0.041926 0.581227 93.957889
0.563562 -0.129624 -0.815841 -20.452025 0.109600 0.990614 -0.081684 -2.291995 0.818771 -0.043382 0.572479 94.970685
0.555878 -0.127360 -0.821449 -20.847926 0.108540 0.990854 -0.080176 -2.338592 0.824147 -0.044592 0.564618 95.935352
0.549273 -0.127439 -0.825868 -21.206345 0.105695 0.990961 -0.082618 -2.372897 0.828932 -0.041911 0.557778 96.803204
0.542456 -0.130769 -0.829844 -21.643907 0.107615 0.990489 -0.085737 -2.422930 0.833163 -0.042794 0.551369 97.724944
0.534483 -0.133776 -0.834525 -22.018624 0.108352 0.990092 -0.089318 -2.464588 0.838205 -0.042684 0.543682 98.701333
0.529916 -0.136789 -0.836945 -22.452606 0.109433 0.989684 -0.092464 -2.517049 0.840959 -0.042591 0.539419 99.537352
0.524219 -0.140424 -0.839926 -22.879174 0.110111 0.989208 -0.096659 -2.567644 0.844434 -0.041815 0.534024 100.490352
0.515597 -0.139350 -0.845424 -23.247805 0.108909 0.989342 -0.096652 -2.617176 0.849882 -0.042240 0.525278 101.567796
0.509768 -0.137192 -0.849303 -23.722481 0.112673 0.989347 -0.092186 -2.685522 0.852902 -0.048700 0.519795 102.537870
0.506902 -0.137169 -0.851020 -24.130624 0.116991 0.989071 -0.089736 -2.738368 0.854028 -0.054074 0.517409 103.348481
0.502831 -0.136510 -0.853538 -24.569989 0.117407 0.989086 -0.089023 -2.788159 0.856374 -0.055448 0.513370 104.272296
0.500664 -0.136635 -0.854790 -24.987404 0.120601 0.988844 -0.087424 -2.845835 0.857199 -0.059319 0.511557 105.071278
0.496841 -0.135032 -0.857272 -25.360614 0.119375 0.989065 -0.086606 -2.886299 0.859592 -0.059307 0.507528 105.963000
0.496309 -0.138048 -0.857100 -25.980124 0.126260 0.988257 -0.086062 -2.960340 0.858916 -0.065504 0.507911 106.904241
0.499477 -0.127122 -0.856950 -25.705242 0.094893 0.991252 -0.091736 -2.889584 0.861115 -0.035498 0.507170 106.482000
0.497262 -0.128494 -0.858033 -26.197144 0.098557 0.990936 -0.091279 -2.944157 0.861984 -0.039175 0.505419 107.424630
0.494782 -0.127625 -0.859594 -26.635441 0.102092 0.990844 -0.088348 -3.003489 0.862999 -0.044044 0.503282 108.292852
0.493837 -0.127693 -0.860128 -27.044998 0.103096 0.990780 -0.087897 -3.048035 0.863421 -0.045269 0.502449 109.078185
0.493879 -0.128899 -0.859924 -27.463396 0.105285 0.990540 -0.088010 -3.101611 0.863133 -0.047071 0.502778 109.824833
0.489365 -0.129783 -0.862368 -27.888662 0.104948 0.990442 -0.089503 -3.148554 0.865741 -0.046704 0.498308 110.775056
0.491273 -0.130896 -0.861114 -28.306714 0.104181 0.990376 -0.091109 -3.198745 0.864753 -0.044952 0.500182 111.525907
0.490383 -0.131942 -0.861461 -28.717616 0.101939 0.990372 -0.093658 -3.246097 0.865525 -0.041889 0.499111 112.343019
0.493509 -0.131388 -0.859759 -29.129128 0.099999 0.990540 -0.093974 -3.298852 0.863973 -0.039598 0.501979 113.123019
0.497377 -0.131747 -0.857472 -29.544620 0.098187 0.990599 -0.095248 -3.351030 0.861960 -0.036818 0.505638 113.913685
0.502222 -0.132867 -0.854470 -29.939949 0.095799 0.990592 -0.097727 -3.394437 0.859416 -0.032776 0.510225 114.694463
0.506981 -0.132143 -0.851768 -30.324731 0.093702 0.990772 -0.097936 -3.441916 0.856849 -0.030160 0.514685 115.495407
0.515199 -0.130860 -0.847022 -30.707019 0.094453 0.990924 -0.095641 -3.496858 0.851850 -0.030730 0.522884 116.208778
0.525526 -0.130074 -0.840775 -31.081925 0.094581 0.991050 -0.094205 -3.547514 0.845504 -0.030014 0.533125 116.863315
0.534982 -0.129990 -0.834803 -31.455157 0.093885 0.991120 -0.094164 -3.588474 0.839631 -0.027999 0.542436 117.646870
0.545349 -0.129527 -0.828141 -31.831677 0.094443 0.991192 -0.092837 -3.638530 0.832871 -0.027583 0.552779 118.434556
0.555474 -0.130809 -0.821180 -32.182067 0.093698 0.991106 -0.094497 -3.680179 0.826238 -0.024452 0.562790 119.233611
0.564129 -0.134291 -0.814693 -32.579798 0.097563 0.990614 -0.095732 -3.736717 0.819902 -0.025479 0.571937 120.108963
0.575603 -0.133447 -0.806767 -32.933525 0.095396 0.990816 -0.095829 -3.786654 0.812145 -0.021803 0.583047 120.932444
0.586491 -0.131927 -0.799139 -33.263946 0.093592 0.991075 -0.094925 -3.826800 0.804530 -0.019120 0.593604 121.756685
0.598694 -0.130313 -0.790307 -33.590176 0.092986 0.991313 -0.093015 -3.867046 0.795562 -0.017800 0.605610 122.555704
0.610632 -0.127190 -0.781633 -33.885292 0.091455 0.991740 -0.089933 -3.905095 0.786616 -0.016568 0.617221 123.307870
0.620341 -0.126528 -0.774059 -34.151263 0.092063 0.991826 -0.088344 -3.943136 0.778910 -0.016459 0.626919 124.044000
0.627957 -0.128796 -0.767517 -34.435098 0.095545 0.991509 -0.088213 -3.979351 0.772361 -0.017938 0.634930 124.804333
0.635648 -0.129752 -0.760996 -34.532330 0.094843 0.991432 -0.089821 -3.993445 0.766131 -0.015080 0.642508 125.183778
0.642715 -0.130323 -0.754939 -34.626204 0.095119 0.991375 -0.090159 -4.005035 0.760177 -0.013863 0.649568 125.568259
0.648639 -0.133382 -0.749317 -34.731763 0.099478 0.990936 -0.090279 -4.018603 0.754567 -0.015982 0.656028 125.904981
0.653772 -0.129982 -0.745444 -34.702020 0.095870 0.991426 -0.088793 -4.019210 0.750594 -0.013415 0.660628 126.156593
0.658172 -0.128789 -0.741771 -34.665235 0.097156 0.991551 -0.085951 -4.009532 0.746573 -0.015497 0.665123 126.397389
0.663560 -0.127594 -0.737162 -34.614545 0.096786 0.991709 -0.084531 -4.004476 0.741836 -0.015255 0.670408 126.581907
0.669396 -0.125327 -0.732259 -34.618217 0.093025 0.992050 -0.084751 -4.005208 0.737059 -0.011387 0.675732 126.805000
0.673401 -0.123730 -0.728850 -34.541764 0.089624 0.992286 -0.085647 -3.997052 0.733825 -0.007648 0.679296 127.041519
0.678351 -0.125245 -0.723984 -34.578068 0.091914 0.992089 -0.085505 -3.994725 0.728966 -0.008542 0.684497 127.001185
0.678950 -0.132125 -0.722198 -34.529522 0.100985 0.991130 -0.086388 -3.989817 0.727206 -0.014278 0.686271 127.239815
0.682648 -0.127947 -0.719459 -34.508290 0.099255 0.991663 -0.082179 -3.990343 0.723975 -0.015310 0.689657 127.411500
0.685630 -0.121576 -0.717727 -34.405501 0.093903 0.992488 -0.078415 -3.989210 0.721869 -0.013634 0.691896 127.861352
0.689011 -0.120800 -0.714613 -34.371778 0.092438 0.992606 -0.078666 -3.991823 0.718832 -0.011855 0.695083 128.085407
0.694350 -0.119010 -0.709729 -34.412315 0.091034 0.992834 -0.077421 -4.001250 0.713857 -0.010852 0.700208 128.337093
0.697325 -0.114449 -0.707558 -34.330554 0.088332 0.993366 -0.073625 -4.004457 0.711291 -0.011160 0.702809 128.611926
0.699663 -0.107967 -0.706268 -34.225675 0.083536 0.994098 -0.069213 -4.005891 0.709573 -0.010573 0.704553 129.016407
0.704735 -0.105372 -0.701602 -34.220486 0.081540 0.994386 -0.067441 -4.009566 0.704769 -0.009681 0.709371 129.434926
0.708532 -0.105237 -0.697788 -34.096037 0.081490 0.994404 -0.067227 -4.021128 0.700958 -0.009230 0.713143 129.797241
0.715603 -0.104388 -0.690663 -34.180450 0.081735 0.994491 -0.065623 -4.021786 0.693709 -0.009491 0.720193 129.897556
0.721751 -0.101593 -0.684656 -34.099844 0.080877 0.994772 -0.062351 -4.025644 0.687411 -0.010371 0.726194 130.216167
0.729757 -0.101127 -0.676186 -34.165465 0.083681 0.994776 -0.058463 -4.036046 0.678566 -0.013920 0.734407 130.361315
0.738582 -0.098066 -0.666993 -34.225789 0.081742 0.995091 -0.055789 -4.048904 0.669190 -0.013317 0.742972 130.433741
0.742625 -0.096824 -0.662671 -33.976865 0.079940 0.995235 -0.055830 -4.035439 0.664919 -0.011513 0.746826 131.349722
0.750828 -0.099183 -0.653008 -33.966794 0.081834 0.995013 -0.057036 -4.039928 0.655408 -0.010614 0.755200 131.589389
0.751604 -0.099610 -0.652050 -33.641962 0.082606 0.994964 -0.056776 -4.012799 0.654422 -0.011190 0.756047 132.465722
0.752265 -0.097897 -0.651547 -33.369651 0.083399 0.995094 -0.053225 -3.992252 0.653561 -0.014299 0.756739 133.584759
0.752580 -0.099040 -0.651011 -33.006992 0.086625 0.994923 -0.051221 -3.956073 0.652778 -0.017846 0.757339 134.640722
0.753551 -0.096085 -0.650329 -32.602106 0.085650 0.995178 -0.047791 -3.918562 0.651786 -0.019688 0.758148 135.676204
0.753647 -0.097335 -0.650032 -32.342630 0.089947 0.994943 -0.044697 -3.892461 0.651096 -0.024783 0.758591 136.567074
0.753221 -0.093691 -0.651061 -32.234603 0.090344 0.995159 -0.038689 -3.890762 0.651534 -0.029678 0.758039 137.373222
0.753891 -0.093697 -0.650285 -31.945568 0.091862 0.995089 -0.036880 -3.858619 0.650546 -0.031932 0.758795 138.206926
0.754770 -0.088293 -0.650021 -31.678733 0.087215 0.995610 -0.033965 -3.836517 0.650166 -0.031056 0.759157 139.082519
0.754949 -0.089741 -0.649614 -31.427012 0.089529 0.995422 -0.033465 -3.811405 0.649643 -0.032895 0.759527 139.849333
0.755207 -0.091087 -0.649127 -31.174843 0.090813 0.995287 -0.034008 -3.776965 0.649166 -0.033266 0.759919 140.699426
0.761375 -0.090751 -0.641929 -31.148361 0.091112 0.995305 -0.032642 -3.775062 0.641877 -0.033634 0.766069 141.041574
0.761433 -0.095034 -0.641240 -30.923365 0.096276 0.994804 -0.033111 -3.743637 0.641054 -0.036524 0.766626 141.805778
0.763231 -0.099787 -0.638373 -30.717846 0.100264 0.994325 -0.035553 -3.711669 0.638298 -0.036871 0.768905 142.493907
0.768286 -0.100316 -0.632197 -30.768444 0.101382 0.994247 -0.034560 -3.715046 0.632027 -0.037541 0.774037 142.618852
0.772503 -0.097324 -0.627509 -30.835490 0.099266 0.994545 -0.032047 -3.726509 0.627205 -0.037534 0.777949 142.741315
0.773818 -0.096180 -0.626063 -30.701808 0.099989 0.994560 -0.029203 -3.714739 0.625466 -0.040002 0.779226 143.188648
0.778204 -0.091678 -0.621283 -30.738782 0.098511 0.994861 -0.023412 -3.726402 0.620236 -0.042984 0.783236 143.131704
0.780104 -0.091024 -0.618993 -30.661378 0.101471 0.994669 -0.018386 -3.723256 0.617366 -0.048467 0.785181 143.438444
0.782992 -0.088086 -0.615763 -30.560182 0.100066 0.994866 -0.015076 -3.715146 0.613930 -0.049813 0.787787 143.763111
0.785575 -0.084799 -0.612929 -30.460671 0.097820 0.995128 -0.012303 -3.695110 0.610986 -0.050291 0.790042 144.149222
0.789030 -0.078318 -0.609342 -30.392264 0.093017 0.995636 -0.007521 -3.694702 0.607272 -0.050745 0.792872 144.309907
0.790331 -0.077971 -0.607698 -30.259705 0.096163 0.995362 -0.002648 -3.684923 0.605086 -0.056345 0.794164 144.828685
0.792025 -0.079938 -0.605233 -30.134495 0.102371 0.994743 0.002582 -3.687603 0.601845 -0.064003 0.796045 145.317611
0.793911 -0.083538 -0.602268 -30.022207 0.106774 0.994279 0.002839 -3.669141 0.598585 -0.066561 0.798289 145.784315
0.796686 -0.086251 -0.598207 -29.900335 0.110514 0.993867 0.003883 -3.649670 0.594203 -0.069204 0.801332 146.197630
0.799777 -0.090319 -0.593463 -29.797848 0.114063 0.993470 0.002522 -3.640401 0.589360 -0.069709 0.804857 146.558852
0.804572 -0.093865 -0.586391 -29.731363 0.118861 0.992902 0.004150 -3.641402 0.581839 -0.073038 0.810018 146.795056
0.812471 -0.093915 -0.575387 -29.733140 0.117772 0.993032 0.004215 -3.658810 0.570982 -0.071189 0.817870 146.601278
0.820486 -0.090185 -0.564508 -29.613033 0.112943 0.993587 0.005424 -3.646854 0.560399 -0.068207 0.825410 146.627278
0.829836 -0.087351 -0.551128 -29.527335 0.113768 0.993411 0.013851 -3.649622 0.546287 -0.074195 0.834306 146.827278
0.839575 -0.086845 -0.536257 -29.445287 0.112720 0.993505 0.015582 -3.647062 0.531420 -0.073529 0.843911 146.699648
0.849275 -0.087005 -0.520733 -29.361139 0.112329 0.993522 0.017200 -3.649014 0.515863 -0.073101 0.853547 146.567852
0.857638 -0.080484 -0.507916 -29.110914 0.108301 0.993794 0.025395 -3.641666 0.502720 -0.076788 0.861032 146.805519
0.868935 -0.083898 -0.487764 -29.204156 0.111880 0.993314 0.028454 -3.663807 0.482115 -0.079296 0.872512 146.509815
0.878599 -0.079464 -0.470902 -29.175941 0.110599 0.993109 0.038769 -3.675559 0.464577 -0.086143 0.881333 146.863926
0.887853 -0.079091 -0.453278 -29.176432 0.111516 0.992734 0.045212 -3.682309 0.446408 -0.090690 0.890222 146.771630
0.896614 -0.077288 -0.436015 -29.238251 0.110967 0.992449 0.052270 -3.664223 0.428683 -0.095249 0.898420 148.060037
0.906544 -0.069806 -0.416299 -29.460629 0.103818 0.992809 0.059602 -3.664350 0.409144 -0.097251 0.907272 149.643519
0.914819 -0.073366 -0.397143 -29.676461 0.105689 0.992582 0.060090 -3.643775 0.389789 -0.096945 0.915787 151.306407
0.921591 -0.075376 -0.380773 -29.530078 0.107120 0.992258 0.062841 -3.638148 0.373088 -0.098702 0.922531 151.317148
0.927490 -0.074813 -0.366285 -29.331866 0.107062 0.991889 0.068508 -3.624511 0.358189 -0.102755 0.927977 151.365500
0.933681 -0.076820 -0.349769 -29.466639 0.109309 0.991243 0.074083 -3.621254 0.341015 -0.107402 0.933902 152.544907
0.940316 -0.077071 -0.331459 -29.616673 0.108875 0.990955 0.078450 -3.599425 0.322414 -0.109855 0.940203 154.022296
0.946923 -0.073827 -0.312869 -29.760847 0.104376 0.991150 0.082023 -3.571269 0.304044 -0.110325 0.946248 155.566333
0.953324 -0.075816 -0.292277 -29.905373 0.105038 0.990777 0.085599 -3.542823 0.283091 -0.112304 0.952495 156.776204
0.959344 -0.074210 -0.272309 -30.053576 0.101721 0.990884 0.088323 -3.513529 0.263272 -0.112432 0.958148 158.247500
0.964981 -0.071259 -0.252455 -30.195769 0.096799 0.991206 0.090222 -3.485197 0.243805 -0.111500 0.963393 159.758667
0.969831 -0.074091 -0.232246 -30.386453 0.097316 0.991159 0.090183 -3.428424 0.223511 -0.110063 0.968467 162.291537
0.974781 -0.073753 -0.210624 -30.588748 0.094496 0.991433 0.090169 -3.389876 0.202169 -0.107798 0.973400 164.236352
0.978800 -0.073031 -0.191353 -30.729650 0.091748 0.991630 0.090844 -3.345919 0.183117 -0.106475 0.977308 166.242000
0.981886 -0.074695 -0.174126 -30.790795 0.091315 0.991795 0.089466 -3.304578 0.166015 -0.103745 0.980651 167.832259
0.984995 -0.073254 -0.156267 -30.870088 0.087822 0.992201 0.088450 -3.269628 0.148569 -0.100847 0.983746 169.753852
0.987573 -0.074810 -0.138211 -30.995525 0.086997 0.992632 0.084340 -3.228664 0.130883 -0.095316 0.986805 171.898667
0.990291 -0.072730 -0.118467 -31.099540 0.082666 0.993261 0.081233 -3.197485 0.111761 -0.090238 0.989630 173.386204
0.992435 -0.070918 -0.100219 -31.175626 0.078933 0.993792 0.078410 -3.162828 0.094036 -0.085727 0.991871 175.122630
0.994244 -0.069764 -0.081317 -31.273398 0.076116 0.994058 0.077817 -3.130635 0.075405 -0.083559 0.993646 177.159500
0.995404 -0.071261 -0.063976 -31.328500 0.076331 0.993815 0.080655 -3.094656 0.057833 -0.085168 0.994687 179.176852
0.996266 -0.072971 -0.046143 -31.368902 0.076534 0.993783 0.080858 -3.059121 0.039956 -0.084087 0.995657 180.968926
0.996838 -0.074666 -0.027196 -31.426909 0.076594 0.993964 0.078544 -3.031264 0.021167 -0.080379 0.996540 182.878722
0.997136 -0.074803 -0.011107 -31.408976 0.075433 0.994254 0.075948 -3.007872 0.005362 -0.076568 0.997050 184.144148
0.997150 -0.075241 0.005626 -31.492940 0.074572 0.994135 0.078323 -3.007167 -0.011486 -0.077680 0.996912 184.683741
0.997099 -0.072547 0.023043 -31.479872 0.070462 0.994209 0.081140 -2.977551 -0.028796 -0.079281 0.996436 186.690370
0.996832 -0.068399 0.040599 -31.455745 0.064960 0.994619 0.080708 -2.938972 -0.045901 -0.077815 0.995911 188.813519
0.995838 -0.069141 0.059381 -31.433886 0.064387 0.994828 0.078555 -2.897240 -0.064506 -0.074405 0.995140 190.904074
0.994618 -0.069515 0.076833 -31.366742 0.063423 0.994849 0.079074 -2.857013 -0.081934 -0.073776 0.993903 193.214630
0.992571 -0.072177 0.097942 -31.467026 0.064722 0.994907 0.077273 -2.857216 -0.103020 -0.070360 0.992188 193.386667
0.990334 -0.071936 0.118594 -31.538111 0.063381 0.995213 0.074396 -2.848615 -0.123378 -0.066160 0.990152 193.883889
0.987688 -0.065647 0.141997 -31.467895 0.055706 0.995783 0.072887 -2.803399 -0.146183 -0.064079 0.987180 196.512222
0.983773 -0.062934 0.168018 -31.379729 0.051147 0.995977 0.073585 -2.760013 -0.171974 -0.063798 0.983034 198.984259
0.979076 -0.059531 0.194594 -31.270628 0.045839 0.996195 0.074127 -2.726035 -0.198266 -0.063656 0.978079 201.178704
0.973852 -0.057117 0.219888 -31.094545 0.041739 0.996387 0.073961 -2.692742 -0.223318 -0.062849 0.972717 203.084444
0.967549 -0.053128 0.247034 -30.965236 0.035951 0.996645 0.073534 -2.655124 -0.250111 -0.062267 0.966213 205.433333
0.960319 -0.054470 0.273533 -30.834583 0.035446 0.996627 0.074019 -2.621450 -0.276642 -0.061386 0.959010 207.459444
0.952419 -0.052597 0.300219 -30.687530 0.031757 0.996761 0.073882 -2.589624 -0.303133 -0.060832 0.951005 209.470185
0.943947 -0.054330 0.325596 -30.455876 0.032296 0.996830 0.072706 -2.554827 -0.328514 -0.058116 0.942710 211.711852
0.934804 -0.055141 0.350858 -30.254904 0.032438 0.997001 0.070261 -2.524359 -0.353680 -0.054299 0.933789 213.966667
0.925387 -0.055628 0.374919 -30.046480 0.032618 0.997189 0.067448 -2.492888 -0.377617 -0.050187 0.924601 215.973148
0.916181 -0.055422 0.396915 -29.739415 0.030933 0.997216 0.067842 -2.457630 -0.399570 -0.049878 0.915345 218.431481
0.907173 -0.054199 0.417252 -29.434936 0.028541 0.997312 0.067493 -2.421895 -0.419789 -0.049319 0.906281 220.463333
0.898016 -0.053128 0.436743 -29.153655 0.025948 0.997350 0.067969 -2.391317 -0.439196 -0.049705 0.897015 222.475370
0.887997 -0.054048 0.456662 -28.829655 0.025431 0.997321 0.068585 -2.355519 -0.459146 -0.049289 0.886992 224.919074
0.879107 -0.053270 0.473638 -28.523777 0.024117 0.997433 0.067418 -2.327356 -0.476014 -0.047845 0.878135 226.735370
0.869009 -0.051280 0.492131 -28.210367 0.022154 0.997650 0.064837 -2.290938 -0.494300 -0.045441 0.868103 228.799630
0.859203 -0.048500 0.509331 -27.902788 0.018935 0.997829 0.063074 -2.257939 -0.511285 -0.044549 0.858256 230.678519
0.848674 -0.048122 0.526723 -27.588352 0.017640 0.997874 0.062744 -2.224011 -0.528622 -0.043958 0.847718 232.534815
0.837679 -0.047243 0.544116 -27.269914 0.015062 0.997871 0.063452 -2.189191 -0.545955 -0.044957 0.836607 234.372963
0.826303 -0.045843 0.561358 -26.946124 0.011093 0.997813 0.065157 -2.158382 -0.563117 -0.047612 0.825004 236.074259
0.815008 -0.044752 0.577719 -26.609569 0.008135 0.997799 0.065816 -2.120717 -0.579393 -0.048941 0.813578 237.741481
0.803332 -0.042462 0.594016 -26.237758 0.003882 0.997807 0.066077 -2.086863 -0.595519 -0.050776 0.801735 239.490741
0.791154 -0.037412 0.610472 -25.848466 -0.002617 0.997911 0.064547 -2.053169 -0.611611 -0.052664 0.789404 241.245556
0.779731 -0.031703 0.625311 -25.443742 -0.010090 0.997951 0.063177 -2.026693 -0.626033 -0.055570 0.777814 242.895741
0.766549 -0.028518 0.641552 -25.060185 -0.016906 0.997771 0.064552 -1.999869 -0.641963 -0.060329 0.764358 244.435926
0.751933 -0.026542 0.658705 -24.658074 -0.023705 0.997454 0.067252 -1.972212 -0.658813 -0.066184 0.749390 246.029074
0.738308 -0.028579 0.673858 -24.234401 -0.025187 0.997237 0.069891 -1.942622 -0.673994 -0.068573 0.735548 247.496481
0.722542 -0.032328 0.690571 -23.816030 -0.025000 0.997031 0.072832 -1.908991 -0.690875 -0.069888 0.719588 249.093889
0.706733 -0.030974 0.706802 -23.402056 -0.030339 0.996795 0.074019 -1.879331 -0.706829 -0.073755 0.703529 250.527037
0.691751 -0.028852 0.721560 -22.944541 -0.037482 0.996420 0.075775 -1.850166 -0.721163 -0.079463 0.688193 251.975370
0.676979 -0.030148 0.735385 -22.521726 -0.037323 0.996469 0.075210 -1.818631 -0.735056 -0.078363 0.673463 253.294074
0.660829 -0.030541 0.749915 -22.084672 -0.037801 0.996549 0.073896 -1.783688 -0.749584 -0.077180 0.657394 254.627778
0.644185 -0.035406 0.764050 -21.617194 -0.031698 0.996834 0.072917 -1.746398 -0.764213 -0.071191 0.641023 256.045556
0.627660 -0.037908 0.777564 -21.133348 -0.032077 0.996706 0.074485 -1.715791 -0.777826 -0.071693 0.624377 257.285556
0.611424 -0.036884 0.790443 -20.788488 -0.034476 0.996723 0.073177 -1.687751 -0.790552 -0.071993 0.608149 258.256296
0.596354 -0.029465 0.802180 -20.381258 -0.041965 0.996815 0.067812 -1.662151 -0.801624 -0.074104 0.593218 259.144815
0.580246 -0.021222 0.814165 -19.930849 -0.045447 0.997259 0.058384 -1.635549 -0.813172 -0.070878 0.577691 260.349259
0.564009 -0.015127 0.825630 -19.501063 -0.049234 0.997437 0.051907 -1.615344 -0.824300 -0.069925 0.561819 261.448519
0.547401 -0.012057 0.836784 -19.207147 -0.053619 0.997336 0.049447 -1.608618 -0.835151 -0.071935 0.545296 262.217037
0.529969 -0.006869 0.847989 -19.040675 -0.060759 0.997090 0.046049 -1.592198 -0.845838 -0.075928 0.528009 262.730741
0.511893 0.000469 0.859049 -18.625102 -0.075744 0.996130 0.044591 -1.575676 -0.855703 -0.087893 0.509948 263.559815
0.493914 0.000398 0.869511 -18.136154 -0.076963 0.996095 0.043262 -1.551507 -0.866098 -0.088288 0.492015 264.689815
0.476824 0.003409 0.878992 -17.704316 -0.084896 0.995496 0.042192 -1.533242 -0.874889 -0.094742 0.474966 265.478519
0.461046 0.003626 0.887369 -17.242184 -0.087133 0.995344 0.041204 -1.519362 -0.883088 -0.096316 0.459216 266.262222
0.445478 0.002500 0.895289 -16.855371 -0.087788 0.995299 0.040902 -1.516527 -0.890979 -0.096816 0.443603 266.967778
0.427829 0.005970 0.903840 -16.326932 -0.089857 0.995305 0.035959 -1.497761 -0.899382 -0.096601 0.426357 268.016111
0.413571 0.006225 0.910451 -15.889743 -0.084198 0.995953 0.031437 -1.487737 -0.906570 -0.089660 0.412422 268.622593
0.395195 0.002581 0.918594 -15.876880 -0.080992 0.996200 0.032045 -1.479069 -0.915020 -0.087063 0.393902 269.024630
0.387397 -0.001050 0.921913 -15.268225 -0.081826 0.996013 0.035518 -1.475139 -0.918275 -0.089196 0.385766 269.209630
0.374341 -0.001163 0.927290 -14.734980 -0.089248 0.995312 0.037277 -1.458538 -0.922986 -0.096713 0.372482 269.854630
0.361574 -0.003596 0.932336 -14.278939 -0.091589 0.995019 0.039357 -1.449721 -0.927834 -0.099622 0.359444 270.432593
0.347036 -0.004176 0.937843 -14.289404 -0.089141 0.995316 0.037417 -1.435187 -0.933606 -0.096585 0.345038 270.868519
0.337114 -0.003558 0.941457 -14.264662 -0.090662 0.995223 0.036225 -1.440413 -0.937088 -0.097566 0.335181 270.962037
0.326541 -0.001348 0.945182 -14.267632 -0.095753 0.994807 0.034499 -1.434424 -0.940320 -0.101769 0.324717 271.202963
0.322057 0.001009 0.946720 -14.168909 -0.091357 0.995366 0.030017 -1.441394 -0.942302 -0.096157 0.320657 271.154444
0.317362 0.009550 0.948256 -13.652086 -0.094615 0.995279 0.021642 -1.434893 -0.943573 -0.096588 0.316767 271.720741
0.313060 0.012074 0.949657 -13.220204 -0.094611 0.995342 0.018534 -1.429716 -0.945009 -0.095651 0.312744 272.206481
0.309995 0.004810 0.950726 -12.763445 -0.096588 0.994973 0.026460 -1.424453 -0.945819 -0.100031 0.308901 272.677778
0.306004 -0.003988 0.952022 -12.386180 -0.095666 0.994801 0.034917 -1.415277 -0.947211 -0.101760 0.304032 273.190000
0.304576 -0.008090 0.952454 -11.955254 -0.094502 0.994773 0.038669 -1.406352 -0.947789 -0.101786 0.302220 273.660741
0.304070 -0.006216 0.952629 -11.569748 -0.093443 0.994962 0.036318 -1.396535 -0.948056 -0.100060 0.301957 274.124630
0.303109 -0.003562 0.952950 -11.163987 -0.094724 0.994928 0.033848 -1.385460 -0.948237 -0.100527 0.301234 274.600000
0.304724 -0.000575 0.952441 -10.784318 -0.095854 0.994904 0.031268 -1.376991 -0.947605 -0.100823 0.303116 275.031481
0.307293 0.000001 0.951615 -10.371964 -0.097142 0.994776 0.031367 -1.369349 -0.946644 -0.102081 0.305688 275.497778
0.310748 0.000459 0.950492 -10.018490 -0.094193 0.995092 0.030314 -1.361843 -0.945814 -0.098949 0.309266 275.910926
0.313535 0.002966 0.949572 -9.669942 -0.096568 0.994910 0.028777 -1.351760 -0.944654 -0.100721 0.312226 276.338148
0.316961 0.004010 0.948430 -9.277616 -0.097928 0.994785 0.028521 -1.343573 -0.943369 -0.101918 0.315701 276.825741
0.323435 0.003630 0.946244 -8.904913 -0.096427 0.994913 0.029143 -1.336173 -0.941325 -0.100670 0.322139 277.247778
0.327489 0.000208 0.944855 -8.498817 -0.092638 0.995189 0.031889 -1.326602 -0.940303 -0.097973 0.325933 277.870185
0.332236 -0.002547 0.943193 -8.098839 -0.088795 0.995471 0.033966 -1.316531 -0.939008 -0.095036 0.330504 278.425556
0.338866 -0.000984 0.940834 -7.705292 -0.088745 0.995507 0.033005 -1.305600 -0.936640 -0.094678 0.337256 278.884630
0.344828 -0.000408 0.938666 -7.340134 -0.090903 0.995285 0.033827 -1.295026 -0.934254 -0.096992 0.343166 279.381481
0.348231 -0.004295 0.937399 -7.243911 -0.084363 0.995788 0.035902 -1.290609 -0.933605 -0.091584 0.346402 279.592222
0.355686 -0.006130 0.934586 -7.032863 -0.084138 0.995708 0.038552 -1.292964 -0.930811 -0.092347 0.353643 279.526852
0.365577 -0.007105 0.930754 -6.812057 -0.083333 0.995705 0.040332 -1.292072 -0.927043 -0.092307 0.363415 279.427222
0.373244 -0.008684 0.927693 -6.638954 -0.079735 0.995956 0.041403 -1.292281 -0.924301 -0.089423 0.371042 279.489815
0.375927 -0.005984 0.926630 -6.375137 -0.079013 0.996130 0.038488 -1.272326 -0.923274 -0.087685 0.374000 280.150370
0.383734 -0.001530 0.923442 -6.105861 -0.084206 0.995774 0.036642 -1.269214 -0.919596 -0.091820 0.381984 280.263889
0.389977 0.000267 0.920824 -5.693938 -0.085108 0.995730 0.035755 -1.257432 -0.916883 -0.092314 0.388335 280.835741
0.395727 -0.000918 0.918368 -5.330379 -0.082040 0.995966 0.036347 -1.249242 -0.914697 -0.089726 0.394055 281.412778
0.401614 -0.000962 0.915808 -4.975110 -0.081345 0.996009 0.036719 -1.238067 -0.912189 -0.089243 0.399933 281.976111
0.407292 -0.003008 0.913293 -4.620046 -0.081168 0.995918 0.039478 -1.226806 -0.909684 -0.090209 0.405385 282.541667
0.413250 -0.003513 0.910611 -4.291708 -0.081355 0.995851 0.040762 -1.215219 -0.906976 -0.090928 0.411250 283.049259
0.418119 -0.004643 0.908380 -3.926758 -0.082670 0.995643 0.043142 -1.206647 -0.904623 -0.093134 0.415914 283.637778
0.423488 -0.002663 0.905898 -3.609685 -0.082785 0.995698 0.041627 -1.194677 -0.902111 -0.092623 0.421445 284.205741
