1.000000 0.000000 0.000000 0.000000 0.000000 1.000000 0.000000 0.000000 0.000000 0.000000 1.000000 0.000000
0.999920 -0.000004 -0.012615 -0.053976 0.000007 1.000000 0.000241 -0.000928 0.012615 -0.000242 0.999920 0.045969
0.999999 -0.001181 0.000453 -0.018610 0.001181 0.999999 0.000847 -0.002967 -0.000454 -0.000846 1.000000 0.038627
0.999759 0.002561 0.021792 -0.054830 -0.002585 0.999996 0.001043 -0.003772 -0.021789 -0.001099 0.999762 0.411679
0.998804 0.003553 0.048769 -0.112479 -0.003630 0.999992 0.001493 0.001885 -0.048763 -0.001668 0.998809 0.866401
0.996582 -0.000291 0.082612 -0.099082 -0.000041 0.999992 0.004019 -0.001047 -0.082612 -0.004008 0.996574 1.120849
0.992686 -0.003921 0.120663 -0.092008 0.002944 0.999961 0.008273 -0.015022 -0.120691 -0.007857 0.992659 1.358202
0.986998 -0.006732 0.160594 -0.112608 0.005290 0.999942 0.009404 -0.006585 -0.160648 -0.008432 0.986976 1.532457
0.978965 -0.010802 0.203741 -0.082143 0.008834 0.999905 0.010569 -0.012671 -0.203836 -0.008547 0.978968 1.910743
0.967783 -0.011602 0.251518 -0.036269 0.008199 0.999860 0.014576 0.005497 -0.251652 -0.012044 0.967743 2.453865
0.954167 -0.016539 0.298818 -0.028697 0.010466 0.999705 0.021912 0.006183 -0.299092 -0.017780 0.954059 2.704965
0.939156 -0.032587 0.341941 0.059743 0.022707 0.999202 0.032860 -0.020053 -0.342739 -0.023096 0.939147 3.101681
0.920076 -0.038990 0.389794 0.184610 0.024032 0.998778 0.043179 -0.035446 -0.391001 -0.030361 0.919889 3.543419
0.896613 -0.044912 0.440532 0.253256 0.024671 0.998365 0.051568 -0.049949 -0.442127 -0.035368 0.896255 3.903783
0.869734 -0.055675 0.490369 0.302398 0.031622 0.997861 0.057208 -0.056309 -0.492506 -0.034249 0.869635 4.091598
0.839930 -0.066610 0.538591 0.390757 0.036954 0.997155 0.065692 -0.067410 -0.541434 -0.035274 0.840003 4.374707
0.807130 -0.075377 0.585542 0.496290 0.041248 0.996592 0.071435 -0.067230 -0.588931 -0.033505 0.807489 4.653243
0.771443 -0.082498 0.630928 0.616411 0.044407 0.996122 0.075953 -0.061352 -0.634747 -0.030576 0.772115 4.960256
0.732522 -0.091846 0.674519 0.743895 0.049953 0.995438 0.081294 -0.065799 -0.678908 -0.025856 0.733768 5.401461
0.693801 -0.094784 0.713902 0.893503 0.050318 0.995259 0.083238 -0.046433 -0.718407 -0.021828 0.695280 5.759365
0.654377 -0.099871 0.749544 1.067851 0.049552 0.994773 0.089286 -0.043002 -0.754543 -0.021285 0.655905 6.196765
0.616670 -0.101850 0.780605 1.249831 0.048861 0.994635 0.091176 -0.022519 -0.785704 -0.018084 0.618339 6.527485
0.585328 -0.104832 0.803991 1.475437 0.048044 0.994348 0.094675 -0.006168 -0.809372 -0.016789 0.587056 6.639250
0.548125 -0.107081 0.829514 1.634586 0.044964 0.994109 0.098617 0.009818 -0.835187 -0.016756 0.549711 6.995672
0.512360 -0.103505 0.852510 1.810966 0.036646 0.994441 0.098713 0.038993 -0.857989 -0.019335 0.513305 7.358767
0.477098 -0.102379 0.872866 1.995097 0.031679 0.994550 0.099336 0.058162 -0.878279 -0.019742 0.477741 7.650931
0.452937 -0.100262 0.885887 2.260770 0.029890 0.994806 0.097307 0.085377 -0.891041 -0.017594 0.453582 7.747891
0.425650 -0.100404 0.899300 2.444687 0.034760 0.994906 0.094626 0.103693 -0.904220 -0.009018 0.426971 7.975919
0.401271 -0.098703 0.910626 2.654445 0.034190 0.995098 0.092794 0.124721 -0.915321 -0.006101 0.402678 8.267637
0.384831 -0.097285 0.917846 2.892095 0.032097 0.995239 0.092030 0.148332 -0.922429 -0.005956 0.386122 8.510519
0.372811 -0.099153 0.922594 3.074580 0.036300 0.995072 0.092274 0.163413 -0.927197 -0.000910 0.374573 8.693202
0.362254 -0.100629 0.926632 3.333229 0.036016 0.994924 0.093965 0.187895 -0.931383 -0.000666 0.364039 9.022424
0.355259 -0.101296 0.929263 3.617524 0.033889 0.994853 0.095490 0.216780 -0.934153 -0.002432 0.356864 9.289444
0.345858 -0.103110 0.932604 3.907466 0.033506 0.994667 0.097545 0.247583 -0.937689 -0.002489 0.347468 9.667896
0.337181 -0.104812 0.935587 4.193084 0.032762 0.994488 0.099603 0.274548 -0.940870 -0.002932 0.338756 10.019161
0.328394 -0.106649 0.938500 4.479018 0.031994 0.994291 0.101794 0.301674 -0.943999 -0.003403 0.329932 10.321604
0.318494 -0.107610 0.941797 4.767955 0.030595 0.994185 0.103249 0.329840 -0.947431 -0.004070 0.319934 10.670254
0.308457 -0.108978 0.944975 5.071634 0.029736 0.994035 0.104930 0.360050 -0.950773 -0.004267 0.309858 11.014728
0.300050 -0.111848 0.947344 5.400394 0.028513 0.993710 0.108292 0.390884 -0.953497 -0.005481 0.301351 11.332061
0.292324 -0.114710 0.949415 5.663995 0.037045 0.993393 0.108617 0.431962 -0.955602 0.003419 0.294642 11.526333
0.281574 -0.118522 0.952192 6.006836 0.035274 0.992950 0.113164 0.464951 -0.958891 0.001723 0.283769 11.851915
0.269974 -0.120278 0.955326 6.338984 0.033961 0.992739 0.115391 0.497495 -0.962269 0.001291 0.272098 12.165317
0.255412 -0.120250 0.959325 6.650230 0.033189 0.992741 0.115602 0.530008 -0.966263 0.002313 0.257549 12.472761
0.242625 -0.119322 0.962754 6.991726 0.031041 0.992854 0.115230 0.563031 -0.969623 0.001928 0.244595 12.801993
0.226662 -0.118304 0.966762 7.348174 0.029332 0.992975 0.114634 0.596499 -0.973532 0.002374 0.228539 13.107669
0.207282 -0.115677 0.971418 7.670776 0.026168 0.993285 0.112697 0.628931 -0.977931 0.002060 0.208917 13.336604
0.183556 -0.113803 0.976400 8.014712 0.020968 0.993503 0.111855 0.661863 -0.982786 -0.000058 0.184750 13.529067
0.155989 -0.113394 0.981228 8.372921 0.015770 0.993548 0.112310 0.694633 -0.987633 -0.002045 0.156771 13.691283
0.124183 -0.112675 0.985841 8.713246 0.012781 0.993631 0.111955 0.728472 -0.992177 -0.001303 0.124832 13.862656
0.091160 -0.111382 0.989588 9.042170 0.013295 0.993773 0.110629 0.764182 -0.995748 0.003072 0.092073 13.956141
0.058648 -0.109845 0.992217 9.370264 0.011973 0.993934 0.109327 0.796027 -0.998207 0.005468 0.059608 14.004880
0.027076 -0.108604 0.993716 9.693400 0.008593 0.994069 0.108409 0.824058 -0.999596 0.005603 0.027848 14.040394
-0.004785 -0.105051 0.994456 10.008711 0.005532 0.994449 0.105077 0.854083 -0.999973 0.006004 -0.004177 14.059287
-0.036584 -0.101838 0.994128 10.334515 0.006524 0.994749 0.102142 0.881354 -0.999309 0.010222 -0.035727 14.005939
-0.067603 -0.096573 0.993027 10.659163 0.010232 0.995185 0.097479 0.908198 -0.997660 0.016751 -0.066289 13.906433
-0.097894 -0.090911 0.991036 10.976915 0.014469 0.995584 0.092758 0.934903 -0.995092 0.023420 -0.096146 13.745428
-0.127167 -0.086196 0.988129 11.323714 0.019190 0.995817 0.089336 0.959991 -0.991696 0.030323 -0.124981 13.582352
-0.155282 -0.080683 0.984570 11.661689 0.026367 0.995965 0.085775 0.983161 -0.987518 0.039279 -0.152528 13.369889
-0.182353 -0.071216 0.980651 11.995949 0.030529 0.996483 0.078043 1.003757 -0.982759 0.044169 -0.179537 13.150565
-0.208862 -0.057000 0.976283 12.325365 0.032564 0.997341 0.065196 1.019801 -0.977403 0.045408 -0.206451 12.909511
-0.234141 -0.039703 0.971391 12.588026 0.031826 0.998317 0.048475 1.034859 -0.971681 0.042265 -0.232484 12.729093
-0.260431 -0.024556 0.965180 12.874815 0.030639 0.998963 0.033683 1.045831 -0.965006 0.038344 -0.259409 12.507406
-0.286726 -0.013690 0.957915 13.049932 0.034430 0.999105 0.024584 1.046714 -0.957394 0.040030 -0.285998 12.465113
-0.310667 -0.007787 0.950487 13.223077 0.037924 0.999069 0.020581 1.050974 -0.949762 0.042440 -0.310082 12.349528
-0.333569 -0.011148 0.942660 13.552882 0.038122 0.998953 0.025304 1.052138 -0.941955 0.044376 -0.332794 11.883848
-0.354211 -0.014287 0.935056 13.651821 0.043253 0.998563 0.031643 1.048632 -0.934165 0.051652 -0.353084 11.807685
-0.374644 -0.017536 0.927003 13.950754 0.048096 0.998107 0.038319 1.052319 -0.925921 0.058941 -0.373092 11.410093
-0.388024 -0.014421 0.921536 14.000121 0.056603 0.997617 0.039444 1.050156 -0.919910 0.067467 -0.386283 11.260526
-0.400295 -0.010710 0.916324 14.042587 0.060415 0.997448 0.038051 1.047571 -0.914393 0.070591 -0.398627 11.199004
-0.412056 -0.008398 0.911120 14.083913 0.060561 0.997494 0.036583 1.049243 -0.909144 0.070253 -0.410515 11.131083
-0.424628 -0.010302 0.905309 14.087606 0.052538 0.997970 0.035999 1.044875 -0.903842 0.062850 -0.423225 11.102152
-0.437015 -0.009975 0.899399 14.073345 0.055241 0.997753 0.037908 1.041500 -0.897756 0.066250 -0.435482 11.135357
-0.447179 -0.008078 0.894408 14.068755 0.059431 0.997481 0.038723 1.039005 -0.892468 0.070472 -0.445573 11.134924
-0.458546 -0.006472 0.888647 14.093352 0.061611 0.997336 0.039055 1.037459 -0.886532 0.072659 -0.456925 11.077098
-0.464983 -0.004055 0.885311 14.121972 0.063044 0.997299 0.037680 1.036058 -0.883072 0.073334 -0.463471 11.069317
-0.467321 -0.002660 0.884084 14.145095 0.063366 0.997323 0.036496 1.034776 -0.881814 0.073076 -0.465902 11.004719
-0.467718 -0.003687 0.883870 14.194748 0.064316 0.997198 0.038194 1.037451 -0.881535 0.074712 -0.466171 10.918759
-0.466395 -0.005360 0.884560 14.257312 0.062238 0.997305 0.038859 1.038213 -0.882384 0.073177 -0.464804 10.862322
-0.462950 -0.007225 0.886355 14.328484 0.060111 0.997409 0.039527 1.039387 -0.884344 0.071579 -0.461316 10.798813
-0.459733 -0.008496 0.888017 14.395072 0.057532 0.997569 0.039329 1.041751 -0.886192 0.069171 -0.458126 10.742585
-0.457278 -0.009668 0.889271 14.461319 0.057526 0.997525 0.040426 1.039545 -0.887461 0.069642 -0.455591 10.711574
-0.456601 -0.012339 0.889586 14.512295 0.052788 0.997766 0.040934 1.038969 -0.888104 0.065650 -0.454930 10.688339
-0.458690 -0.015991 0.888453 14.645054 0.047379 0.997976 0.042423 1.042336 -0.887333 0.061553 -0.457004 10.489004
-0.463072 -0.019363 0.886109 14.697655 0.042979 0.998095 0.044271 1.042399 -0.885278 0.058584 -0.461358 10.415763
-0.466888 -0.020971 0.884068 14.744138 0.041711 0.998084 0.045704 1.041993 -0.883333 0.058214 -0.465118 10.328424
-0.469117 -0.022197 0.882857 15.042364 0.039626 0.998148 0.046151 1.053080 -0.882247 0.056635 -0.467369 9.824587
-0.473007 -0.023225 0.880753 15.139699 0.038456 0.998156 0.046974 1.057800 -0.880219 0.056089 -0.471241 9.626289
-0.476891 -0.025214 0.878601 15.165306 0.038048 0.998059 0.049293 1.051439 -0.878139 0.056936 -0.475006 9.632598
-0.482699 -0.028259 0.875330 15.218199 0.033646 0.998143 0.050778 1.047727 -0.875140 0.053962 -0.480852 9.615628
-0.488240 -0.031433 0.872143 15.272464 0.029109 0.998209 0.052272 1.046134 -0.872224 0.050909 -0.486450 9.601572
-0.490468 -0.032739 0.870844 15.638405 0.029511 0.998097 0.054144 1.057782 -0.870959 0.052256 -0.488569 8.946656
-0.491356 -0.032466 0.870353 15.992516 0.029364 0.998119 0.053810 1.072953 -0.870463 0.051997 -0.489479 8.306380
-0.491671 -0.032851 0.870161 16.345984 0.029632 0.998078 0.054423 1.091897 -0.870277 0.052543 -0.489753 7.674493
-0.491300 -0.035229 0.870278 16.702583 0.028647 0.997987 0.056571 1.108355 -0.870519 0.052725 -0.489302 7.051996
-0.496322 -0.038368 0.867291 16.757280 0.026058 0.997914 0.059059 1.105423 -0.867748 0.051912 -0.494287 7.242626
-0.500034 -0.040788 0.865045 16.803191 0.022238 0.997956 0.059909 1.101749 -0.865720 0.049193 -0.498105 7.292748
-0.500637 -0.041620 0.864656 17.194572 0.021533 0.997936 0.060503 1.117853 -0.865390 0.048909 -0.498707 6.607865
-0.500770 -0.040968 0.864610 17.535852 0.022150 0.997946 0.060115 1.131537 -0.865297 0.049255 -0.498834 5.986344
-0.503008 -0.039349 0.863386 17.886404 0.020943 0.998115 0.057690 1.149585 -0.864028 0.047101 -0.501236 5.347376
-0.506999 -0.038624 0.861081 18.210895 0.017984 0.998304 0.055368 1.161214 -0.861759 0.043557 -0.505444 4.747769
-0.511843 -0.035440 0.858348 18.553012 0.017971 0.998488 0.051943 1.185579 -0.858891 0.042012 -0.510432 4.088361
-0.516698 -0.034847 0.855458 18.880776 0.021669 0.998319 0.053754 1.200456 -0.855894 0.046311 -0.515074 3.408150
-0.524522 -0.042824 0.850319 18.919667 0.012855 0.998222 0.058203 1.195768 -0.851300 0.041460 -0.523039 3.323933
-0.531096 -0.048025 0.845950 18.951165 0.004432 0.998221 0.059452 1.192719 -0.847300 0.035324 -0.529938 3.247663
-0.539944 -0.047468 0.840362 19.246016 -0.000782 0.998436 0.055895 1.211747 -0.841701 0.029522 -0.539136 2.710278
-0.549148 -0.046733 0.834418 19.621165 -0.001874 0.998502 0.054689 1.231683 -0.835723 0.028469 -0.548412 2.029361
-0.551949 -0.046584 0.832575 19.644487 -0.004884 0.998602 0.052636 1.226808 -0.833863 0.024987 -0.551405 1.878000
-0.559192 -0.046145 0.827753 20.008091 -0.007146 0.998681 0.050846 1.246918 -0.829008 0.022518 -0.558784 1.274980
-0.561698 -0.045772 0.826075 20.325433 -0.005351 0.998649 0.051695 1.259032 -0.827325 0.024617 -0.561184 0.535413
-0.563594 -0.051641 0.824437 20.635268 -0.004745 0.998230 0.059284 1.274613 -0.826039 0.029500 -0.562841 -0.174437
-0.566924 -0.060904 0.821516 20.968816 -0.006772 0.997574 0.069282 1.293072 -0.823743 0.033714 -0.565961 -0.913564
-0.567904 -0.059782 0.820921 21.265686 -0.002937 0.997500 0.070610 1.308983 -0.823090 0.037689 -0.566660 -1.609008
-0.570064 -0.054015 0.819822 21.603397 -0.000998 0.997881 0.065053 1.331069 -0.821599 0.036266 -0.568911 -2.389169
-0.570925 -0.045696 0.819730 21.914388 0.005580 0.998211 0.059532 1.339599 -0.820983 0.038562 -0.569648 -3.127124
-0.572435 -0.043490 0.818796 22.235467 0.006186 0.998335 0.057351 1.363877 -0.819927 0.037895 -0.571213 -3.877211
-0.575443 -0.045025 0.816602 22.561600 0.005605 0.998243 0.058989 1.379316 -0.817823 0.038521 -0.574179 -4.583733
-0.574972 -0.047215 0.816810 22.869162 0.008705 0.997924 0.063811 1.384724 -0.818127 0.043800 -0.573367 -5.348713
-0.575525 -0.059811 0.815594 23.242432 -0.013962 0.997895 0.063327 1.433409 -0.817665 0.025059 -0.575148 -6.135248
-0.574105 -0.066567 0.816071 23.549530 -0.018637 0.997494 0.068255 1.451464 -0.818569 0.023977 -0.573907 -6.869348
-0.573213 -0.073265 0.816125 23.888731 -0.028012 0.997165 0.069842 1.467543 -0.818928 0.017173 -0.573640 -7.641387
-0.569076 -0.076100 0.818756 24.173872 -0.033249 0.997023 0.069560 1.490261 -0.821612 0.012362 -0.569913 -8.297378
-0.572703 -0.070153 0.816755 24.527777 -0.017149 0.997139 0.073621 1.499485 -0.819583 0.028156 -0.572268 -9.022961
-0.570298 -0.067419 0.818667 24.832807 -0.014848 0.997309 0.071788 1.518995 -0.821304 0.028785 -0.569765 -9.747252
-0.565867 -0.064514 0.821969 25.142346 -0.013577 0.997528 0.068947 1.542542 -0.824385 0.027855 -0.565344 -10.455174
-0.559452 -0.062390 0.826511 25.450038 -0.009094 0.997565 0.069147 1.562700 -0.828813 0.031168 -0.558657 -11.156631
-0.552492 -0.058208 0.831483 25.758059 0.001553 0.997485 0.070861 1.575271 -0.833516 0.040442 -0.551012 -11.845239
-0.544429 -0.061116 0.836577 26.094182 -0.003569 0.997502 0.070550 1.599218 -0.838799 0.035424 -0.543287 -12.554909
-0.533695 -0.063859 0.843263 26.399995 -0.007382 0.997459 0.070864 1.623362 -0.845645 0.031594 -0.532810 -13.199050
-0.521654 -0.066096 0.850593 26.693588 -0.006082 0.997257 0.073763 1.644553 -0.853136 0.033305 -0.520625 -13.826420
-0.512087 -0.066447 0.856360 27.037746 -0.003319 0.997149 0.075387 1.662506 -0.858927 0.035762 -0.510847 -14.490056
-0.500115 -0.068021 0.863283 27.361573 -0.008145 0.997236 0.073857 1.687509 -0.865921 0.029906 -0.499287 -15.095696
-0.488740 -0.065868 0.869940 27.680486 -0.006999 0.997410 0.071588 1.713975 -0.872402 0.028899 -0.487935 -15.681794
-0.478608 -0.064721 0.875640 28.006414 -0.013445 0.997703 0.066394 1.736346 -0.877926 0.020004 -0.478379 -16.226278
-0.468267 -0.056511 0.881778 28.365223 -0.008639 0.998198 0.059385 1.751882 -0.883545 0.020190 -0.467911 -16.840120
-0.454399 -0.048755 0.889463 28.654711 -0.006369 0.998653 0.051486 1.777389 -0.890776 0.017730 -0.454097 -17.336961
-0.444698 -0.055022 0.893989 28.993486 -0.022609 0.998483 0.050207 1.814478 -0.895395 0.002115 -0.445267 -17.858541
-0.434509 -0.061061 0.898595 29.334895 -0.028383 0.998132 0.054101 1.830872 -0.900220 -0.001997 -0.435431 -18.406230
-0.424498 -0.058882 0.903512 29.653393 -0.026208 0.998264 0.052744 1.840560 -0.905050 -0.001289 -0.425304 -18.911759
-0.418413 -0.055063 0.906586 29.987647 -0.034510 0.998404 0.044712 1.858852 -0.907601 -0.012578 -0.419646 -19.404463
-0.413624 -0.052199 0.908950 30.325525 -0.040272 0.998427 0.039012 1.860796 -0.909557 -0.020469 -0.415075 -19.899611
-0.411555 -0.050084 0.910008 30.666794 -0.040798 0.998500 0.036504 1.869192 -0.910471 -0.022103 -0.412981 -20.378204
-0.408865 -0.051822 0.911122 31.012146 -0.044618 0.998328 0.036760 1.878325 -0.911504 -0.025623 -0.410494 -20.880130
-0.405025 -0.051547 0.912852 31.051604 -0.046872 0.998267 0.035573 1.880067 -0.913104 -0.028379 -0.406739 -21.039074
-0.398875 -0.055607 0.915318 31.096062 -0.050219 0.997986 0.038746 1.879737 -0.915629 -0.030511 -0.400865 -21.244093
-0.397409 -0.062593 0.915504 31.154549 -0.061730 0.997235 0.041385 1.883857 -0.915563 -0.040067 -0.400174 -21.367907
-0.391279 -0.065604 0.917931 31.236608 -0.065768 0.996899 0.043213 1.885657 -0.917919 -0.043462 -0.394381 -21.638704
-0.384590 -0.069769 0.920447 31.320378 -0.083254 0.995697 0.040687 1.892232 -0.919326 -0.060983 -0.388744 -21.922537
-0.378375 -0.071360 0.922897 31.412842 -0.093627 0.994861 0.038538 1.895074 -0.920905 -0.071827 -0.383112 -22.195148
-0.373013 -0.067351 0.925378 31.726922 -0.092571 0.995087 0.035110 1.904586 -0.923196 -0.072566 -0.377415 -22.615815
-0.365143 -0.063543 0.928781 31.947847 -0.093328 0.995140 0.031392 1.911781 -0.926262 -0.075219 -0.369299 -22.989111
-0.359747 -0.065576 0.930743 32.276821 -0.095378 0.994886 0.033230 1.922796 -0.928162 -0.076818 -0.364162 -23.394833
-0.353114 -0.069710 0.932980 32.587472 -0.094752 0.994757 0.038464 1.928959 -0.930770 -0.074820 -0.357868 -23.782815
-0.347426 -0.072428 0.934906 32.896584 -0.099950 0.994193 0.039878 1.939772 -0.932365 -0.079589 -0.352648 -24.129630
-0.341577 -0.070776 0.937185 33.237907 -0.105261 0.993768 0.036685 1.950177 -0.933941 -0.086118 -0.346899 -24.524963
-0.336285 -0.069010 0.939229 33.580656 -0.104568 0.993881 0.035586 1.955941 -0.935937 -0.086246 -0.341444 -24.916241
-0.329852 -0.068403 0.941551 33.911347 -0.106002 0.993748 0.035059 1.964112 -0.938062 -0.088242 -0.335041 -25.288704
-0.325651 -0.070169 0.942883 34.274443 -0.108295 0.993447 0.036530 1.976053 -0.939268 -0.090213 -0.331116 -25.659685
-0.317082 -0.069507 0.945848 34.306983 -0.102819 0.993952 0.038574 1.974649 -0.942808 -0.085020 -0.322310 -25.768389
-0.310749 -0.068285 0.948036 34.659922 -0.097299 0.994462 0.039736 1.980990 -0.945499 -0.079895 -0.315672 -26.148907
-0.305729 -0.065872 0.949837 35.008249 -0.095109 0.994727 0.038371 1.999981 -0.947356 -0.078607 -0.310382 -26.503741
-0.300439 -0.068567 0.951333 35.061039 -0.106343 0.993602 0.038029 2.005788 -0.947854 -0.089742 -0.305808 -26.571778
-0.294026 -0.069300 0.953282 35.119861 -0.108048 0.993385 0.038889 2.006395 -0.949671 -0.091565 -0.299569 -26.664759
-0.291410 -0.069406 0.954077 35.441707 -0.106535 0.993515 0.039736 2.017066 -0.950647 -0.090063 -0.296915 -26.978630
-0.288158 -0.068983 0.955095 35.792885 -0.106026 0.993568 0.039773 2.029719 -0.951695 -0.089804 -0.293619 -27.329222
-0.283124 -0.067263 0.956722 36.200272 -0.104460 0.993766 0.038955 2.043387 -0.953378 -0.088910 -0.288385 -27.751593
-0.278703 -0.068200 0.957953 36.484506 -0.099547 0.994154 0.041815 2.050447 -0.955204 -0.083707 -0.283863 -28.014667
-0.274813 -0.068894 0.959026 36.860935 -0.091426 0.994783 0.045264 2.061401 -0.957141 -0.075241 -0.279678 -28.404444
-0.269143 -0.069425 0.960595 37.168384 -0.089867 0.994857 0.046722 2.068248 -0.958898 -0.073751 -0.273998 -28.700426
-0.265228 -0.067882 0.961793 37.533559 -0.091315 0.994803 0.045030 2.081084 -0.959852 -0.075883 -0.270049 -29.032704
-0.261997 -0.065991 0.962810 37.878592 -0.093143 0.994731 0.042833 2.094223 -0.960563 -0.078457 -0.266764 -29.336944
-0.259914 -0.066087 0.963368 38.192996 -0.095817 0.994497 0.042371 2.104035 -0.960866 -0.081294 -0.264816 -29.620630
-0.260167 -0.066865 0.963246 38.527709 -0.096468 0.994408 0.042973 2.116997 -0.960733 -0.081743 -0.265162 -29.891204
-0.260451 -0.069606 0.962974 38.857784 -0.094140 0.994476 0.046422 2.133570 -0.960886 -0.078564 -0.265566 -30.183148
-0.259391 -0.074199 0.962918 39.176600 -0.094813 0.994184 0.051067 2.143778 -0.961107 -0.078051 -0.264918 -30.470241
-0.259778 -0.076968 0.962596 39.534750 -0.097783 0.993792 0.053073 2.157765 -0.960705 -0.080338 -0.265691 -30.774296
-0.259519 -0.072714 0.962997 39.874226 -0.099016 0.993910 0.048364 2.170546 -0.960649 -0.082801 -0.265138 -31.060667
-0.259725 -0.068974 0.963216 40.187048 -0.099877 0.994016 0.044248 2.182982 -0.960504 -0.084711 -0.265060 -31.332944
-0.258421 -0.066972 0.963708 40.496706 -0.091238 0.994827 0.044669 2.184196 -0.961714 -0.076384 -0.263194 -31.635685
-0.259688 -0.068187 0.963282 40.850006 -0.097983 0.994217 0.043962 2.201463 -0.960709 -0.082969 -0.264867 -31.926130
-0.259598 -0.066678 0.963412 41.180929 -0.094510 0.994579 0.043369 2.210344 -0.961081 -0.079794 -0.264492 -32.223500
-0.258303 -0.065626 0.963832 41.505453 -0.102196 0.993948 0.040289 2.220049 -0.960643 -0.088093 -0.263447 -32.508796
-0.259742 -0.064830 0.963500 41.843866 -0.114477 0.992776 0.035939 2.236109 -0.958869 -0.100964 -0.265287 -32.758333
-0.258269 -0.064953 0.963887 42.167930 -0.125766 0.991507 0.033115 2.245935 -0.957852 -0.112671 -0.264245 -33.038000
-0.258282 -0.061371 0.964118 42.489058 -0.121037 0.992172 0.030732 2.248899 -0.958457 -0.108757 -0.263689 -33.335037
-0.256474 -0.057744 0.964825 42.789611 -0.112526 0.993210 0.029530 2.254793 -0.959979 -0.100994 -0.261230 -33.634963
-0.256828 -0.058663 0.964675 43.111273 -0.124119 0.991892 0.027273 2.260836 -0.958454 -0.112729 -0.262027 -33.856685
-0.256445 -0.056775 0.964890 43.397084 -0.114409 0.993038 0.028024 2.269699 -0.959764 -0.103206 -0.261156 -34.124963
-0.255066 -0.060455 0.965032 43.740205 -0.112087 0.993164 0.032591 2.274003 -0.960405 -0.099854 -0.260099 -34.419093
-0.253738 -0.064889 0.965094 44.042638 -0.107579 0.993450 0.038512 2.278269 -0.961272 -0.094052 -0.259056 -34.689389
-0.251497 -0.065116 0.965665 44.341549 -0.106909 0.993498 0.039149 2.287790 -0.961936 -0.093392 -0.256823 -34.942019
-0.246512 -0.062010 0.967154 44.695498 -0.108430 0.993450 0.036059 2.291305 -0.963055 -0.095979 -0.251622 -35.251741
-0.241781 -0.059305 0.968517 44.789350 -0.112308 0.993133 0.032775 2.299223 -0.963810 -0.100848 -0.246781 -35.358389
-0.234442 -0.058234 0.970384 45.104715 -0.113707 0.992995 0.032120 2.311607 -0.965457 -0.102809 -0.239421 -35.607426
-0.224904 -0.060890 0.972477 45.419886 -0.113399 0.992899 0.035943 2.323193 -0.967760 -0.102194 -0.230212 -35.859370
-0.214203 -0.062758 0.974771 45.739766 -0.107803 0.993356 0.040265 2.326208 -0.970822 -0.096459 -0.219545 -36.094500
-0.201395 -0.058818 0.977743 46.037635 -0.102190 0.994010 0.038748 2.335960 -0.974165 -0.092112 -0.206199 -36.298463
-0.188175 -0.058241 0.980407 46.354172 -0.102244 0.993978 0.039423 2.345157 -0.976799 -0.092822 -0.192997 -36.500574
-0.175486 -0.057056 0.982827 46.556456 -0.099401 0.994244 0.039971 2.352002 -0.979451 -0.090679 -0.180147 -36.631000
-0.162754 -0.055843 0.985085 46.859305 -0.098636 0.994317 0.040069 2.359772 -0.981724 -0.090644 -0.167337 -36.797204
-0.149171 -0.048900 0.987602 47.114444 -0.098886 0.994507 0.034306 2.365298 -0.983854 -0.092542 -0.153187 -36.925130
-0.135664 -0.036950 0.990066 47.410866 -0.106660 0.994041 0.022483 2.382924 -0.984997 -0.102550 -0.138796 -37.047759
-0.122380 -0.029622 0.992041 47.702369 -0.105735 0.994255 0.016645 2.384282 -0.986835 -0.102857 -0.124809 -37.150815
-0.109521 -0.028324 0.993581 47.990740 -0.105742 0.994254 0.016687 2.390026 -0.988344 -0.103235 -0.111887 -37.250704
-0.097657 -0.029995 0.994768 48.279515 -0.107384 0.994028 0.019431 2.396998 -0.989410 -0.104925 -0.100295 -37.330611
-0.086941 -0.031729 0.995708 48.567281 -0.110919 0.993586 0.021976 2.400004 -0.990019 -0.108533 -0.089903 -37.395648
-0.078766 -0.027035 0.996526 48.876399 -0.113541 0.993371 0.017975 2.396833 -0.990406 -0.111731 -0.081313 -37.451444
-0.072767 -0.019542 0.997158 49.175284 -0.117014 0.993070 0.010923 2.400117 -0.990461 -0.115886 -0.074549 -37.504185
-0.069443 -0.014802 0.997476 49.449911 -0.117769 0.993020 0.006537 2.407959 -0.990610 -0.117018 -0.070701 -37.555185
-0.070215 -0.019147 0.997348 49.745313 -0.121030 0.992593 0.010535 2.408579 -0.990162 -0.119969 -0.072012 -37.598037
-0.072127 -0.023173 0.997127 50.042713 -0.125951 0.991938 0.013942 2.406716 -0.989411 -0.124584 -0.074464 -37.654111
-0.075303 -0.026241 0.996816 50.348893 -0.126555 0.991822 0.016549 2.407309 -0.989097 -0.124905 -0.078008 -37.725833
-0.066280 -0.022853 0.997539 50.672612 -0.114353 0.993325 0.015158 2.410174 -0.991227 -0.113067 -0.068451 -37.966611
-0.047924 -0.024309 0.998555 51.010916 -0.103022 0.994493 0.019265 2.395994 -0.993524 -0.101950 -0.050164 -38.326241
-0.052143 -0.020557 0.998428 51.272536 -0.100393 0.994831 0.015240 2.409923 -0.993581 -0.099441 -0.053937 -38.357241
-0.057638 -0.021392 0.998108 51.581216 -0.103539 0.994507 0.015336 2.410643 -0.992954 -0.102459 -0.059536 -38.417852
-0.063326 -0.021416 0.997763 51.883627 -0.102229 0.994650 0.014861 2.416915 -0.992743 -0.101059 -0.065176 -38.478204
-0.069531 -0.023635 0.997300 52.186448 -0.102069 0.994641 0.016456 2.419180 -0.992344 -0.100649 -0.071571 -38.549426
-0.075428 -0.023420 0.996876 52.488702 -0.102283 0.994633 0.015628 2.420573 -0.991892 -0.100784 -0.077419 -38.620130
-0.081444 -0.020540 0.996466 52.739073 -0.104215 0.994483 0.011981 2.425212 -0.991215 -0.102871 -0.083135 -38.671111
-0.086012 -0.018715 0.996118 53.033692 -0.106969 0.994217 0.009443 2.422630 -0.990535 -0.105742 -0.087516 -38.739741
-0.089083 -0.016450 0.995888 53.336221 -0.107927 0.994136 0.006767 2.423226 -0.990160 -0.106880 -0.090336 -38.820556
-0.090977 -0.013906 0.995756 53.616222 -0.104227 0.994544 0.004366 2.423484 -0.990384 -0.103387 -0.091930 -38.898204
-0.090955 -0.014559 0.995749 53.893415 -0.102677 0.994701 0.005165 2.424573 -0.990548 -0.101771 -0.091968 -38.982537
-0.087997 -0.018294 0.995953 54.184086 -0.100566 0.994886 0.009388 2.421621 -0.991031 -0.099333 -0.089387 -39.060222
-0.080846 -0.017415 0.996575 54.460890 -0.099599 0.994984 0.009307 2.422108 -0.991738 -0.098505 -0.082175 -39.123852
-0.070820 -0.016847 0.997347 54.729378 -0.099056 0.995034 0.009775 2.418030 -0.992559 -0.098101 -0.072137 -39.171500
-0.056452 -0.015694 0.998282 55.005480 -0.098316 0.995104 0.010084 2.420335 -0.993553 -0.097578 -0.057718 -39.224037
-0.042371 -0.018194 0.998936 55.282878 -0.099100 0.994980 0.013918 2.421146 -0.994175 -0.098405 -0.043962 -39.241352
-0.026132 -0.023688 0.999378 55.555902 -0.102149 0.994549 0.020902 2.418745 -0.994426 -0.101540 -0.028409 -39.237315
-0.009532 -0.030601 0.999486 55.830114 -0.101386 0.994410 0.029478 2.420430 -0.994802 -0.101053 -0.012581 -39.232574
0.007017 -0.037641 0.999267 56.091366 -0.101723 0.994081 0.038160 2.423513 -0.994788 -0.101916 0.003147 -39.211556
0.025340 -0.044056 0.998708 56.333610 -0.100430 0.993862 0.046390 2.428667 -0.994621 -0.101476 0.020760 -39.193944
0.041444 -0.050682 0.997855 56.608956 -0.103533 0.993119 0.054741 2.435189 -0.993762 -0.105580 0.035911 -39.122981
0.058906 -0.052750 0.996869 56.866806 -0.101399 0.993122 0.058543 2.443010 -0.993100 -0.104530 0.053152 -39.053796
0.075620 -0.054927 0.995623 57.148038 -0.097101 0.993331 0.062175 2.455228 -0.992398 -0.101377 0.069782 -38.957315
0.093022 -0.056676 0.994050 57.416148 -0.096031 0.993213 0.065615 2.465597 -0.991022 -0.101563 0.086948 -38.855722
0.109807 -0.057893 0.992266 57.672162 -0.097725 0.992837 0.068741 2.478581 -0.989137 -0.104517 0.103363 -38.744926
0.123788 -0.059932 0.990497 57.891996 -0.097899 0.992567 0.072292 2.492726 -0.987468 -0.105917 0.117001 -38.636389
0.135475 -0.063261 0.988759 58.101354 -0.093907 0.992647 0.076376 2.505003 -0.986320 -0.103198 0.128538 -38.534074
0.146048 -0.066395 0.987047 58.365306 -0.090580 0.992657 0.080175 2.515879 -0.985122 -0.101116 0.138962 -38.382426
0.155003 -0.059941 0.986094 58.596210 -0.097335 0.992375 0.075623 2.536475 -0.983107 -0.107703 0.147987 -38.231796
0.163674 -0.053203 0.985079 58.822200 -0.100464 0.992454 0.070293 2.547233 -0.981386 -0.110471 0.157094 -38.077093
0.172512 -0.044269 0.984012 59.055480 -0.098076 0.993253 0.061879 2.560521 -0.980113 -0.107183 0.167007 -37.913907
0.179344 -0.036790 0.983098 59.258628 -0.095003 0.993982 0.054528 2.573854 -0.979189 -0.103177 0.174770 -37.767037
0.184917 -0.037269 0.982047 59.490018 -0.094748 0.993950 0.055561 2.592718 -0.978176 -0.103321 0.180267 -37.590074
0.190572 -0.044892 0.980646 59.733882 -0.095382 0.993380 0.064011 2.605654 -0.977028 -0.105735 0.185029 -37.396241
0.195937 -0.056020 0.979015 59.956200 -0.098579 0.992184 0.076503 2.615501 -0.975649 -0.111500 0.188884 -37.242389
0.197782 -0.061394 0.978321 60.159726 -0.100964 0.991453 0.082629 2.630449 -0.975032 -0.115118 0.189893 -37.079611
0.198651 -0.064081 0.977973 60.365628 -0.095248 0.991874 0.084339 2.638941 -0.975431 -0.109904 0.190933 -36.946593
0.199647 -0.062650 0.977863 60.553494 -0.091886 0.992359 0.082339 2.645383 -0.975550 -0.106291 0.192364 -36.813056
0.201909 -0.062413 0.977414 60.707610 -0.088462 0.992726 0.081665 2.657769 -0.975401 -0.102953 0.194919 -36.780648
0.205750 -0.066661 0.976332 60.804324 -0.086673 0.992515 0.086031 2.656864 -0.974759 -0.102323 0.198432 -36.833537
0.209569 -0.069820 0.975298 60.872850 -0.086390 0.992224 0.089596 2.657164 -0.973970 -0.103033 0.201908 -36.903222
0.214942 -0.076421 0.973632 61.019514 -0.084614 0.991728 0.096521 2.660751 -0.972955 -0.103130 0.206698 -36.880315
0.221257 -0.080549 0.971884 61.143606 -0.079017 0.991826 0.100190 2.665439 -0.972009 -0.098963 0.213083 -36.880519
0.229228 -0.081199 0.969980 61.266024 -0.078498 0.991726 0.101570 2.676154 -0.970202 -0.099425 0.220958 -36.894278
0.240838 -0.087500 0.966613 61.451190 -0.071060 0.991665 0.107473 2.682520 -0.967961 -0.094571 0.232613 -36.874148
0.254619 -0.090776 0.962772 61.638894 -0.062657 0.991944 0.110097 2.694773 -0.965010 -0.088357 0.246880 -36.871111
0.266619 -0.090845 0.959511 61.854894 -0.059515 0.992096 0.110467 2.714146 -0.961963 -0.086558 0.259105 -36.660204
0.277860 -0.085612 0.956799 62.058366 -0.060921 0.992445 0.106493 2.737421 -0.958688 -0.087879 0.270545 -36.442852
0.290629 -0.081542 0.953355 62.256762 -0.060808 0.992774 0.103451 2.759325 -0.954902 -0.088038 0.283571 -36.273315
0.301736 -0.082445 0.949820 62.469900 -0.058423 0.992783 0.104734 2.779453 -0.951600 -0.087094 0.294742 -36.002963
0.311479 -0.083031 0.946619 62.621154 -0.056686 0.992778 0.105732 2.802125 -0.948561 -0.086593 0.304522 -35.809426
0.324488 -0.085507 0.942017 62.818740 -0.055467 0.992472 0.109193 2.818819 -0.944262 -0.087683 0.317302 -35.571241
0.336501 -0.086559 0.937697 63.064224 -0.055633 0.992200 0.111555 2.840793 -0.940038 -0.089705 0.329061 -35.261796
0.347926 -0.086733 0.933502 63.315054 -0.059688 0.991642 0.114381 2.867412 -0.935620 -0.095515 0.339841 -34.962704
0.354843 -0.087567 0.930816 63.507672 -0.063152 0.991085 0.117312 2.883766 -0.932790 -0.100410 0.346150 -34.646389
0.359551 -0.089088 0.928863 63.700776 -0.063389 0.990801 0.119566 2.908549 -0.930970 -0.101870 0.350596 -34.375074
0.362599 -0.092812 0.927312 63.988218 -0.059805 0.990660 0.122538 2.940177 -0.930024 -0.099890 0.353662 -34.002704
0.363197 -0.092270 0.927132 64.291320 -0.054894 0.991236 0.120155 2.971929 -0.930094 -0.094534 0.354949 -33.604296
0.360997 -0.090183 0.928196 64.331712 -0.055985 0.991422 0.118099 2.980260 -0.930885 -0.094598 0.352852 -33.501370
0.360094 -0.089664 0.928597 64.525086 -0.049514 0.992131 0.114999 3.006069 -0.931601 -0.087389 0.352820 -33.260463
0.357651 -0.090817 0.929429 64.736442 -0.049561 0.992012 0.116003 3.031525 -0.932539 -0.087552 0.350293 -32.940759
0.356424 -0.097655 0.929207 64.976472 -0.044991 0.991575 0.121468 3.054049 -0.933241 -0.085100 0.349027 -32.639296
0.354448 -0.100925 0.929613 65.229408 -0.042570 0.991386 0.123862 3.085737 -0.934106 -0.083476 0.347098 -32.257185
0.352580 -0.105947 0.929765 65.541852 -0.038026 0.991128 0.127359 3.119602 -0.935009 -0.080259 0.345423 -31.869685
0.351670 -0.104742 0.930246 65.780586 -0.041806 0.990972 0.127384 3.147581 -0.935190 -0.083687 0.344116 -31.548870
0.350364 -0.104420 0.930775 66.016620 -0.044795 0.990761 0.128011 3.175050 -0.935542 -0.086544 0.342450 -31.230130
0.349908 -0.104508 0.930936 66.260754 -0.040363 0.991153 0.126440 3.205285 -0.935914 -0.081818 0.342594 -30.958315
0.349120 -0.100528 0.931670 66.508830 -0.041900 0.991560 0.122691 3.232081 -0.936141 -0.081871 0.341961 -30.644241
0.345049 -0.094754 0.933790 66.807288 -0.039017 0.992583 0.115137 3.280302 -0.937774 -0.076161 0.338792 -29.947500
0.342896 -0.093412 0.934717 67.122594 -0.039700 0.992713 0.113772 3.320402 -0.938534 -0.076121 0.336689 -29.517019
0.341834 -0.094148 0.935033 67.395024 -0.042498 0.992402 0.115461 3.350898 -0.938799 -0.079205 0.335236 -29.175981
0.339856 -0.095333 0.935633 67.661136 -0.048728 0.991728 0.118748 3.379191 -0.939214 -0.085949 0.332400 -28.781759
0.336789 -0.094683 0.936807 67.915368 -0.049595 0.991766 0.118068 3.403815 -0.940273 -0.086225 0.329321 -28.397685
0.332237 -0.094256 0.938475 68.187636 -0.050575 0.991782 0.117515 3.434389 -0.941839 -0.086507 0.324740 -28.054241
0.326029 -0.092917 0.940782 68.468004 -0.057895 0.991328 0.117973 3.463154 -0.943585 -0.092929 0.317823 -27.706296
0.316247 -0.093785 0.944030 68.763438 -0.056125 0.991509 0.117304 3.492944 -0.947015 -0.090080 0.308298 -27.348241
0.305806 -0.093292 0.947512 69.030360 -0.053397 0.991941 0.114900 3.517961 -0.950595 -0.085732 0.298360 -27.048963
0.295259 -0.089628 0.951204 69.308892 -0.056478 0.992212 0.111023 3.546746 -0.953746 -0.086503 0.287898 -26.750167
0.284075 -0.090229 0.954547 69.583590 -0.057069 0.992206 0.110773 3.575633 -0.957102 -0.085943 0.276712 -26.455556
0.272666 -0.098330 0.957071 69.843276 -0.053097 0.991710 0.117016 3.600785 -0.960643 -0.082724 0.265184 -26.199963
0.264367 -0.107559 0.958406 70.131258 -0.048645 0.991009 0.124636 3.626140 -0.963195 -0.079571 0.256758 -25.942037
0.257106 -0.113119 0.959740 70.411788 -0.049172 0.990308 0.129894 3.655866 -0.965131 -0.080589 0.249052 -25.687019
0.252146 -0.114739 0.960863 70.700688 -0.054073 0.989724 0.132375 3.689749 -0.966177 -0.085335 0.243351 -25.397611
0.248669 -0.116994 0.961497 70.986024 -0.055307 0.989344 0.134686 3.722884 -0.967008 -0.086670 0.239548 -25.117148
0.247405 -0.118271 0.961667 71.287938 -0.054175 0.989281 0.135604 3.759299 -0.967396 -0.085647 0.238346 -24.865019
0.247932 -0.114718 0.961961 71.534394 -0.056300 0.989580 0.132522 3.787880 -0.967140 -0.087015 0.238890 -24.656722
0.246040 -0.112744 0.962680 71.850294 -0.059667 0.989566 0.131142 3.830264 -0.967421 -0.089707 0.236746 -24.351426
0.245257 -0.113238 0.962822 72.151074 -0.064357 0.989062 0.132718 3.865236 -0.967319 -0.094514 0.235287 -24.036630
0.246416 -0.115032 0.962313 72.454824 -0.066958 0.988538 0.135313 3.898839 -0.966848 -0.097778 0.235889 -23.754741
0.248750 -0.116348 0.961554 72.690372 -0.062383 0.988773 0.135780 3.927552 -0.966557 -0.093760 0.238699 -23.565315
0.249174 -0.118634 0.961165 72.983700 -0.058599 0.988803 0.137237 3.959327 -0.966684 -0.090519 0.239433 -23.302389
0.252038 -0.119841 0.960268 73.308996 -0.055216 0.988905 0.137907 4.000849 -0.966141 -0.087780 0.242624 -23.017093
0.253781 -0.122139 0.959519 73.649304 -0.059799 0.988117 0.141595 4.043793 -0.965411 -0.093313 0.243462 -22.659222
0.260321 -0.125704 0.957304 73.878642 -0.059117 0.987553 0.145752 4.072375 -0.963711 -0.094535 0.249650 -22.465093
0.264748 -0.130188 0.955489 74.175858 -0.060033 0.986698 0.151075 4.109885 -0.962447 -0.097358 0.253411 -22.173278
0.269577 -0.129146 0.954279 74.412000 -0.058975 0.986892 0.150220 4.145730 -0.961171 -0.096774 0.258427 -21.958926
0.273607 -0.125130 0.953668 74.706624 -0.067470 0.986562 0.148803 4.184010 -0.959472 -0.105057 0.261488 -21.639926
0.278369 -0.119223 0.953046 74.811816 -0.072175 0.986864 0.144535 4.202690 -0.957759 -0.109020 0.266107 -21.551167
0.283389 -0.119691 0.951507 74.920410 -0.067535 0.987227 0.144298 4.213508 -0.956624 -0.105153 0.271686 -21.512426
0.288317 -0.119386 0.950063 75.030786 -0.069099 0.987016 0.144999 4.229514 -0.955039 -0.107454 0.276324 -21.461037
0.293901 -0.118638 0.948445 75.160224 -0.067677 0.987194 0.144457 4.242120 -0.953437 -0.106644 0.282108 -21.407074
0.299494 -0.117773 0.946801 75.310776 -0.067151 0.987289 0.144051 4.258617 -0.951732 -0.106721 0.287779 -21.323870
0.303524 -0.119069 0.945355 75.349872 -0.062712 0.987514 0.144513 4.261905 -0.950758 -0.103148 0.292267 -21.292759
0.306754 -0.120758 0.944097 75.389670 -0.060506 0.987438 0.145961 4.268944 -0.949864 -0.101898 0.295594 -21.247556
0.310511 -0.122259 0.942675 75.450798 -0.053968 0.987827 0.145892 4.274202 -0.949037 -0.096176 0.300133 -21.234944
0.314545 -0.122268 0.941335 75.514626 -0.048709 0.988284 0.144643 4.280099 -0.947992 -0.091348 0.304905 -21.213722
0.317977 -0.122047 0.940210 75.566034 -0.049397 0.988201 0.144982 4.281756 -0.946811 -0.092544 0.308196 -21.180926
0.322456 -0.121285 0.938782 75.610476 -0.052877 0.987901 0.145794 4.289324 -0.945106 -0.096652 0.312142 -21.148019
0.326988 -0.122557 0.937048 75.648492 -0.054933 0.987414 0.148314 4.289748 -0.943431 -0.099971 0.316140 -21.155130
0.330263 -0.121733 0.936006 75.699792 -0.049648 0.988035 0.146018 4.289132 -0.942582 -0.094695 0.320268 -21.141296
0.333454 -0.118399 0.935302 75.753198 -0.043732 0.989072 0.140797 4.290306 -0.941751 -0.087852 0.324632 -21.100741
0.337409 -0.113147 0.934533 75.806550 -0.046682 0.989518 0.136658 4.296416 -0.940200 -0.089735 0.328591 -21.062685
0.341755 -0.114805 0.932751 75.860388 -0.048829 0.989001 0.139619 4.306881 -0.938520 -0.093261 0.332390 -21.017685
0.343465 -0.127900 0.930416 75.897918 -0.041690 0.987630 0.151155 4.308427 -0.938240 -0.090706 0.333884 -21.031074
0.345737 -0.142416 0.927461 75.936690 -0.029934 0.986238 0.162600 4.312451 -0.937854 -0.083979 0.336716 -21.112833
0.348024 -0.151697 0.925131 75.980808 -0.025969 0.984883 0.171264 4.319707 -0.937126 -0.083628 0.338823 -21.166352
0.350291 -0.155115 0.923708 76.019634 -0.023239 0.984449 0.174128 4.322205 -0.936353 -0.082461 0.341239 -21.210148
0.351982 -0.154399 0.923185 76.072338 -0.020856 0.984763 0.172649 4.321496 -0.935775 -0.080023 0.343398 -21.155704
0.355675 -0.153149 0.921977 76.158252 -0.012634 0.985605 0.168593 4.330860 -0.934524 -0.071612 0.348620 -21.159852
0.359829 -0.148659 0.921099 76.223970 -0.009929 0.986559 0.163103 4.342748 -0.932965 -0.067835 0.353517 -21.176185
0.364309 -0.148518 0.919359 76.535712 -0.010998 0.986447 0.163713 4.381301 -0.931213 -0.069753 0.357738 -20.722741
0.369913 -0.149147 0.917017 76.681296 -0.004851 0.986707 0.162438 4.399075 -0.929054 -0.064536 0.364272 -20.684352
0.374043 -0.150509 0.915117 76.790538 0.000017 0.986744 0.162283 4.418710 -0.927412 -0.060685 0.369087 -20.622185
0.377490 -0.157776 0.912474 77.079492 0.001637 0.985490 0.169723 4.455731 -0.926012 -0.062575 0.372271 -20.214333
0.379200 -0.161759 0.911066 77.173668 0.004183 0.984891 0.173126 4.475698 -0.925305 -0.061838 0.374148 -20.142130
0.382412 -0.166976 0.908780 77.460840 0.006506 0.983998 0.178059 4.525192 -0.923969 -0.062179 0.377379 -19.749111
0.384625 -0.171263 0.907046 77.737536 0.009528 0.983322 0.181625 4.578521 -0.923024 -0.061215 0.379842 -19.358796
0.386536 -0.178539 0.904828 78.005160 0.011378 0.981932 0.188892 4.624352 -0.922204 -0.062718 0.381584 -18.989574
0.389275 -0.179401 0.903482 78.094800 0.010807 0.981672 0.190271 4.637903 -0.921058 -0.064304 0.384079 -19.001963
0.393025 -0.168748 0.903911 78.351138 0.003641 0.983295 0.181984 4.683343 -0.919521 -0.068233 0.387074 -18.645685
0.393783 -0.156511 0.905781 78.564276 -0.001104 0.985317 0.170734 4.712662 -0.919203 -0.068232 0.387828 -18.352663
0.395060 -0.149410 0.906424 78.818346 -0.000245 0.986668 0.162744 4.758682 -0.918655 -0.064516 0.389757 -17.980489
0.394312 -0.151339 0.906429 79.073388 -0.002051 0.986199 0.165549 4.801534 -0.918974 -0.067137 0.388560 -17.598293
0.394151 -0.156624 0.905601 79.336098 -0.003074 0.985141 0.171718 4.843086 -0.919040 -0.070466 0.387813 -17.173524
0.397613 -0.155286 0.904318 79.418016 -0.003397 0.985319 0.170689 4.858105 -0.917547 -0.070940 0.391248 -17.217796
0.396975 -0.158081 0.904113 79.612416 0.002544 0.985242 0.171149 4.887033 -0.917826 -0.065642 0.391519 -16.917769
